GROUP_ID,GROUP_NAME,TEAM_ID,SEASON
203932-203999-1627750-1629008-1631128,A. Gordon - N. Jokić - J. Murray - M. Porter Jr. - C. Braun,1610612743,2024-25
201566-203999-1627750-1629008-1631128,R. Westbrook - N. Jokić - J. Murray - M. Porter Jr. - C. Braun,1610612743,2024-25
203999-1627750-1629008-1631128-1631212,N. Jokić - J. Murray - M. Porter Jr. - C. Braun - P. Watson,1610612743,2024-25
201566-203932-203999-1629008-1631128,R. Westbrook - A. Gordon - N. Jokić - M. Porter Jr. - C. Braun,1610612743,2024-25
201566-203999-1629008-1631128-1631212,R. Westbrook - N. Jokić - M. Porter Jr. - C. Braun - P. Watson,1610612743,2024-25
201566-203932-203999-1627750-1629008,R. Westbrook - A. Gordon - N. Jokić - J. Murray - M. Porter Jr.,1610612743,2024-25
201566-203999-1629008-1631124-1631128,R. Westbrook - N. Jokić - M. Porter Jr. - J. Strawther - C. Braun,1610612743,2024-25
203932-203999-1627750-1631124-1631128,A. Gordon - N. Jokić - J. Murray - J. Strawther - C. Braun,1610612743,2024-25
203932-203999-1629008-1629618-1631128,A. Gordon - N. Jokić - M. Porter Jr. - J. Pickett - C. Braun,1610612743,2024-25
201566-203932-203999-1631128-1631212,R. Westbrook - A. Gordon - N. Jokić - C. Braun - P. Watson,1610612743,2024-25
201566-203999-1627750-1629008-1631212,R. Westbrook - N. Jokić - J. Murray - M. Porter Jr. - P. Watson,1610612743,2024-25
201566-203999-1631124-1631128-1631212,R. Westbrook - N. Jokić - J. Strawther - C. Braun - P. Watson,1610612743,2024-25
201566-203932-203999-1627750-1631128,R. Westbrook - A. Gordon - N. Jokić - J. Murray - C. Braun,1610612743,2024-25
203999-1627750-1629008-1630192-1631128,N. Jokić - J. Murray - M. Porter Jr. - Z. Nnaji - C. Braun,1610612743,2024-25
203932-203999-1629008-1631128-1631212,A. Gordon - N. Jokić - M. Porter Jr. - C. Braun - P. Watson,1610612743,2024-25
203932-203999-1627750-1631124-1631212,A. Gordon - N. Jokić - J. Murray - J. Strawther - P. Watson,1610612743,2024-25
203999-1627750-1631124-1631128-1631212,N. Jokić - J. Murray - J. Strawther - C. Braun - P. Watson,1610612743,2024-25
201566-203999-1627750-1631124-1631212,R. Westbrook - N. Jokić - J. Murray - J. Strawther - P. Watson,1610612743,2024-25
201566-203999-1629008-1631124-1631212,R. Westbrook - N. Jokić - M. Porter Jr. - J. Strawther - P. Watson,1610612743,2024-25
201566-203999-1627750-1631128-1631212,R. Westbrook - N. Jokić - J. Murray - C. Braun - P. Watson,1610612743,2024-25
203999-1627750-1629618-1630192-1631128,N. Jokić - J. Murray - J. Pickett - Z. Nnaji - C. Braun,1610612743,2024-25
203932-203999-1629618-1631128-1631212,A. Gordon - N. Jokić - J. Pickett - C. Braun - P. Watson,1610612743,2024-25
203932-203999-1629008-1631124-1631128,A. Gordon - N. Jokić - M. Porter Jr. - J. Strawther - C. Braun,1610612743,2024-25
203999-1627750-1629008-1631124-1631128,N. Jokić - J. Murray - M. Porter Jr. - J. Strawther - C. Braun,1610612743,2024-25
201566-203932-203999-1631124-1631128,R. Westbrook - A. Gordon - N. Jokić - J. Strawther - C. Braun,1610612743,2024-25
203999-1629008-1631124-1631128-1631212,N. Jokić - M. Porter Jr. - J. Strawther - C. Braun - P. Watson,1610612743,2024-25
203999-1627750-1630192-1631124-1631128,N. Jokić - J. Murray - Z. Nnaji - J. Strawther - C. Braun,1610612743,2024-25
203999-1629618-1630192-1631124-1631128,N. Jokić - J. Pickett - Z. Nnaji - J. Strawther - C. Braun,1610612743,2024-25
201566-203932-203999-1631124-1631212,R. Westbrook - A. Gordon - N. Jokić - J. Strawther - P. Watson,1610612743,2024-25
203999-1627750-1629008-1629618-1631128,N. Jokić - J. Murray - M. Porter Jr. - J. Pickett - C. Braun,1610612743,2024-25
201566-203999-1629618-1631128-1631212,R. Westbrook - N. Jokić - J. Pickett - C. Braun - P. Watson,1610612743,2024-25
201566-203932-203999-1629008-1631124,R. Westbrook - A. Gordon - N. Jokić - M. Porter Jr. - J. Strawther,1610612743,2024-25
201566-203999-1627750-1630192-1631128,R. Westbrook - N. Jokić - J. Murray - Z. Nnaji - C. Braun,1610612743,2024-25
201566-203999-1629008-1629618-1631212,R. Westbrook - N. Jokić - M. Porter Jr. - J. Pickett - P. Watson,1610612743,2024-25
203999-1629008-1629618-1630192-1631128,N. Jokić - M. Porter Jr. - J. Pickett - Z. Nnaji - C. Braun,1610612743,2024-25
201566-203999-1629008-1630192-1631128,R. Westbrook - N. Jokić - M. Porter Jr. - Z. Nnaji - C. Braun,1610612743,2024-25
201566-203999-1630192-1631124-1631128,R. Westbrook - N. Jokić - Z. Nnaji - J. Strawther - C. Braun,1610612743,2024-25
203999-1627750-1631124-1631212-1641816,N. Jokić - J. Murray - J. Strawther - P. Watson - H. Tyson,1610612743,2024-25
203932-203999-1627750-1631128-1631212,A. Gordon - N. Jokić - J. Murray - C. Braun - P. Watson,1610612743,2024-25
203999-1627750-1629008-1631124-1631212,N. Jokić - J. Murray - M. Porter Jr. - J. Strawther - P. Watson,1610612743,2024-25
201566-203999-1631128-1631212-1641816,R. Westbrook - N. Jokić - C. Braun - P. Watson - H. Tyson,1610612743,2024-25
203999-1629008-1629618-1630192-1631212,N. Jokić - M. Porter Jr. - J. Pickett - Z. Nnaji - P. Watson,1610612743,2024-25
201566-203999-1627750-1629008-1631124,R. Westbrook - N. Jokić - J. Murray - M. Porter Jr. - J. Strawther,1610612743,2024-25
201566-203999-1629618-1630192-1631212,R. Westbrook - N. Jokić - J. Pickett - Z. Nnaji - P. Watson,1610612743,2024-25
201566-203999-1629008-1631124-1641816,R. Westbrook - N. Jokić - M. Porter Jr. - J. Strawther - H. Tyson,1610612743,2024-25
201566-203999-1629008-1630192-1631212,R. Westbrook - N. Jokić - M. Porter Jr. - Z. Nnaji - P. Watson,1610612743,2024-25
203932-203999-1627750-1629618-1631128,A. Gordon - N. Jokić - J. Murray - J. Pickett - C. Braun,1610612743,2024-25
203999-1627750-1629618-1631128-1631212,N. Jokić - J. Murray - J. Pickett - C. Braun - P. Watson,1610612743,2024-25
203999-1629618-1631124-1631128-1631212,N. Jokić - J. Pickett - J. Strawther - C. Braun - P. Watson,1610612743,2024-25
203999-1629008-1629618-1631124-1631212,N. Jokić - M. Porter Jr. - J. Pickett - J. Strawther - P. Watson,1610612743,2024-25
201566-203999-1631124-1631128-1641816,R. Westbrook - N. Jokić - J. Strawther - C. Braun - H. Tyson,1610612743,2024-25
201566-203999-1631124-1631212-1641816,R. Westbrook - N. Jokić - J. Strawther - P. Watson - H. Tyson,1610612743,2024-25
201566-203932-203999-1627750-1631124,R. Westbrook - A. Gordon - N. Jokić - J. Murray - J. Strawther,1610612743,2024-25
201566-203999-1629008-1629618-1630192,R. Westbrook - N. Jokić - M. Porter Jr. - J. Pickett - Z. Nnaji,1610612743,2024-25
203932-203999-1629008-1631128-1641816,A. Gordon - N. Jokić - M. Porter Jr. - C. Braun - H. Tyson,1610612743,2024-25
203999-1629618-1631124-1631128-1641816,N. Jokić - J. Pickett - J. Strawther - C. Braun - H. Tyson,1610612743,2024-25
203999-1631124-1631128-1631212-1641816,N. Jokić - J. Strawther - C. Braun - P. Watson - H. Tyson,1610612743,2024-25
203999-1629008-1629618-1630192-1631124,N. Jokić - M. Porter Jr. - J. Pickett - Z. Nnaji - J. Strawther,1610612743,2024-25
201566-203932-203999-1627750-1631212,R. Westbrook - A. Gordon - N. Jokić - J. Murray - P. Watson,1610612743,2024-25
201566-203932-203999-1629618-1631128,R. Westbrook - A. Gordon - N. Jokić - J. Pickett - C. Braun,1610612743,2024-25
201566-203999-1629008-1629618-1631128,R. Westbrook - N. Jokić - M. Porter Jr. - J. Pickett - C. Braun,1610612743,2024-25
203999-1629618-1630192-1631128-1631212,N. Jokić - J. Pickett - Z. Nnaji - C. Braun - P. Watson,1610612743,2024-25
203999-1629008-1629618-1631128-1631212,N. Jokić - M. Porter Jr. - J. Pickett - C. Braun - P. Watson,1610612743,2024-25
201566-203999-1627750-1630192-1631124,R. Westbrook - N. Jokić - J. Murray - Z. Nnaji - J. Strawther,1610612743,2024-25
201566-203999-1629618-1631124-1631212,R. Westbrook - N. Jokić - J. Pickett - J. Strawther - P. Watson,1610612743,2024-25
201566-203999-1629008-1631124-1641725,R. Westbrook - N. Jokić - M. Porter Jr. - J. Strawther - T. Alexander,1610612743,2024-25
203932-203999-1627750-1631128-1641816,A. Gordon - N. Jokić - J. Murray - C. Braun - H. Tyson,1610612743,2024-25
203999-1627750-1629008-1629618-1630192,N. Jokić - J. Murray - M. Porter Jr. - J. Pickett - Z. Nnaji,1610612743,2024-25
203999-1627750-1629008-1631124-1641816,N. Jokić - J. Murray - M. Porter Jr. - J. Strawther - H. Tyson,1610612743,2024-25
203999-1629618-1631124-1631212-1641816,N. Jokić - J. Pickett - J. Strawther - P. Watson - H. Tyson,1610612743,2024-25
203999-1629618-1630192-1631128-1641816,N. Jokić - J. Pickett - Z. Nnaji - C. Braun - H. Tyson,1610612743,2024-25
203999-1629618-1630192-1631124-1641816,N. Jokić - J. Pickett - Z. Nnaji - J. Strawther - H. Tyson,1610612743,2024-25
203999-1629008-1629618-1631124-1631128,N. Jokić - M. Porter Jr. - J. Pickett - J. Strawther - C. Braun,1610612743,2024-25
201566-203932-203999-1631124-1641816,R. Westbrook - A. Gordon - N. Jokić - J. Strawther - H. Tyson,1610612743,2024-25
201566-203932-203999-1629008-1631212,R. Westbrook - A. Gordon - N. Jokić - M. Porter Jr. - P. Watson,1610612743,2024-25
201566-203999-1627750-1631124-1641816,R. Westbrook - N. Jokić - J. Murray - J. Strawther - H. Tyson,1610612743,2024-25
201566-203999-1630192-1631128-1631212,R. Westbrook - N. Jokić - Z. Nnaji - C. Braun - P. Watson,1610612743,2024-25
203932-203999-1629618-1631124-1631128,A. Gordon - N. Jokić - J. Pickett - J. Strawther - C. Braun,1610612743,2024-25
203967-203999-1629618-1631124-1631128,D. Šarić - N. Jokić - J. Pickett - J. Strawther - C. Braun,1610612743,2024-25
203999-1627750-1629618-1631124-1631212,N. Jokić - J. Murray - J. Pickett - J. Strawther - P. Watson,1610612743,2024-25
203999-1627750-1629008-1631128-1641816,N. Jokić - J. Murray - M. Porter Jr. - C. Braun - H. Tyson,1610612743,2024-25
203999-1627750-1629008-1630192-1631124,N. Jokić - J. Murray - M. Porter Jr. - Z. Nnaji - J. Strawther,1610612743,2024-25
203999-1630192-1631124-1631128-1641816,N. Jokić - Z. Nnaji - J. Strawther - C. Braun - H. Tyson,1610612743,2024-25
201566-203932-203999-1631128-1641816,R. Westbrook - A. Gordon - N. Jokić - C. Braun - H. Tyson,1610612743,2024-25
201566-203932-203999-1629618-1631212,R. Westbrook - A. Gordon - N. Jokić - J. Pickett - P. Watson,1610612743,2024-25
201566-203999-1629008-1631128-1641725,R. Westbrook - N. Jokić - M. Porter Jr. - C. Braun - T. Alexander,1610612743,2024-25
203932-203999-1629008-1629618-1631124,A. Gordon - N. Jokić - M. Porter Jr. - J. Pickett - J. Strawther,1610612743,2024-25
203967-203999-1627750-1629618-1631128,D. Šarić - N. Jokić - J. Murray - J. Pickett - C. Braun,1610612743,2024-25
203999-1627750-1629618-1631128-1641816,N. Jokić - J. Murray - J. Pickett - C. Braun - H. Tyson,1610612743,2024-25
203999-1627750-1631124-1631128-1641816,N. Jokić - J. Murray - J. Strawther - C. Braun - H. Tyson,1610612743,2024-25
203999-1629008-1630192-1631124-1631128,N. Jokić - M. Porter Jr. - Z. Nnaji - J. Strawther - C. Braun,1610612743,2024-25
201566-203999-1627750-1630192-1631212,R. Westbrook - N. Jokić - J. Murray - Z. Nnaji - P. Watson,1610612743,2024-25
201566-203999-1629618-1630192-1631128,R. Westbrook - N. Jokić - J. Pickett - Z. Nnaji - C. Braun,1610612743,2024-25
201566-203999-1629618-1630192-1642461,R. Westbrook - N. Jokić - J. Pickett - Z. Nnaji - S. Jones,1610612743,2024-25
203484-203932-203999-1627750-1629008,K. Caldwell-Pope - A. Gordon - N. Jokic - J. Murray - M. Porter Jr.,1610612743,2023-24
202704-203484-203932-203999-1629008,R. Jackson - K. Caldwell-Pope - A. Gordon - N. Jokic - M. Porter Jr.,1610612743,2023-24
202704-203484-203999-1631128-1631212,R. Jackson - K. Caldwell-Pope - N. Jokic - C. Braun - P. Watson,1610612743,2023-24
203484-203932-203999-1629008-1631128,K. Caldwell-Pope - A. Gordon - N. Jokic - M. Porter Jr. - C. Braun,1610612743,2023-24
203200-203932-203999-1627750-1629008,J. Holiday - A. Gordon - N. Jokic - J. Murray - M. Porter Jr.,1610612743,2023-24
203484-203999-1627750-1629008-1631212,K. Caldwell-Pope - N. Jokic - J. Murray - M. Porter Jr. - P. Watson,1610612743,2023-24
203484-203932-203999-1629008-1631221,K. Caldwell-Pope - A. Gordon - N. Jokic - M. Porter Jr. - C. Gillespie,1610612743,2023-24
202704-203200-203999-1631128-1631212,R. Jackson - J. Holiday - N. Jokic - C. Braun - P. Watson,1610612743,2023-24
202704-203484-203932-203999-1631128,R. Jackson - K. Caldwell-Pope - A. Gordon - N. Jokic - C. Braun,1610612743,2023-24
202704-203200-203484-203999-1629008,R. Jackson - J. Holiday - K. Caldwell-Pope - N. Jokic - M. Porter Jr.,1610612743,2023-24
202704-203200-203932-203999-1629008,R. Jackson - J. Holiday - A. Gordon - N. Jokic - M. Porter Jr.,1610612743,2023-24
203484-203999-1627750-1629008-1631128,K. Caldwell-Pope - N. Jokic - J. Murray - M. Porter Jr. - C. Braun,1610612743,2023-24
202704-203484-203999-1629008-1631212,R. Jackson - K. Caldwell-Pope - N. Jokic - M. Porter Jr. - P. Watson,1610612743,2023-24
202704-203999-1627750-1631128-1631212,R. Jackson - N. Jokic - J. Murray - C. Braun - P. Watson,1610612743,2023-24
202704-203999-1631124-1631128-1631212,R. Jackson - N. Jokic - J. Strawther - C. Braun - P. Watson,1610612743,2023-24
203932-203999-1627750-1629008-1631128,A. Gordon - N. Jokic - J. Murray - M. Porter Jr. - C. Braun,1610612743,2023-24
203484-203932-203999-1627750-1631128,K. Caldwell-Pope - A. Gordon - N. Jokic - J. Murray - C. Braun,1610612743,2023-24
202704-203999-1629008-1631128-1631212,R. Jackson - N. Jokic - M. Porter Jr. - C. Braun - P. Watson,1610612743,2023-24
202704-203484-203999-1629008-1631128,R. Jackson - K. Caldwell-Pope - N. Jokic - M. Porter Jr. - C. Braun,1610612743,2023-24
203200-203484-203999-1627750-1629008,J. Holiday - K. Caldwell-Pope - N. Jokic - J. Murray - M. Porter Jr.,1610612743,2023-24
203484-203999-1629008-1631128-1631212,K. Caldwell-Pope - N. Jokic - M. Porter Jr. - C. Braun - P. Watson,1610612743,2023-24
203999-1627750-1629008-1631128-1631212,N. Jokic - J. Murray - M. Porter Jr. - C. Braun - P. Watson,1610612743,2023-24
203484-203999-1627750-1631128-1631212,K. Caldwell-Pope - N. Jokic - J. Murray - C. Braun - P. Watson,1610612743,2023-24
202704-203932-203999-1629008-1631128,R. Jackson - A. Gordon - N. Jokic - M. Porter Jr. - C. Braun,1610612743,2023-24
203200-203484-203999-1631128-1631212,J. Holiday - K. Caldwell-Pope - N. Jokic - C. Braun - P. Watson,1610612743,2023-24
202704-203484-203932-203999-1631212,R. Jackson - K. Caldwell-Pope - A. Gordon - N. Jokic - P. Watson,1610612743,2023-24
203200-203932-203999-1627750-1631212,J. Holiday - A. Gordon - N. Jokic - J. Murray - P. Watson,1610612743,2023-24
203484-203932-203999-1629008-1629618,K. Caldwell-Pope - A. Gordon - N. Jokic - M. Porter Jr. - J. Pickett,1610612743,2023-24
202704-203999-1627750-1629008-1631212,R. Jackson - N. Jokic - J. Murray - M. Porter Jr. - P. Watson,1610612743,2023-24
203484-203932-203999-1627750-1631212,K. Caldwell-Pope - A. Gordon - N. Jokic - J. Murray - P. Watson,1610612743,2023-24
203484-203999-1631128-1631212-1631221,K. Caldwell-Pope - N. Jokic - C. Braun - P. Watson - C. Gillespie,1610612743,2023-24
203200-203484-203932-203999-1631128,J. Holiday - K. Caldwell-Pope - A. Gordon - N. Jokic - C. Braun,1610612743,2023-24
203484-203932-203999-1629008-1631124,K. Caldwell-Pope - A. Gordon - N. Jokic - M. Porter Jr. - J. Strawther,1610612743,2023-24
202704-203932-203999-1631128-1631212,R. Jackson - A. Gordon - N. Jokic - C. Braun - P. Watson,1610612743,2023-24
202704-203200-203484-203999-1631212,R. Jackson - J. Holiday - K. Caldwell-Pope - N. Jokic - P. Watson,1610612743,2023-24
203200-203932-203999-1627750-1631128,J. Holiday - A. Gordon - N. Jokic - J. Murray - C. Braun,1610612743,2023-24
202704-203200-203932-203999-1631128,R. Jackson - J. Holiday - A. Gordon - N. Jokic - C. Braun,1610612743,2023-24
203932-203999-1627750-1629008-1631212,A. Gordon - N. Jokic - J. Murray - M. Porter Jr. - P. Watson,1610612743,2023-24
203200-203932-203999-1629008-1631221,J. Holiday - A. Gordon - N. Jokic - M. Porter Jr. - C. Gillespie,1610612743,2023-24
203200-203999-1631128-1631212-1631221,J. Holiday - N. Jokic - C. Braun - P. Watson - C. Gillespie,1610612743,2023-24
203200-203999-1627750-1631128-1631212,J. Holiday - N. Jokic - J. Murray - C. Braun - P. Watson,1610612743,2023-24
203200-203999-1631124-1631128-1631212,J. Holiday - N. Jokic - J. Strawther - C. Braun - P. Watson,1610612743,2023-24
203484-203932-203999-1627750-1631124,K. Caldwell-Pope - A. Gordon - N. Jokic - J. Murray - J. Strawther,1610612743,2023-24
203484-203999-1629008-1631128-1631221,K. Caldwell-Pope - N. Jokic - M. Porter Jr. - C. Braun - C. Gillespie,1610612743,2023-24
203999-1629008-1631128-1631212-1631221,N. Jokic - M. Porter Jr. - C. Braun - P. Watson - C. Gillespie,1610612743,2023-24
203932-203999-1627750-1631128-1631212,A. Gordon - N. Jokic - J. Murray - C. Braun - P. Watson,1610612743,2023-24
203200-203932-203999-1631128-1631221,J. Holiday - A. Gordon - N. Jokic - C. Braun - C. Gillespie,1610612743,2023-24
203200-203484-203999-1629008-1631128,J. Holiday - K. Caldwell-Pope - N. Jokic - M. Porter Jr. - C. Braun,1610612743,2023-24
203484-203932-203999-1631124-1631128,K. Caldwell-Pope - A. Gordon - N. Jokic - J. Strawther - C. Braun,1610612743,2023-24
203484-203999-1631124-1631128-1631212,K. Caldwell-Pope - N. Jokic - J. Strawther - C. Braun - P. Watson,1610612743,2023-24
203484-203999-1629008-1631124-1631212,K. Caldwell-Pope - N. Jokic - M. Porter Jr. - J. Strawther - P. Watson,1610612743,2023-24
203484-203999-1629008-1631212-1631221,K. Caldwell-Pope - N. Jokic - M. Porter Jr. - P. Watson - C. Gillespie,1610612743,2023-24
202704-203932-203999-1627750-1629008,R. Jackson - A. Gordon - N. Jokic - J. Murray - M. Porter Jr.,1610612743,2023-24
202704-203932-203999-1629008-1631212,R. Jackson - A. Gordon - N. Jokic - M. Porter Jr. - P. Watson,1610612743,2023-24
202704-203200-203484-203932-203999,R. Jackson - J. Holiday - K. Caldwell-Pope - A. Gordon - N. Jokic,1610612743,2023-24
203200-203999-1631124-1631212-1631221,J. Holiday - N. Jokic - J. Strawther - P. Watson - C. Gillespie,1610612743,2023-24
203484-203932-203999-1629618-1631128,K. Caldwell-Pope - A. Gordon - N. Jokic - J. Pickett - C. Braun,1610612743,2023-24
203999-1627750-1629008-1631124-1631212,N. Jokic - J. Murray - M. Porter Jr. - J. Strawther - P. Watson,1610612743,2023-24
203999-1631124-1631128-1631212-1631221,N. Jokic - J. Strawther - C. Braun - P. Watson - C. Gillespie,1610612743,2023-24
202704-203200-203484-203999-1631128,R. Jackson - J. Holiday - K. Caldwell-Pope - N. Jokic - C. Braun,1610612743,2023-24
202704-203200-203999-1631124-1631128,R. Jackson - J. Holiday - N. Jokic - J. Strawther - C. Braun,1610612743,2023-24
202704-203484-203999-1630192-1631128,R. Jackson - K. Caldwell-Pope - N. Jokic - Z. Nnaji - C. Braun,1610612743,2023-24
203200-203484-203932-203999-1629008,J. Holiday - K. Caldwell-Pope - A. Gordon - N. Jokic - M. Porter Jr.,1610612743,2023-24
203200-203484-203999-1627750-1631212,J. Holiday - K. Caldwell-Pope - N. Jokic - J. Murray - P. Watson,1610612743,2023-24
203200-203484-203999-1629008-1631212,J. Holiday - K. Caldwell-Pope - N. Jokic - M. Porter Jr. - P. Watson,1610612743,2023-24
203200-203484-203999-1631212-1631221,J. Holiday - K. Caldwell-Pope - N. Jokic - P. Watson - C. Gillespie,1610612743,2023-24
203200-203999-1629618-1631124-1631128,J. Holiday - N. Jokic - J. Pickett - J. Strawther - C. Braun,1610612743,2023-24
203200-203999-1629008-1631128-1631212,J. Holiday - N. Jokic - M. Porter Jr. - C. Braun - P. Watson,1610612743,2023-24
203484-203932-203999-1631128-1631221,K. Caldwell-Pope - A. Gordon - N. Jokic - C. Braun - C. Gillespie,1610612743,2023-24
202704-203200-203932-203999-1627750,R. Jackson - J. Holiday - A. Gordon - N. Jokic - J. Murray,1610612743,2023-24
202704-203200-203932-203999-1631124,R. Jackson - J. Holiday - A. Gordon - N. Jokic - J. Strawther,1610612743,2023-24
202704-203200-203999-1629008-1631212,R. Jackson - J. Holiday - N. Jokic - M. Porter Jr. - P. Watson,1610612743,2023-24
202704-203484-203932-203999-1631124,R. Jackson - K. Caldwell-Pope - A. Gordon - N. Jokic - J. Strawther,1610612743,2023-24
202704-203999-1630192-1631124-1631128,R. Jackson - N. Jokic - Z. Nnaji - J. Strawther - C. Braun,1610612743,2023-24
203932-203999-1627750-1629008-1631124,A. Gordon - N. Jokic - J. Murray - M. Porter Jr. - J. Strawther,1610612743,2023-24
203932-203999-1629618-1631128-1631212,A. Gordon - N. Jokic - J. Pickett - C. Braun - P. Watson,1610612743,2023-24
203200-203932-203999-1631128-1631212,J. Holiday - A. Gordon - N. Jokic - C. Braun - P. Watson,1610612743,2023-24
203200-203999-1627750-1629008-1631128,J. Holiday - N. Jokic - J. Murray - M. Porter Jr. - C. Braun,1610612743,2023-24
203200-203999-1627750-1629008-1631212,J. Holiday - N. Jokic - J. Murray - M. Porter Jr. - P. Watson,1610612743,2023-24
203484-203932-203999-1631128-1631212,K. Caldwell-Pope - A. Gordon - N. Jokic - C. Braun - P. Watson,1610612743,2023-24
203484-203932-203999-1629008-1631212,K. Caldwell-Pope - A. Gordon - N. Jokic - M. Porter Jr. - P. Watson,1610612743,2023-24
203484-203999-1627750-1629008-1630192,K. Caldwell-Pope - N. Jokic - J. Murray - M. Porter Jr. - Z. Nnaji,1610612743,2023-24
203999-1627750-1631124-1631128-1631212,N. Jokic - J. Murray - J. Strawther - C. Braun - P. Watson,1610612743,2023-24
202704-203932-203999-1627750-1631212,R. Jackson - A. Gordon - N. Jokic - J. Murray - P. Watson,1610612743,2023-24
202704-203999-1627750-1629008-1631128,R. Jackson - N. Jokic - J. Murray - M. Porter Jr. - C. Braun,1610612743,2023-24
203932-203999-1631128-1631212-1631221,A. Gordon - N. Jokic - C. Braun - P. Watson - C. Gillespie,1610612743,2023-24
203932-203999-1627750-1631124-1631128,A. Gordon - N. Jokic - J. Murray - J. Strawther - C. Braun,1610612743,2023-24
203932-203999-1629618-1631124-1631128,A. Gordon - N. Jokic - J. Pickett - J. Strawther - C. Braun,1610612743,2023-24
203200-203484-203999-1627750-1631124,J. Holiday - K. Caldwell-Pope - N. Jokic - J. Murray - J. Strawther,1610612743,2023-24
203200-203999-1627750-1631124-1631128,J. Holiday - N. Jokic - J. Murray - J. Strawther - C. Braun,1610612743,2023-24
203484-203932-203999-1631124-1631221,K. Caldwell-Pope - A. Gordon - N. Jokic - J. Strawther - C. Gillespie,1610612743,2023-24
203484-203999-1627750-1629008-1631124,K. Caldwell-Pope - N. Jokic - J. Murray - M. Porter Jr. - J. Strawther,1610612743,2023-24
203484-203999-1627750-1630192-1631128,K. Caldwell-Pope - N. Jokic - J. Murray - Z. Nnaji - C. Braun,1610612743,2023-24
203484-203999-1629618-1630192-1631128,K. Caldwell-Pope - N. Jokic - J. Pickett - Z. Nnaji - C. Braun,1610612743,2023-24
202704-203932-203999-1627750-1631128,R. Jackson - A. Gordon - N. Jokic - J. Murray - C. Braun,1610612743,2023-24
202704-203932-203999-1631124-1631128,R. Jackson - A. Gordon - N. Jokic - J. Strawther - C. Braun,1610612743,2023-24
202704-203932-203999-1629008-1631124,R. Jackson - A. Gordon - N. Jokic - M. Porter Jr. - J. Strawther,1610612743,2023-24
202704-203200-203932-203999-1631212,R. Jackson - J. Holiday - A. Gordon - N. Jokic - P. Watson,1610612743,2023-24
202704-203200-203999-1627750-1631212,R. Jackson - J. Holiday - N. Jokic - J. Murray - P. Watson,1610612743,2023-24
202704-203200-203999-1630192-1631128,R. Jackson - J. Holiday - N. Jokic - Z. Nnaji - C. Braun,1610612743,2023-24
202704-203484-203932-203999-1627750,R. Jackson - K. Caldwell-Pope - A. Gordon - N. Jokic - J. Murray,1610612743,2023-24
202704-203484-203999-1627750-1631212,R. Jackson - K. Caldwell-Pope - N. Jokic - J. Murray - P. Watson,1610612743,2023-24
202704-203999-1629618-1631128-1631212,R. Jackson - N. Jokic - J. Pickett - C. Braun - P. Watson,1610612743,2023-24
203932-203999-1629008-1631128-1631221,A. Gordon - N. Jokic - M. Porter Jr. - C. Braun - C. Gillespie,1610612743,2023-24
203932-203999-1629008-1631124-1631128,A. Gordon - N. Jokic - M. Porter Jr. - J. Strawther - C. Braun,1610612743,2023-24
203200-203999-1627750-1629008-1631124,J. Holiday - N. Jokic - J. Murray - M. Porter Jr. - J. Strawther,1610612743,2023-24
202704-203484-203999-1629008-1630192,R. Jackson - K. Caldwell-Pope - N. Jokic - M. Porter Jr. - Z. Nnaji,1610612743,2023-24
202704-203999-1629008-1631124-1631128,R. Jackson - N. Jokic - M. Porter Jr. - J. Strawther - C. Braun,1610612743,2023-24
203484-203932-203999-1627750-1629008,K. Caldwell-Pope - A. Gordon - N. Jokic - J. Murray - M. Porter Jr.,1610612743,2022-23
203484-203932-203999-1627750-1628971,K. Caldwell-Pope - A. Gordon - N. Jokic - J. Murray - B. Brown,1610612743,2022-23
203484-203932-203999-1628971-1629008,K. Caldwell-Pope - A. Gordon - N. Jokić - B. Brown - M. Porter Jr.,1610612743,2022-23
203484-203999-1628427-1628971-1629008,K. Caldwell-Pope - N. Jokic - V. Cancar - B. Brown - M. Porter Jr.,1610612743,2022-23
203484-203999-1627750-1628427-1629008,K. Caldwell-Pope - N. Jokic - J. Murray - V. Cancar - M. Porter Jr.,1610612743,2022-23
203484-203932-203999-1628971-1631128,K. Caldwell-Pope - A. Gordon - N. Jokić - B. Brown - C. Braun,1610612743,2022-23
203932-203999-1627750-1628971-1629008,A. Gordon - N. Jokic - J. Murray - B. Brown - M. Porter Jr.,1610612743,2022-23
203484-203932-203999-1628971-1630538,K. Caldwell-Pope - A. Gordon - N. Jokic - B. Brown - B. Hyland,1610612743,2022-23
203484-203932-203999-1627750-1631128,K. Caldwell-Pope - A. Gordon - N. Jokic - J. Murray - C. Braun,1610612743,2022-23
201145-203999-1628971-1629008-1631128,J. Green - N. Jokic - B. Brown - M. Porter Jr. - C. Braun,1610612743,2022-23
201145-202704-203999-1627750-1628971,J. Green - R. Jackson - N. Jokic - J. Murray - B. Brown,1610612743,2022-23
203484-203932-203999-1628427-1628971,K. Caldwell-Pope - A. Gordon - N. Jokic - V. Cancar - B. Brown,1610612743,2022-23
203484-203999-1629008-1630192-1630538,K. Caldwell-Pope - N. Jokic - M. Porter Jr. - Z. Nnaji - B. Hyland,1610612743,2022-23
203484-203932-203999-1628432-1628971,K. Caldwell-Pope - A. Gordon - N. Jokic - D. Reed - B. Brown,1610612743,2022-23
201145-203484-203999-1628971-1631128,J. Green - K. Caldwell-Pope - N. Jokic - B. Brown - C. Braun,1610612743,2022-23
201145-203999-1628971-1630538-1631128,J. Green - N. Jokic - B. Brown - B. Hyland - C. Braun,1610612743,2022-23
203484-203932-203999-1627750-1630538,K. Caldwell-Pope - A. Gordon - N. Jokic - J. Murray - B. Hyland,1610612743,2022-23
203999-1627750-1628427-1628971-1630538,N. Jokic - J. Murray - V. Cancar - B. Brown - B. Hyland,1610612743,2022-23
201145-203484-203999-1627750-1628971,J. Green - K. Caldwell-Pope - N. Jokic - J. Murray - B. Brown,1610612743,2022-23
201145-203999-1627750-1628971-1631128,J. Green - N. Jokic - J. Murray - B. Brown - C. Braun,1610612743,2022-23
203932-203999-1627750-1629008-1631128,A. Gordon - N. Jokic - J. Murray - M. Porter Jr. - C. Braun,1610612743,2022-23
203484-203932-203999-1627750-1628427,K. Caldwell-Pope - A. Gordon - N. Jokic - J. Murray - V. Cancar,1610612743,2022-23
203484-203932-203999-1629008-1630538,K. Caldwell-Pope - A. Gordon - N. Jokic - M. Porter Jr. - B. Hyland,1610612743,2022-23
201145-203484-203999-1627750-1629008,J. Green - K. Caldwell-Pope - N. Jokic - J. Murray - M. Porter Jr.,1610612743,2022-23
201145-203484-203999-1628971-1630538,J. Green - K. Caldwell-Pope - N. Jokic - B. Brown - B. Hyland,1610612743,2022-23
203932-203999-1628971-1629008-1631128,A. Gordon - N. Jokic - B. Brown - M. Porter Jr. - C. Braun,1610612743,2022-23
201145-203484-203999-1628971-1629008,J. Green - K. Caldwell-Pope - N. Jokic - B. Brown - M. Porter Jr.,1610612743,2022-23
201145-203999-1627750-1628971-1630538,J. Green - N. Jokic - J. Murray - B. Brown - B. Hyland,1610612743,2022-23
203999-1628427-1628971-1629008-1631128,N. Jokic - V. Cancar - B. Brown - M. Porter Jr. - C. Braun,1610612743,2022-23
201145-203999-1627750-1628971-1629008,J. Green - N. Jokic - J. Murray - B. Brown - M. Porter Jr.,1610612743,2022-23
201145-202704-203484-203999-1628971,J. Green - R. Jackson - K. Caldwell-Pope - N. Jokic - B. Brown,1610612743,2022-23
203484-203932-203999-1630538-1631128,K. Caldwell-Pope - A. Gordon - N. Jokic - B. Hyland - C. Braun,1610612743,2022-23
203484-203999-1627750-1629008-1630192,K. Caldwell-Pope - N. Jokic - J. Murray - M. Porter Jr. - Z. Nnaji,1610612743,2022-23
203932-203999-1627750-1628971-1631128,A. Gordon - N. Jokic - J. Murray - B. Brown - C. Braun,1610612743,2022-23
202397-203484-203932-203999-1629008,I. Smith - K. Caldwell-Pope - A. Gordon - N. Jokic - M. Porter Jr.,1610612743,2022-23
201145-203932-203999-1627750-1628971,J. Green - A. Gordon - N. Jokic - J. Murray - B. Brown,1610612743,2022-23
203484-203999-1627750-1628971-1630192,K. Caldwell-Pope - N. Jokic - J. Murray - B. Brown - Z. Nnaji,1610612743,2022-23
201145-203999-1627750-1630538-1631128,J. Green - N. Jokic - J. Murray - B. Hyland - C. Braun,1610612743,2022-23
203484-203999-1627750-1628971-1629008,K. Caldwell-Pope - N. Jokic - J. Murray - B. Brown - M. Porter Jr.,1610612743,2022-23
203932-203999-1627750-1628971-1630538,A. Gordon - N. Jokic - J. Murray - B. Brown - B. Hyland,1610612743,2022-23
203932-203999-1627750-1629008-1630538,A. Gordon - N. Jokic - J. Murray - M. Porter Jr. - B. Hyland,1610612743,2022-23
201145-203484-203932-203999-1628971,J. Green - K. Caldwell-Pope - A. Gordon - N. Jokic - B. Brown,1610612743,2022-23
201145-203484-203999-1630538-1631128,J. Green - K. Caldwell-Pope - N. Jokic - B. Hyland - C. Braun,1610612743,2022-23
203484-203999-1627750-1628427-1628971,K. Caldwell-Pope - N. Jokic - J. Murray - V. Cancar - B. Brown,1610612743,2022-23
203484-203999-1627750-1628427-1628432,K. Caldwell-Pope - N. Jokic - J. Murray - V. Cancar - D. Reed,1610612743,2022-23
203999-1627750-1628971-1630538-1631128,N. Jokic - J. Murray - B. Brown - B. Hyland - C. Braun,1610612743,2022-23
202704-203484-203932-203999-1629008,R. Jackson - K. Caldwell-Pope - A. Gordon - N. Jokic - M. Porter Jr.,1610612743,2022-23
202397-203484-203932-203999-1627750,I. Smith - K. Caldwell-Pope - A. Gordon - N. Jokic - J. Murray,1610612743,2022-23
203484-203999-1628971-1630192-1631128,K. Caldwell-Pope - N. Jokic - B. Brown - Z. Nnaji - C. Braun,1610612743,2022-23
203999-1627750-1628427-1628971-1631128,N. Jokic - J. Murray - V. Cancar - B. Brown - C. Braun,1610612743,2022-23
203999-1628427-1628971-1629008-1630538,N. Jokic - V. Cancar - B. Brown - M. Porter Jr. - B. Hyland,1610612743,2022-23
202704-203932-203999-1627750-1629008,R. Jackson - A. Gordon - N. Jokic - J. Murray - M. Porter Jr.,1610612743,2022-23
203932-203999-1628427-1628971-1631128,A. Gordon - N. Jokic - V. Cancar - B. Brown - C. Braun,1610612743,2022-23
203932-203999-1628971-1629008-1630538,A. Gordon - N. Jokić - B. Brown - M. Porter Jr. - B. Hyland,1610612743,2022-23
201145-202397-203484-203999-1631128,J. Green - I. Smith - K. Caldwell-Pope - N. Jokic - C. Braun,1610612743,2022-23
201145-202397-203999-1628971-1631128,J. Green - I. Smith - N. Jokic - B. Brown - C. Braun,1610612743,2022-23
201145-202397-203999-1629008-1631128,J. Green - I. Smith - N. Jokic - M. Porter Jr. - C. Braun,1610612743,2022-23
203484-203999-1628427-1628971-1630538,K. Caldwell-Pope - N. Jokic - V. Cancar - B. Brown - B. Hyland,1610612743,2022-23
203999-1627750-1628427-1628971-1629008,N. Jokic - J. Murray - V. Cancar - B. Brown - M. Porter Jr.,1610612743,2022-23
203932-203999-1628971-1630538-1631128,A. Gordon - N. Jokic - B. Brown - B. Hyland - C. Braun,1610612743,2022-23
203932-203999-1627750-1628427-1628432,A. Gordon - N. Jokic - J. Murray - V. Cancar - D. Reed,1610612743,2022-23
201145-203484-203999-1628427-1630538,J. Green - K. Caldwell-Pope - N. Jokic - V. Cancar - B. Hyland,1610612743,2022-23
201145-203999-1628432-1628971-1630538,J. Green - N. Jokic - D. Reed - B. Brown - B. Hyland,1610612743,2022-23
201145-203999-1628427-1628971-1629008,J. Green - N. Jokic - V. Cancar - B. Brown - M. Porter Jr.,1610612743,2022-23
201145-202704-203484-203999-1631128,J. Green - R. Jackson - K. Caldwell-Pope - N. Jokic - C. Braun,1610612743,2022-23
203484-203999-1627750-1629008-1631128,K. Caldwell-Pope - N. Jokic - J. Murray - M. Porter Jr. - C. Braun,1610612743,2022-23
203484-203999-1627750-1628427-1630538,K. Caldwell-Pope - N. Jokic - J. Murray - V. Cancar - B. Hyland,1610612743,2022-23
203999-1628432-1630192-1630538-1631128,N. Jokic - D. Reed - Z. Nnaji - B. Hyland - C. Braun,1610612743,2022-23
203999-1627750-1628971-1630192-1630538,N. Jokic - J. Murray - B. Brown - Z. Nnaji - B. Hyland,1610612743,2022-23
202704-203484-203932-203999-1628971,R. Jackson - K. Caldwell-Pope - A. Gordon - N. Jokic - B. Brown,1610612743,2022-23
202704-203484-203999-1628427-1628971,R. Jackson - K. Caldwell-Pope - N. Jokic - V. Cancar - B. Brown,1610612743,2022-23
203932-203999-1627750-1630538-1631128,A. Gordon - N. Jokic - J. Murray - B. Hyland - C. Braun,1610612743,2022-23
203932-203999-1627750-1628427-1631128,A. Gordon - N. Jokic - J. Murray - V. Cancar - C. Braun,1610612743,2022-23
203932-203999-1628427-1628971-1630538,A. Gordon - N. Jokic - V. Cancar - B. Brown - B. Hyland,1610612743,2022-23
202397-203484-203932-203999-1631128,I. Smith - K. Caldwell-Pope - A. Gordon - N. Jokic - C. Braun,1610612743,2022-23
202397-203484-203999-1629008-1631128,I. Smith - K. Caldwell-Pope - N. Jokic - M. Porter Jr. - C. Braun,1610612743,2022-23
202397-203484-203999-1628427-1628971,I. Smith - K. Caldwell-Pope - N. Jokic - V. Cancar - B. Brown,1610612743,2022-23
202397-203484-203999-1628427-1629008,I. Smith - K. Caldwell-Pope - N. Jokic - V. Cancar - M. Porter Jr.,1610612743,2022-23
202397-203999-1628432-1628971-1630192,I. Smith - N. Jokic - D. Reed - B. Brown - Z. Nnaji,1610612743,2022-23
202397-203999-1628427-1629008-1631128,I. Smith - N. Jokic - V. Cancar - M. Porter Jr. - C. Braun,1610612743,2022-23
201145-203484-203999-1627750-1630538,J. Green - K. Caldwell-Pope - N. Jokic - J. Murray - B. Hyland,1610612743,2022-23
201145-203999-1628971-1629008-1630538,J. Green - N. Jokic - B. Brown - M. Porter Jr. - B. Hyland,1610612743,2022-23
201145-203999-1627750-1628427-1630538,J. Green - N. Jokic - J. Murray - V. Cancar - B. Hyland,1610612743,2022-23
203484-203932-203999-1627750-1628432,K. Caldwell-Pope - A. Gordon - N. Jokic - J. Murray - D. Reed,1610612743,2022-23
203484-203932-203999-1628427-1628432,K. Caldwell-Pope - A. Gordon - N. Jokic - V. Cancar - D. Reed,1610612743,2022-23
203484-203999-1628427-1628971-1630192,K. Caldwell-Pope - N. Jokic - V. Cancar - B. Brown - Z. Nnaji,1610612743,2022-23
203484-203999-1628427-1629008-1630538,K. Caldwell-Pope - N. Jokic - V. Cancar - M. Porter Jr. - B. Hyland,1610612743,2022-23
203484-203999-1630192-1630538-1631128,K. Caldwell-Pope - N. Jokic - Z. Nnaji - B. Hyland - C. Braun,1610612743,2022-23
203999-1628432-1628971-1629008-1630192,N. Jokic - D. Reed - B. Brown - M. Porter Jr. - Z. Nnaji,1610612743,2022-23
203999-1628427-1628971-1630538-1631128,N. Jokic - V. Cancar - B. Brown - B. Hyland - C. Braun,1610612743,2022-23
203999-1628427-1628432-1630538-1631128,N. Jokic - V. Cancar - D. Reed - B. Hyland - C. Braun,1610612743,2022-23
202704-203932-203999-1627750-1628971,R. Jackson - A. Gordon - N. Jokic - J. Murray - B. Brown,1610612743,2022-23
202704-203484-203999-1631128-1631212,R. Jackson - K. Caldwell-Pope - N. Jokic - C. Braun - P. Watson,1610612743,2022-23
202704-203999-1627750-1628427-1628971,R. Jackson - N. Jokic - J. Murray - V. Cancar - B. Brown,1610612743,2022-23
201145-203115-203932-203999-1628420,J. Green - W. Barton - A. Gordon - N. Jokic - M. Morris,1610612743,2021-22
203115-203932-203999-1628420-1629008,W. Barton - A. Gordon - N. Jokic - M. Morris - M. Porter Jr.,1610612743,2021-22
201145-203085-203932-203999-1628420,J. Green - A. Rivers - A. Gordon - N. Jokic - M. Morris,1610612743,2021-22
203085-203115-203932-203999-1628420,A. Rivers - W. Barton - A. Gordon - N. Jokic - M. Morris,1610612743,2021-22
201145-203115-203932-203999-1630538,J. Green - W. Barton - A. Gordon - N. Jokic - B. Hyland,1610612743,2021-22
203115-203932-203999-1628420-1630538,W. Barton - A. Gordon - N. Jokic - M. Morris - B. Hyland,1610612743,2021-22
203115-203210-203932-203999-1628420,W. Barton - J. Green - A. Gordon - N. Jokic - M. Morris,1610612743,2021-22
201145-203115-203999-1628420-1628432,J. Green - W. Barton - N. Jokic - M. Morris - D. Reed,1610612743,2021-22
203085-203115-203932-203999-1630267,A. Rivers - W. Barton - A. Gordon - N. Jokic - F. Campazzo,1610612743,2021-22
201145-203085-203115-203999-1628420,J. Green - A. Rivers - W. Barton - N. Jokic - M. Morris,1610612743,2021-22
201145-203932-203999-1628420-1630267,J. Green - A. Gordon - N. Jokic - M. Morris - F. Campazzo,1610612743,2021-22
201145-203932-203999-1628420-1628432,J. Green - A. Gordon - N. Jokic - M. Morris - D. Reed,1610612743,2021-22
203115-203932-203999-1628408-1628420,W. Barton - A. Gordon - N. Jokic - P. Dozier - M. Morris,1610612743,2021-22
203115-203932-203999-1627854-1628420,W. Barton - A. Gordon - N. Jokic - B. Forbes - M. Morris,1610612743,2021-22
203115-203932-203999-1628420-1630267,W. Barton - A. Gordon - N. Jokic - M. Morris - F. Campazzo,1610612743,2021-22
203085-203210-203932-203999-1628420,A. Rivers - J. Green - A. Gordon - N. Jokic - M. Morris,1610612743,2021-22
201145-203085-203115-203999-1630267,J. Green - A. Rivers - W. Barton - N. Jokic - F. Campazzo,1610612743,2021-22
203085-203932-203999-1628420-1628432,A. Rivers - A. Gordon - N. Jokic - M. Morris - D. Reed,1610612743,2021-22
203085-203210-203999-1627854-1630538,A. Rivers - J. Green - N. Jokic - B. Forbes - B. Hyland,1610612743,2021-22
203932-203999-1628420-1630192-1630267,A. Gordon - N. Jokic - M. Morris - Z. Nnaji - F. Campazzo,1610612743,2021-22
203085-203932-203999-1627854-1628420,A. Rivers - A. Gordon - N. Jokic - B. Forbes - M. Morris,1610612743,2021-22
203085-203210-203932-203999-1630538,A. Rivers - J. Green - A. Gordon - N. Jokic - B. Hyland,1610612743,2021-22
201145-203932-203999-1628420-1630538,J. Green - A. Gordon - N. Jokic - M. Morris - B. Hyland,1610612743,2021-22
203932-203999-1628420-1629008-1630538,A. Gordon - N. Jokic - M. Morris - M. Porter Jr. - B. Hyland,1610612743,2021-22
203085-203210-203999-1628432-1630538,A. Rivers - J. Green - N. Jokic - D. Reed - B. Hyland,1610612743,2021-22
203085-203115-203999-1628420-1628432,A. Rivers - W. Barton - N. Jokic - M. Morris - D. Reed,1610612743,2021-22
203115-203932-203999-1630192-1630267,W. Barton - A. Gordon - N. Jokic - Z. Nnaji - F. Campazzo,1610612743,2021-22
201145-203115-203999-1628420-1628427,J. Green - W. Barton - N. Jokic - M. Morris - V. Cancar,1610612743,2021-22
203085-203932-203999-1628420-1630267,A. Rivers - A. Gordon - N. Jokic - M. Morris - F. Campazzo,1610612743,2021-22
203085-203115-203932-203999-1630538,A. Rivers - W. Barton - A. Gordon - N. Jokic - B. Hyland,1610612743,2021-22
201145-203932-203999-1628408-1628420,J. Green - A. Gordon - N. Jokic - P. Dozier - M. Morris,1610612743,2021-22
201145-203115-203999-1628420-1630538,J. Green - W. Barton - N. Jokic - M. Morris - B. Hyland,1610612743,2021-22
201145-203115-203999-1628420-1630267,J. Green - W. Barton - N. Jokic - M. Morris - F. Campazzo,1610612743,2021-22
203115-203932-203999-1630267-1630538,W. Barton - A. Gordon - N. Jokic - F. Campazzo - B. Hyland,1610612743,2021-22
203210-203932-203999-1628408-1630538,J. Green - A. Gordon - N. Jokic - P. Dozier - B. Hyland,1610612743,2021-22
201145-203085-203115-203999-1630538,J. Green - A. Rivers - W. Barton - N. Jokic - B. Hyland,1610612743,2021-22
203115-203932-203999-1628420-1628432,W. Barton - A. Gordon - N. Jokic - M. Morris - D. Reed,1610612743,2021-22
201145-203999-1628408-1629008-1630267,J. Green - N. Jokic - P. Dozier - M. Porter Jr. - F. Campazzo,1610612743,2021-22
201145-203115-203999-1628420-1630192,J. Green - W. Barton - N. Jokic - M. Morris - Z. Nnaji,1610612743,2021-22
203085-203999-1630192-1630267-1630538,A. Rivers - N. Jokic - Z. Nnaji - F. Campazzo - B. Hyland,1610612743,2021-22
203085-203115-203210-203999-1630538,A. Rivers - W. Barton - J. Green - N. Jokic - B. Hyland,1610612743,2021-22
203932-203999-1628432-1630267-1630538,A. Gordon - N. Jokic - D. Reed - F. Campazzo - B. Hyland,1610612743,2021-22
203085-203932-203999-1628432-1630267,A. Rivers - A. Gordon - N. Jokic - D. Reed - F. Campazzo,1610612743,2021-22
203085-203932-203999-1628420-1630192,A. Rivers - A. Gordon - N. Jokic - M. Morris - Z. Nnaji,1610612743,2021-22
203085-203115-203210-203999-1628420,A. Rivers - W. Barton - J. Green - N. Jokic - M. Morris,1610612743,2021-22
201145-203085-203999-1628408-1630267,J. Green - A. Rivers - N. Jokic - P. Dozier - F. Campazzo,1610612743,2021-22
203999-1628432-1630192-1630267-1630538,N. Jokic - D. Reed - Z. Nnaji - F. Campazzo - B. Hyland,1610612743,2021-22
203932-203999-1627854-1630192-1630267,A. Gordon - N. Jokic - B. Forbes - Z. Nnaji - F. Campazzo,1610612743,2021-22
203932-203999-1628420-1630267-1630538,A. Gordon - N. Jokic - M. Morris - F. Campazzo - B. Hyland,1610612743,2021-22
203932-203999-1628408-1628420-1629008,A. Gordon - N. Jokic - P. Dozier - M. Morris - M. Porter Jr.,1610612743,2021-22
203932-203999-1630192-1630267-1630538,A. Gordon - N. Jokic - Z. Nnaji - F. Campazzo - B. Hyland,1610612743,2021-22
203085-203932-203999-1627854-1630538,A. Rivers - A. Gordon - N. Jokic - B. Forbes - B. Hyland,1610612743,2021-22
203085-203932-203999-1628432-1630538,A. Rivers - A. Gordon - N. Jokic - D. Reed - B. Hyland,1610612743,2021-22
203085-203210-203999-1628420-1630538,A. Rivers - J. Green - N. Jokic - M. Morris - B. Hyland,1610612743,2021-22
203085-203999-1628427-1630267-1630538,A. Rivers - N. Jokic - V. Cancar - F. Campazzo - B. Hyland,1610612743,2021-22
201145-203115-203932-203999-1630267,J. Green - W. Barton - A. Gordon - N. Jokic - F. Campazzo,1610612743,2021-22
203115-203932-203999-1628420-1630192,W. Barton - A. Gordon - N. Jokic - M. Morris - Z. Nnaji,1610612743,2021-22
203115-203210-203999-1628420-1630538,W. Barton - J. Green - N. Jokic - M. Morris - B. Hyland,1610612743,2021-22
203115-203999-1628420-1628432-1630192,W. Barton - N. Jokic - M. Morris - D. Reed - Z. Nnaji,1610612743,2021-22
203085-203115-203999-1628432-1630538,A. Rivers - W. Barton - N. Jokic - D. Reed - B. Hyland,1610612743,2021-22
201145-203085-203999-1628408-1628420,J. Green - A. Rivers - N. Jokic - P. Dozier - M. Morris,1610612743,2021-22
201145-203999-1628408-1630267-1630538,J. Green - N. Jokic - P. Dozier - F. Campazzo - B. Hyland,1610612743,2021-22
203115-203932-203999-1628432-1630267,W. Barton - A. Gordon - N. Jokic - D. Reed - F. Campazzo,1610612743,2021-22
203115-203932-203999-1628408-1630538,W. Barton - A. Gordon - N. Jokic - P. Dozier - B. Hyland,1610612743,2021-22
203115-203210-203932-203999-1630538,W. Barton - J. Green - A. Gordon - N. Jokic - B. Hyland,1610612743,2021-22
203115-203999-1627854-1628420-1630192,W. Barton - N. Jokic - B. Forbes - M. Morris - Z. Nnaji,1610612743,2021-22
203115-203999-1628432-1630267-1630538,W. Barton - N. Jokic - D. Reed - F. Campazzo - B. Hyland,1610612743,2021-22
203932-203999-1627854-1628420-1630538,A. Gordon - N. Jokic - B. Forbes - M. Morris - B. Hyland,1610612743,2021-22
203932-203999-1627854-1628420-1630192,A. Gordon - N. Jokic - B. Forbes - M. Morris - Z. Nnaji,1610612743,2021-22
203932-203999-1628408-1629008-1630267,A. Gordon - N. Jokic - P. Dozier - M. Porter Jr. - F. Campazzo,1610612743,2021-22
203932-203999-1630192-1630210-1630267,A. Gordon - N. Jokic - Z. Nnaji - M. Howard - F. Campazzo,1610612743,2021-22
203085-203932-203999-1628408-1630538,A. Rivers - A. Gordon - N. Jokic - P. Dozier - B. Hyland,1610612743,2021-22
203085-203932-203999-1628408-1628420,A. Rivers - A. Gordon - N. Jokic - P. Dozier - M. Morris,1610612743,2021-22
203085-203210-203932-203999-1630267,A. Rivers - J. Green - A. Gordon - N. Jokic - F. Campazzo,1610612743,2021-22
203085-203210-203999-1627854-1630267,A. Rivers - J. Green - N. Jokic - B. Forbes - F. Campazzo,1610612743,2021-22
203085-203999-1627854-1630192-1630538,A. Rivers - N. Jokic - B. Forbes - Z. Nnaji - B. Hyland,1610612743,2021-22
203085-203115-203999-1630192-1630267,A. Rivers - W. Barton - N. Jokic - Z. Nnaji - F. Campazzo,1610612743,2021-22
202326-203085-203999-1628432-1630538,D. Cousins - A. Rivers - N. Jokic - D. Reed - B. Hyland,1610612743,2021-22
203210-203932-203999-1627854-1630538,J. Green - A. Gordon - N. Jokic - B. Forbes - B. Hyland,1610612743,2021-22
201145-203932-203999-1628420-1630210,J. Green - A. Gordon - N. Jokic - M. Morris - M. Howard,1610612743,2021-22
201145-203085-203999-1628420-1628432,J. Green - A. Rivers - N. Jokic - M. Morris - D. Reed,1610612743,2021-22
203210-203999-1627854-1628432-1630538,J. Green - N. Jokic - B. Forbes - D. Reed - B. Hyland,1610612743,2021-22
203999-1628427-1630192-1630267-1630538,N. Jokic - V. Cancar - Z. Nnaji - F. Campazzo - B. Hyland,1610612743,2021-22
203999-1628427-1630192-1630210-1630267,N. Jokic - V. Cancar - Z. Nnaji - M. Howard - F. Campazzo,1610612743,2021-22
203999-1630192-1630210-1630267-1630538,N. Jokic - Z. Nnaji - M. Howard - F. Campazzo - B. Hyland,1610612743,2021-22
203115-203932-203999-1627854-1630538,W. Barton - A. Gordon - N. Jokic - B. Forbes - B. Hyland,1610612743,2021-22
203115-203932-203999-1627854-1630267,W. Barton - A. Gordon - N. Jokic - B. Forbes - F. Campazzo,1610612743,2021-22
203115-203932-203999-1628432-1630538,W. Barton - A. Gordon - N. Jokic - D. Reed - B. Hyland,1610612743,2021-22
203115-203932-203999-1628408-1630267,W. Barton - A. Gordon - N. Jokic - P. Dozier - F. Campazzo,1610612743,2021-22
203115-203210-203999-1628432-1630538,W. Barton - J. Green - N. Jokic - D. Reed - B. Hyland,1610612743,2021-22
203115-203999-1628432-1630192-1630538,W. Barton - N. Jokic - D. Reed - Z. Nnaji - B. Hyland,1610612743,2021-22
203115-203999-1628420-1628427-1630267,W. Barton - N. Jokic - M. Morris - V. Cancar - F. Campazzo,1610612743,2021-22
203932-203999-1628420-1630210-1630267,A. Gordon - N. Jokic - M. Morris - M. Howard - F. Campazzo,1610612743,2021-22
203085-203932-203999-1628420-1630538,A. Rivers - A. Gordon - N. Jokic - M. Morris - B. Hyland,1610612743,2021-22
203085-203932-203999-1630192-1630267,A. Rivers - A. Gordon - N. Jokic - Z. Nnaji - F. Campazzo,1610612743,2021-22
203085-203999-1627854-1630267-1630538,A. Rivers - N. Jokic - B. Forbes - F. Campazzo - B. Hyland,1610612743,2021-22
203085-203999-1627854-1630192-1630267,A. Rivers - N. Jokic - B. Forbes - Z. Nnaji - F. Campazzo,1610612743,2021-22
203085-203999-1628420-1628432-1630538,A. Rivers - N. Jokic - M. Morris - D. Reed - B. Hyland,1610612743,2021-22
203085-203115-203210-203999-1630267,A. Rivers - W. Barton - J. Green - N. Jokic - F. Campazzo,1610612743,2021-22
203085-203115-203999-1629626-1630267,A. Rivers - W. Barton - N. Jokic - B. Bol - F. Campazzo,1610612743,2021-22
203085-203115-203999-1628408-1630538,A. Rivers - W. Barton - N. Jokic - P. Dozier - B. Hyland,1610612743,2021-22
203210-203932-203999-1627854-1628420,J. Green - A. Gordon - N. Jokic - B. Forbes - M. Morris,1610612743,2021-22
201145-203085-203932-203999-1630538,J. Green - A. Rivers - A. Gordon - N. Jokic - B. Hyland,1610612743,2021-22
201145-203085-203210-203999-1630267,J. Green - A. Rivers - J. Green - N. Jokic - F. Campazzo,1610612743,2021-22
201145-203085-203999-1630267-1630538,J. Green - A. Rivers - N. Jokic - F. Campazzo - B. Hyland,1610612743,2021-22
201145-203085-203115-203999-1628432,J. Green - A. Rivers - W. Barton - N. Jokic - D. Reed,1610612743,2021-22
201145-203115-203999-1630267-1630538,J. Green - W. Barton - N. Jokic - F. Campazzo - B. Hyland,1610612743,2021-22
201145-203115-203999-1628420-1629008,J. Green - W. Barton - N. Jokic - M. Morris - M. Porter Jr.,1610612743,2021-22
203999-1627854-1630192-1630267-1630538,N. Jokic - B. Forbes - Z. Nnaji - F. Campazzo - B. Hyland,1610612743,2021-22
203999-1628432-1629626-1629730-1630267,N. Jokic - D. Reed - B. Bol - R. Tucker - F. Campazzo,1610612743,2021-22
203999-1628427-1628432-1629626-1630538,N. Jokic - V. Cancar - D. Reed - B. Bol - B. Hyland,1610612743,2021-22
203999-1628427-1628432-1630267-1630538,N. Jokic - V. Cancar - D. Reed - F. Campazzo - B. Hyland,1610612743,2021-22
203115-203999-1628427-1628432-1630538,W. Barton - N. Jokic - V. Cancar - D. Reed - B. Hyland,1610612743,2021-22
200794-203115-203914-203999-1627750,P. Millsap - W. Barton - G. Harris - N. Jokic - J. Murray,1610612743,2020-21
200794-203115-203999-1627750-1629008,P. Millsap - W. Barton - N. Jokic - J. Murray - M. Porter Jr.,1610612743,2020-21
203115-203999-1627750-1628420-1629008,W. Barton - N. Jokic - J. Murray - M. Morris - M. Porter Jr.,1610612743,2020-21
203932-203999-1628408-1629008-1630267,A. Gordon - N. Jokic - P. Dozier - M. Porter Jr. - F. Campazzo,1610612743,2020-21
203115-203932-203999-1627750-1629008,W. Barton - A. Gordon - N. Jokic - J. Murray - M. Porter Jr.,1610612743,2020-21
203115-203932-203999-1629008-1630267,W. Barton - A. Gordon - N. Jokic - M. Porter Jr. - F. Campazzo,1610612743,2020-21
203085-203932-203999-1629008-1630267,A. Rivers - A. Gordon - N. Jokic - M. Porter Jr. - F. Campazzo,1610612743,2020-21
203115-203932-203999-1628420-1629008,W. Barton - A. Gordon - N. Jokic - M. Morris - M. Porter Jr.,1610612743,2020-21
200794-203914-203999-1627750-1629008,P. Millsap - G. Harris - N. Jokic - J. Murray - M. Porter Jr.,1610612743,2020-21
203115-203999-1627750-1629008-1630267,W. Barton - N. Jokic - J. Murray - M. Porter Jr. - F. Campazzo,1610612743,2020-21
203085-203210-203999-1629008-1630267,A. Rivers - J. Green - N. Jokic - M. Porter Jr. - F. Campazzo,1610612743,2020-21
200794-203932-203999-1629008-1630267,P. Millsap - A. Gordon - N. Jokic - M. Porter Jr. - F. Campazzo,1610612743,2020-21
200794-203914-203999-1628420-1629008,P. Millsap - G. Harris - N. Jokic - M. Morris - M. Porter Jr.,1610612743,2020-21
200794-203115-203999-1627750-1628420,P. Millsap - W. Barton - N. Jokic - J. Murray - M. Morris,1610612743,2020-21
203210-203914-203999-1627750-1629008,J. Green - G. Harris - N. Jokic - J. Murray - M. Porter Jr.,1610612743,2020-21
203115-203210-203999-1628408-1630267,W. Barton - J. Green - N. Jokic - P. Dozier - F. Campazzo,1610612743,2020-21
203115-203999-1628408-1629008-1630267,W. Barton - N. Jokic - P. Dozier - M. Porter Jr. - F. Campazzo,1610612743,2020-21
203115-203999-1627750-1628408-1629008,W. Barton - N. Jokic - J. Murray - P. Dozier - M. Porter Jr.,1610612743,2020-21
200794-203115-203999-1627750-1629626,P. Millsap - W. Barton - N. Jokic - J. Murray - B. Bol,1610612743,2020-21
200794-203115-203999-1628420-1629008,P. Millsap - W. Barton - N. Jokic - M. Morris - M. Porter Jr.,1610612743,2020-21
200794-203115-203999-1627750-1628408,P. Millsap - W. Barton - N. Jokic - J. Murray - P. Dozier,1610612743,2020-21
203115-203914-203999-1627750-1628420,W. Barton - G. Harris - N. Jokic - J. Murray - M. Morris,1610612743,2020-21
203115-203999-1627750-1628408-1628420,W. Barton - N. Jokic - J. Murray - P. Dozier - M. Morris,1610612743,2020-21
203085-203999-1628427-1629008-1630210,A. Rivers - N. Jokic - V. Cancar - M. Porter Jr. - M. Howard,1610612743,2020-21
203210-203999-1627750-1629008-1630267,J. Green - N. Jokic - J. Murray - M. Porter Jr. - F. Campazzo,1610612743,2020-21
203210-203999-1628408-1628420-1630267,J. Green - N. Jokic - P. Dozier - M. Morris - F. Campazzo,1610612743,2020-21
201580-203085-203932-203999-1630267,J. McGee - A. Rivers - A. Gordon - N. Jokic - F. Campazzo,1610612743,2020-21
200794-203115-203914-203999-1628420,P. Millsap - W. Barton - G. Harris - N. Jokic - M. Morris,1610612743,2020-21
200794-203999-1627750-1628420-1629008,P. Millsap - N. Jokic - J. Murray - M. Morris - M. Porter Jr.,1610612743,2020-21
203932-203999-1628408-1628420-1629008,A. Gordon - N. Jokic - P. Dozier - M. Morris - M. Porter Jr.,1610612743,2020-21
203085-203210-203999-1627885-1629008,A. Rivers - J. Green - N. Jokic - S. Harrison - M. Porter Jr.,1610612743,2020-21
203115-203932-203999-1628408-1629008,W. Barton - A. Gordon - N. Jokic - P. Dozier - M. Porter Jr.,1610612743,2020-21
203115-203999-1628408-1628420-1629008,W. Barton - N. Jokic - P. Dozier - M. Morris - M. Porter Jr.,1610612743,2020-21
203085-203210-203999-1627885-1628408,A. Rivers - J. Green - N. Jokic - S. Harrison - P. Dozier,1610612743,2020-21
203210-203999-1627750-1628420-1629008,J. Green - N. Jokic - J. Murray - M. Morris - M. Porter Jr.,1610612743,2020-21
200794-203115-203210-203999-1627750,P. Millsap - W. Barton - J. Green - N. Jokic - J. Murray,1610612743,2020-21
203115-203210-203999-1627750-1628420,W. Barton - J. Green - N. Jokic - J. Murray - M. Morris,1610612743,2020-21
203914-203999-1627750-1628420-1629008,G. Harris - N. Jokic - J. Murray - M. Morris - M. Porter Jr.,1610612743,2020-21
203210-203999-1627750-1628408-1628420,J. Green - N. Jokic - J. Murray - P. Dozier - M. Morris,1610612743,2020-21
203999-1627750-1628420-1629008-1630267,N. Jokic - J. Murray - M. Morris - M. Porter Jr. - F. Campazzo,1610612743,2020-21
203115-203999-1627750-1629008-1630192,W. Barton - N. Jokic - J. Murray - M. Porter Jr. - Z. Nnaji,1610612743,2020-21
200794-203115-203999-1629008-1630267,P. Millsap - W. Barton - N. Jokic - M. Porter Jr. - F. Campazzo,1610612743,2020-21
203115-203999-1628420-1629008-1630267,W. Barton - N. Jokic - M. Morris - M. Porter Jr. - F. Campazzo,1610612743,2020-21
203210-203914-203999-1627750-1628420,J. Green - G. Harris - N. Jokic - J. Murray - M. Morris,1610612743,2020-21
203210-203999-1628420-1629008-1630181,J. Green - N. Jokic - M. Morris - M. Porter Jr. - R. Hampton,1610612743,2020-21
203115-203210-203914-203999-1627750,W. Barton - J. Green - G. Harris - N. Jokic - J. Murray,1610612743,2020-21
203115-203210-203999-1627750-1628408,W. Barton - J. Green - N. Jokic - J. Murray - P. Dozier,1610612743,2020-21
203210-203999-1628420-1629008-1630267,J. Green - N. Jokic - M. Morris - M. Porter Jr. - F. Campazzo,1610612743,2020-21
203210-203999-1628408-1628420-1629008,J. Green - N. Jokic - P. Dozier - M. Morris - M. Porter Jr.,1610612743,2020-21
203999-1627750-1629008-1630192-1630267,N. Jokic - J. Murray - M. Porter Jr. - Z. Nnaji - F. Campazzo,1610612743,2020-21
203115-203999-1628420-1630192-1630267,W. Barton - N. Jokic - M. Morris - Z. Nnaji - F. Campazzo,1610612743,2020-21
203085-203210-203999-1627885-1630267,A. Rivers - J. Green - N. Jokic - S. Harrison - F. Campazzo,1610612743,2020-21
203210-203914-203999-1628420-1629008,J. Green - G. Harris - N. Jokic - M. Morris - M. Porter Jr.,1610612743,2020-21
203210-203999-1627750-1628408-1630267,J. Green - N. Jokic - J. Murray - P. Dozier - F. Campazzo,1610612743,2020-21
200794-203999-1628408-1628420-1629008,P. Millsap - N. Jokic - P. Dozier - M. Morris - M. Porter Jr.,1610612743,2020-21
203115-203914-203999-1628420-1629008,W. Barton - G. Harris - N. Jokic - M. Morris - M. Porter Jr.,1610612743,2020-21
203932-203999-1627885-1629008-1630267,A. Gordon - N. Jokic - S. Harrison - M. Porter Jr. - F. Campazzo,1610612743,2020-21
203999-1627750-1628420-1630192-1630267,N. Jokic - J. Murray - M. Morris - Z. Nnaji - F. Campazzo,1610612743,2020-21
203999-1628420-1629008-1630192-1630267,N. Jokic - M. Morris - M. Porter Jr. - Z. Nnaji - F. Campazzo,1610612743,2020-21
200794-203914-203999-1627750-1628408,P. Millsap - G. Harris - N. Jokic - J. Murray - P. Dozier,1610612743,2020-21
200794-203999-1628408-1629008-1630267,P. Millsap - N. Jokic - P. Dozier - M. Porter Jr. - F. Campazzo,1610612743,2020-21
203115-203210-203999-1628420-1629008,W. Barton - J. Green - N. Jokic - M. Morris - M. Porter Jr.,1610612743,2020-21
203115-203210-203999-1629008-1630267,W. Barton - J. Green - N. Jokic - M. Porter Jr. - F. Campazzo,1610612743,2020-21
203932-203999-1627885-1628408-1629008,A. Gordon - N. Jokic - S. Harrison - P. Dozier - M. Porter Jr.,1610612743,2020-21
203914-203999-1627750-1628408-1628420,G. Harris - N. Jokic - J. Murray - P. Dozier - M. Morris,1610612743,2020-21
203210-203999-1627750-1628420-1630181,J. Green - N. Jokic - J. Murray - M. Morris - R. Hampton,1610612743,2020-21
203210-203999-1628408-1629008-1630267,J. Green - N. Jokic - P. Dozier - M. Porter Jr. - F. Campazzo,1610612743,2020-21
203999-1627750-1628408-1629008-1630267,N. Jokic - J. Murray - P. Dozier - M. Porter Jr. - F. Campazzo,1610612743,2020-21
200794-203115-203999-1628408-1630267,P. Millsap - W. Barton - N. Jokic - P. Dozier - F. Campazzo,1610612743,2020-21
203115-203914-203999-1627750-1628408,W. Barton - G. Harris - N. Jokic - J. Murray - P. Dozier,1610612743,2020-21
203115-203999-1627750-1628420-1628427,W. Barton - N. Jokic - J. Murray - M. Morris - V. Cancar,1610612743,2020-21
203085-203999-1628408-1629008-1630267,A. Rivers - N. Jokic - P. Dozier - M. Porter Jr. - F. Campazzo,1610612743,2020-21
203999-1627750-1628420-1629008-1630192,N. Jokic - J. Murray - M. Morris - M. Porter Jr. - Z. Nnaji,1610612743,2020-21
203999-1627750-1628408-1628427-1630192,N. Jokic - J. Murray - P. Dozier - V. Cancar - Z. Nnaji,1610612743,2020-21
200794-203115-203914-203999-1629008,P. Millsap - W. Barton - G. Harris - N. Jokic - M. Porter Jr.,1610612743,2020-21
203115-203210-203999-1628420-1630181,W. Barton - J. Green - N. Jokic - M. Morris - R. Hampton,1610612743,2020-21
203115-203210-203999-1628408-1629008,W. Barton - J. Green - N. Jokic - P. Dozier - M. Porter Jr.,1610612743,2020-21
203115-203999-1628420-1628427-1629008,W. Barton - N. Jokic - M. Morris - V. Cancar - M. Porter Jr.,1610612743,2020-21
203932-203999-1627750-1629008-1630267,A. Gordon - N. Jokic - J. Murray - M. Porter Jr. - F. Campazzo,1610612743,2020-21
203085-203210-203932-203999-1627885,A. Rivers - J. Green - A. Gordon - N. Jokic - S. Harrison,1610612743,2020-21
203210-203999-1627750-1628420-1630267,J. Green - N. Jokic - J. Murray - M. Morris - F. Campazzo,1610612743,2020-21
203210-203999-1630181-1630192-1630267,J. Green - N. Jokic - R. Hampton - Z. Nnaji - F. Campazzo,1610612743,2020-21
200794-203932-203999-1627885-1629008,P. Millsap - A. Gordon - N. Jokic - S. Harrison - M. Porter Jr.,1610612743,2020-21
200794-203085-203999-1627885-1629008,P. Millsap - A. Rivers - N. Jokic - S. Harrison - M. Porter Jr.,1610612743,2020-21
200794-203999-1628420-1629008-1630181,P. Millsap - N. Jokic - M. Morris - M. Porter Jr. - R. Hampton,1610612743,2020-21
200794-203115-203999-1628408-1629008,P. Millsap - W. Barton - N. Jokic - P. Dozier - M. Porter Jr.,1610612743,2020-21
203115-203932-203999-1628420-1630267,W. Barton - A. Gordon - N. Jokic - M. Morris - F. Campazzo,1610612743,2020-21
203115-203914-203999-1627750-1630267,W. Barton - G. Harris - N. Jokic - J. Murray - F. Campazzo,1610612743,2020-21
203115-203914-203999-1628420-1630267,W. Barton - G. Harris - N. Jokic - M. Morris - F. Campazzo,1610612743,2020-21
203115-203914-203999-1628408-1628420,W. Barton - G. Harris - N. Jokic - P. Dozier - M. Morris,1610612743,2020-21
203115-203210-203914-203999-1628420,W. Barton - J. Green - G. Harris - N. Jokic - M. Morris,1610612743,2020-21
203115-203210-203999-1630181-1630210,W. Barton - J. Green - N. Jokic - R. Hampton - M. Howard,1610612743,2020-21
203115-203999-1627750-1628420-1630192,W. Barton - N. Jokic - J. Murray - M. Morris - Z. Nnaji,1610612743,2020-21
203115-203999-1627750-1629008-1630181,W. Barton - N. Jokic - J. Murray - M. Porter Jr. - R. Hampton,1610612743,2020-21
203115-203999-1628408-1628420-1630267,W. Barton - N. Jokic - P. Dozier - M. Morris - F. Campazzo,1610612743,2020-21
203914-203999-1627750-1629008-1630267,G. Harris - N. Jokic - J. Murray - M. Porter Jr. - F. Campazzo,1610612743,2020-21
203210-203914-203999-1628408-1628420,J. Green - G. Harris - N. Jokic - P. Dozier - M. Morris,1610612743,2020-21
203210-203999-1627750-1628408-1629008,J. Green - N. Jokic - J. Murray - P. Dozier - M. Porter Jr.,1610612743,2020-21
203210-203999-1628408-1630192-1630267,J. Green - N. Jokic - P. Dozier - Z. Nnaji - F. Campazzo,1610612743,2020-21
203999-1628420-1629008-1630181-1630267,N. Jokic - M. Morris - M. Porter Jr. - R. Hampton - F. Campazzo,1610612743,2020-21
203999-1628408-1628420-1628427-1629008,N. Jokic - P. Dozier - M. Morris - V. Cancar - M. Porter Jr.,1610612743,2020-21
200794-203085-203932-203999-1630210,P. Millsap - A. Rivers - A. Gordon - N. Jokic - M. Howard,1610612743,2020-21
200794-203085-203932-203999-1627885,P. Millsap - A. Rivers - A. Gordon - N. Jokic - S. Harrison,1610612743,2020-21
200794-203085-203999-1629008-1630267,P. Millsap - A. Rivers - N. Jokic - M. Porter Jr. - F. Campazzo,1610612743,2020-21
200794-203914-203999-1627750-1628420,P. Millsap - G. Harris - N. Jokic - J. Murray - M. Morris,1610612743,2020-21
200794-203999-1628408-1628420-1630267,P. Millsap - N. Jokic - P. Dozier - M. Morris - F. Campazzo,1610612743,2020-21
203115-203932-203999-1628408-1630267,W. Barton - A. Gordon - N. Jokic - P. Dozier - F. Campazzo,1610612743,2020-21
203115-203914-203999-1627750-1629008,W. Barton - G. Harris - N. Jokic - J. Murray - M. Porter Jr.,1610612743,2020-21
203115-203210-203999-1628420-1630267,W. Barton - J. Green - N. Jokic - M. Morris - F. Campazzo,1610612743,2020-21
203115-203999-1628420-1629008-1630192,W. Barton - N. Jokic - M. Morris - M. Porter Jr. - Z. Nnaji,1610612743,2020-21
203115-203999-1628408-1628420-1628427,W. Barton - N. Jokic - P. Dozier - M. Morris - V. Cancar,1610612743,2020-21
203115-203999-1628408-1628427-1630192,W. Barton - N. Jokic - P. Dozier - V. Cancar - Z. Nnaji,1610612743,2020-21
203932-203999-1628420-1629008-1630267,A. Gordon - N. Jokic - M. Morris - M. Porter Jr. - F. Campazzo,1610612743,2020-21
203085-203932-203999-1628408-1629008,A. Rivers - A. Gordon - N. Jokic - P. Dozier - M. Porter Jr.,1610612743,2020-21
203085-203932-203999-1627885-1629008,A. Rivers - A. Gordon - N. Jokic - S. Harrison - M. Porter Jr.,1610612743,2020-21
203085-203932-203999-1627885-1628408,A. Rivers - A. Gordon - N. Jokic - S. Harrison - P. Dozier,1610612743,2020-21
203085-203210-203932-203999-1630267,A. Rivers - J. Green - A. Gordon - N. Jokic - F. Campazzo,1610612743,2020-21
203085-203999-1627885-1628427-1629008,A. Rivers - N. Jokic - S. Harrison - V. Cancar - M. Porter Jr.,1610612743,2020-21
203914-203999-1628408-1628420-1630267,G. Harris - N. Jokic - P. Dozier - M. Morris - F. Campazzo,1610612743,2020-21
203210-203914-203999-1627750-1630267,J. Green - G. Harris - N. Jokic - J. Murray - F. Campazzo,1610612743,2020-21
203210-203999-1627750-1630192-1630267,J. Green - N. Jokic - J. Murray - Z. Nnaji - F. Campazzo,1610612743,2020-21
203210-203999-1629008-1630181-1630267,J. Green - N. Jokic - M. Porter Jr. - R. Hampton - F. Campazzo,1610612743,2020-21
203210-203999-1627885-1628420-1629008,J. Green - N. Jokic - S. Harrison - M. Morris - M. Porter Jr.,1610612743,2020-21
203210-203999-1627885-1628420-1630192,J. Green - N. Jokic - S. Harrison - M. Morris - Z. Nnaji,1610612743,2020-21
203999-1627750-1628420-1629626-1630267,N. Jokic - J. Murray - M. Morris - B. Bol - F. Campazzo,1610612743,2020-21
203999-1627750-1630181-1630192-1630210,N. Jokic - J. Murray - R. Hampton - Z. Nnaji - M. Howard,1610612743,2020-21
203999-1627750-1628427-1629008-1630267,N. Jokic - J. Murray - V. Cancar - M. Porter Jr. - F. Campazzo,1610612743,2020-21
203999-1628420-1629626-1630181-1630267,N. Jokic - M. Morris - B. Bol - R. Hampton - F. Campazzo,1610612743,2020-21
203999-1628420-1630181-1630192-1630267,N. Jokic - M. Morris - R. Hampton - Z. Nnaji - F. Campazzo,1610612743,2020-21
203999-1629008-1630181-1630192-1630267,N. Jokic - M. Porter Jr. - R. Hampton - Z. Nnaji - F. Campazzo,1610612743,2020-21
203999-1628408-1628420-1628427-1630192,N. Jokic - P. Dozier - M. Morris - V. Cancar - Z. Nnaji,1610612743,2020-21
200794-203085-203932-203999-1630267,P. Millsap - A. Rivers - A. Gordon - N. Jokic - F. Campazzo,1610612743,2020-21
200794-203085-203932-203999-1629008,P. Millsap - A. Rivers - A. Gordon - N. Jokic - M. Porter Jr.,1610612743,2020-21
200794-203085-203999-1627885-1628408,P. Millsap - A. Rivers - N. Jokic - S. Harrison - P. Dozier,1610612743,2020-21
200794-203999-1627750-1628408-1628420,P. Millsap - N. Jokic - J. Murray - P. Dozier - M. Morris,1610612743,2020-21
200794-203999-1627750-1628408-1629008,P. Millsap - N. Jokic - J. Murray - P. Dozier - M. Porter Jr.,1610612743,2020-21
200794-203999-1628420-1629008-1630267,P. Millsap - N. Jokic - M. Morris - M. Porter Jr. - F. Campazzo,1610612743,2020-21
203115-203932-203999-1628408-1628420,W. Barton - A. Gordon - N. Jokic - P. Dozier - M. Morris,1610612743,2020-21
203115-203210-203999-1627750-1630267,W. Barton - J. Green - N. Jokic - J. Murray - F. Campazzo,1610612743,2020-21
203115-203210-203999-1627750-1629008,W. Barton - J. Green - N. Jokic - J. Murray - M. Porter Jr.,1610612743,2020-21
203115-203210-203999-1628408-1628420,W. Barton - J. Green - N. Jokic - P. Dozier - M. Morris,1610612743,2020-21
203115-203210-203999-1628408-1628427,W. Barton - J. Green - N. Jokic - P. Dozier - V. Cancar,1610612743,2020-21
203115-203999-1629008-1630192-1630267,W. Barton - N. Jokic - M. Porter Jr. - Z. Nnaji - F. Campazzo,1610612743,2020-21
200794-203115-203914-203999-1627750,P. Millsap - W. Barton - G. Harris - N. Jokic - J. Murray,1610612743,2019-20
203115-203914-203924-203999-1627750,W. Barton - G. Harris - J. Grant - N. Jokic - J. Murray,1610612743,2019-20
203115-203924-203999-1628420-1628470,W. Barton - J. Grant - N. Jokic - M. Morris - T. Craig,1610612743,2019-20
203914-203924-203999-1627750-1628470,G. Harris - J. Grant - N. Jokic - J. Murray - T. Craig,1610612743,2019-20
200794-203914-203999-1627750-1628470,P. Millsap - G. Harris - N. Jokic - J. Murray - T. Craig,1610612743,2019-20
200794-203999-1627750-1628470-1629008,P. Millsap - N. Jokic - J. Murray - T. Craig - M. Porter Jr.,1610612743,2019-20
200794-203115-203914-203999-1628420,P. Millsap - W. Barton - G. Harris - N. Jokic - M. Morris,1610612743,2019-20
203115-203914-203924-203999-1628420,W. Barton - G. Harris - J. Grant - N. Jokic - M. Morris,1610612743,2019-20
203115-203914-203924-203999-1628470,W. Barton - G. Harris - J. Grant - N. Jokic - T. Craig,1610612743,2019-20
200794-203999-1628420-1628470-1629008,P. Millsap - N. Jokic - M. Morris - T. Craig - M. Porter Jr.,1610612743,2019-20
200794-203115-203999-1627750-1628470,P. Millsap - W. Barton - N. Jokic - J. Murray - T. Craig,1610612743,2019-20
203914-203924-203999-1627750-1628420,G. Harris - J. Grant - N. Jokic - J. Murray - M. Morris,1610612743,2019-20
203914-203924-203999-1627736-1627750,G. Harris - J. Grant - N. Jokic - M. Beasley - J. Murray,1610612743,2019-20
203924-203999-1628420-1628470-1629008,J. Grant - N. Jokic - M. Morris - T. Craig - M. Porter Jr.,1610612743,2019-20
203115-203924-203999-1628420-1629008,W. Barton - J. Grant - N. Jokic - M. Morris - M. Porter Jr.,1610612743,2019-20
203115-203486-203914-203999-1627750,W. Barton - M. Plumlee - G. Harris - N. Jokic - J. Murray,1610612743,2019-20
203115-203924-203999-1627750-1629008,W. Barton - J. Grant - N. Jokic - J. Murray - M. Porter Jr.,1610612743,2019-20
200794-203924-203999-1627750-1628470,P. Millsap - J. Grant - N. Jokic - J. Murray - T. Craig,1610612743,2019-20
203914-203999-1627750-1628420-1628470,G. Harris - N. Jokic - J. Murray - M. Morris - T. Craig,1610612743,2019-20
203115-203924-203999-1627736-1628420,W. Barton - J. Grant - N. Jokic - M. Beasley - M. Morris,1610612743,2019-20
203115-203924-203999-1627750-1628470,W. Barton - J. Grant - N. Jokic - J. Murray - T. Craig,1610612743,2019-20
203924-203999-1627750-1628420-1629008,J. Grant - N. Jokic - J. Murray - M. Morris - M. Porter Jr.,1610612743,2019-20
203914-203924-203999-1627750-1629008,G. Harris - J. Grant - N. Jokic - J. Murray - M. Porter Jr.,1610612743,2019-20
200794-203115-203999-1627736-1627750,P. Millsap - W. Barton - N. Jokic - M. Beasley - J. Murray,1610612743,2019-20
203914-203924-203999-1628420-1628470,G. Harris - J. Grant - N. Jokic - M. Morris - T. Craig,1610612743,2019-20
203924-203999-1627750-1628420-1628470,J. Grant - N. Jokic - J. Murray - M. Morris - T. Craig,1610612743,2019-20
203924-203999-1627750-1628470-1629008,J. Grant - N. Jokic - J. Murray - T. Craig - M. Porter Jr.,1610612743,2019-20
203115-203486-203999-1627736-1629008,W. Barton - M. Plumlee - N. Jokic - M. Beasley - M. Porter Jr.,1610612743,2019-20
200794-203924-203999-1628420-1629008,P. Millsap - J. Grant - N. Jokic - M. Morris - M. Porter Jr.,1610612743,2019-20
203115-203924-203999-1627736-1627750,W. Barton - J. Grant - N. Jokic - M. Beasley - J. Murray,1610612743,2019-20
203115-203999-1628420-1628470-1629008,W. Barton - N. Jokic - M. Morris - T. Craig - M. Porter Jr.,1610612743,2019-20
203914-203924-203999-1627750-1627823,G. Harris - J. Grant - N. Jokic - J. Murray - J. Hernangomez,1610612743,2019-20
203914-203924-203999-1628420-1629008,G. Harris - J. Grant - N. Jokic - M. Morris - M. Porter Jr.,1610612743,2019-20
203924-203999-1627736-1628420-1628470,J. Grant - N. Jokic - M. Beasley - M. Morris - T. Craig,1610612743,2019-20
200794-203924-203999-1628420-1628470,P. Millsap - J. Grant - N. Jokic - M. Morris - T. Craig,1610612743,2019-20
203999-1627736-1628408-1628420-1629008,N. Jokic - M. Beasley - P. Dozier - M. Morris - M. Porter Jr.,1610612743,2019-20
200794-203914-203924-203999-1627750,P. Millsap - G. Harris - J. Grant - N. Jokic - J. Murray,1610612743,2019-20
200794-203914-203999-1627736-1627750,P. Millsap - G. Harris - N. Jokic - M. Beasley - J. Murray,1610612743,2019-20
203999-1627736-1627823-1628408-1629008,N. Jokic - M. Beasley - J. Hernangomez - P. Dozier - M. Porter Jr.,1610612743,2019-20
203115-203924-203999-1627750-1628420,W. Barton - J. Grant - N. Jokic - J. Murray - M. Morris,1610612743,2019-20
203924-203999-1628408-1628420-1628470,J. Grant - N. Jokic - P. Dozier - M. Morris - T. Craig,1610612743,2019-20
200794-203914-203999-1627750-1628420,P. Millsap - G. Harris - N. Jokic - J. Murray - M. Morris,1610612743,2019-20
200794-203924-203999-1628408-1628470,P. Millsap - J. Grant - N. Jokic - P. Dozier - T. Craig,1610612743,2019-20
203115-203914-203999-1627736-1627750,W. Barton - G. Harris - N. Jokic - M. Beasley - J. Murray,1610612743,2019-20
203115-203486-203999-1627750-1628420,W. Barton - M. Plumlee - N. Jokic - J. Murray - M. Morris,1610612743,2019-20
203999-1627736-1627823-1628420-1629008,N. Jokic - M. Beasley - J. Hernangomez - M. Morris - M. Porter Jr.,1610612743,2019-20
203999-1627736-1627823-1628420-1628470,N. Jokic - M. Beasley - J. Hernangomez - M. Morris - T. Craig,1610612743,2019-20
203999-1627736-1628408-1628470-1629008,N. Jokic - M. Beasley - P. Dozier - T. Craig - M. Porter Jr.,1610612743,2019-20
200794-203115-203999-1627750-1628420,P. Millsap - W. Barton - N. Jokic - J. Murray - M. Morris,1610612743,2019-20
203115-203924-203999-1627736-1628470,W. Barton - J. Grant - N. Jokic - M. Beasley - T. Craig,1610612743,2019-20
203914-203924-203999-1627823-1628420,G. Harris - J. Grant - N. Jokic - J. Hernangomez - M. Morris,1610612743,2019-20
203924-203999-1627736-1627750-1628470,J. Grant - N. Jokic - M. Beasley - J. Murray - T. Craig,1610612743,2019-20
200794-203895-203999-1628408-1628420,P. Millsap - J. McRae - N. Jokic - P. Dozier - M. Morris,1610612743,2019-20
200794-203999-1627750-1628420-1628470,P. Millsap - N. Jokic - J. Murray - M. Morris - T. Craig,1610612743,2019-20
203115-203914-203999-1627750-1627823,W. Barton - G. Harris - N. Jokic - J. Murray - J. Hernangomez,1610612743,2019-20
203115-203914-203999-1627750-1629008,W. Barton - G. Harris - N. Jokic - J. Murray - M. Porter Jr.,1610612743,2019-20
203115-203999-1627736-1628420-1628470,W. Barton - N. Jokic - M. Beasley - M. Morris - T. Craig,1610612743,2019-20
203115-203999-1627736-1628408-1629008,W. Barton - N. Jokic - M. Beasley - P. Dozier - M. Porter Jr.,1610612743,2019-20
203914-203924-203999-1627736-1628420,G. Harris - J. Grant - N. Jokic - M. Beasley - M. Morris,1610612743,2019-20
203914-203999-1627750-1628408-1628427,G. Harris - N. Jokic - J. Murray - P. Dozier - V. Cancar,1610612743,2019-20
203924-203999-1627736-1628420-1629008,J. Grant - N. Jokic - M. Beasley - M. Morris - M. Porter Jr.,1610612743,2019-20
203486-203914-203999-1627750-1628470,M. Plumlee - G. Harris - N. Jokic - J. Murray - T. Craig,1610612743,2019-20
203486-203584-203924-203999-1628408,M. Plumlee - T. Daniels - J. Grant - N. Jokic - P. Dozier,1610612743,2019-20
203999-1627736-1627823-1628408-1628470,N. Jokic - M. Beasley - J. Hernangomez - P. Dozier - T. Craig,1610612743,2019-20
203999-1627736-1628420-1628470-1629008,N. Jokic - M. Beasley - M. Morris - T. Craig - M. Porter Jr.,1610612743,2019-20
200794-203914-203999-1627750-1627823,P. Millsap - G. Harris - N. Jokic - J. Murray - J. Hernangomez,1610612743,2019-20
200794-203914-203999-1627750-1629008,P. Millsap - G. Harris - N. Jokic - J. Murray - M. Porter Jr.,1610612743,2019-20
203115-203924-203999-1628470-1629008,W. Barton - J. Grant - N. Jokic - T. Craig - M. Porter Jr.,1610612743,2019-20
203914-203999-1627736-1628420-1629008,G. Harris - N. Jokic - M. Beasley - M. Morris - M. Porter Jr.,1610612743,2019-20
203999-1627750-1628408-1628420-1628470,N. Jokic - J. Murray - P. Dozier - M. Morris - T. Craig,1610612743,2019-20
200794-203914-203999-1628420-1628470,P. Millsap - G. Harris - N. Jokic - M. Morris - T. Craig,1610612743,2019-20
200794-203999-1628408-1628470-1629008,P. Millsap - N. Jokic - P. Dozier - T. Craig - M. Porter Jr.,1610612743,2019-20
200794-203115-203914-203999-1629008,P. Millsap - W. Barton - G. Harris - N. Jokic - M. Porter Jr.,1610612743,2019-20
200794-203115-203999-1627750-1627823,P. Millsap - W. Barton - N. Jokic - J. Murray - J. Hernangomez,1610612743,2019-20
200794-203115-203999-1628420-1629008,P. Millsap - W. Barton - N. Jokic - M. Morris - M. Porter Jr.,1610612743,2019-20
203115-203914-203924-203999-1629008,W. Barton - G. Harris - J. Grant - N. Jokic - M. Porter Jr.,1610612743,2019-20
203914-203999-1627823-1628420-1629008,G. Harris - N. Jokic - J. Hernangomez - M. Morris - M. Porter Jr.,1610612743,2019-20
203914-203999-1627750-1628408-1628420,G. Harris - N. Jokic - J. Murray - P. Dozier - M. Morris,1610612743,2019-20
203924-203999-1627750-1627823-1629008,J. Grant - N. Jokic - J. Murray - J. Hernangomez - M. Porter Jr.,1610612743,2019-20
203924-203999-1627736-1627750-1627823,J. Grant - N. Jokic - M. Beasley - J. Murray - J. Hernangomez,1610612743,2019-20
203924-203999-1628420-1628470-1629626,J. Grant - N. Jokic - M. Morris - T. Craig - B. Bol,1610612743,2019-20
203924-203999-1628408-1628420-1629008,J. Grant - N. Jokic - P. Dozier - M. Morris - M. Porter Jr.,1610612743,2019-20
200794-203999-1627750-1628420-1629008,P. Millsap - N. Jokic - J. Murray - M. Morris - M. Porter Jr.,1610612743,2019-20
200794-203999-1628408-1628420-1628470,P. Millsap - N. Jokic - P. Dozier - M. Morris - T. Craig,1610612743,2019-20
200794-203115-203914-203999-1628470,P. Millsap - W. Barton - G. Harris - N. Jokic - T. Craig,1610612743,2019-20
203115-203914-203999-1627736-1628408,W. Barton - G. Harris - N. Jokic - M. Beasley - P. Dozier,1610612743,2019-20
203115-203924-203999-1627750-1627823,W. Barton - J. Grant - N. Jokic - J. Murray - J. Hernangomez,1610612743,2019-20
203115-203924-203999-1627736-1629008,W. Barton - J. Grant - N. Jokic - M. Beasley - M. Porter Jr.,1610612743,2019-20
203115-203924-203999-1627736-1628408,W. Barton - J. Grant - N. Jokic - M. Beasley - P. Dozier,1610612743,2019-20
203115-203999-1627823-1628420-1629008,W. Barton - N. Jokic - J. Hernangomez - M. Morris - M. Porter Jr.,1610612743,2019-20
203115-203999-1627823-1628420-1628470,W. Barton - N. Jokic - J. Hernangomez - M. Morris - T. Craig,1610612743,2019-20
203115-203999-1627736-1627823-1628408,W. Barton - N. Jokic - M. Beasley - J. Hernangomez - P. Dozier,1610612743,2019-20
203115-203999-1627736-1628420-1629008,W. Barton - N. Jokic - M. Beasley - M. Morris - M. Porter Jr.,1610612743,2019-20
203914-203924-203999-1627750-1628408,G. Harris - J. Grant - N. Jokic - J. Murray - P. Dozier,1610612743,2019-20
203914-203924-203999-1627736-1628408,G. Harris - J. Grant - N. Jokic - M. Beasley - P. Dozier,1610612743,2019-20
203914-203999-1628408-1628420-1628427,G. Harris - N. Jokic - P. Dozier - M. Morris - V. Cancar,1610612743,2019-20
203924-203999-1627736-1627750-1629008,J. Grant - N. Jokic - M. Beasley - J. Murray - M. Porter Jr.,1610612743,2019-20
203924-203999-1628408-1628470-1629008,J. Grant - N. Jokic - P. Dozier - T. Craig - M. Porter Jr.,1610612743,2019-20
203486-203914-203999-1627750-1629008,M. Plumlee - G. Harris - N. Jokic - J. Murray - M. Porter Jr.,1610612743,2019-20
203486-203914-203999-1628420-1628470,M. Plumlee - G. Harris - N. Jokic - M. Morris - T. Craig,1610612743,2019-20
203486-203924-203999-1628408-1628420,M. Plumlee - J. Grant - N. Jokic - P. Dozier - M. Morris,1610612743,2019-20
203486-203924-203999-1628408-1629008,M. Plumlee - J. Grant - N. Jokic - P. Dozier - M. Porter Jr.,1610612743,2019-20
203486-203999-1627736-1628420-1629008,M. Plumlee - N. Jokic - M. Beasley - M. Morris - M. Porter Jr.,1610612743,2019-20
203486-203999-1628408-1628420-1628470,M. Plumlee - N. Jokic - P. Dozier - M. Morris - T. Craig,1610612743,2019-20
203486-203584-203924-203999-1628420,M. Plumlee - T. Daniels - J. Grant - N. Jokic - M. Morris,1610612743,2019-20
203486-203584-203999-1629008-1629626,M. Plumlee - T. Daniels - N. Jokic - M. Porter Jr. - B. Bol,1610612743,2019-20
203999-1627750-1628408-1628420-1628427,N. Jokic - J. Murray - P. Dozier - M. Morris - V. Cancar,1610612743,2019-20
200794-203584-203924-203999-1629626,P. Millsap - T. Daniels - J. Grant - N. Jokic - B. Bol,1610612743,2019-20
200794-203115-203999-1628420-1628470,P. Millsap - W. Barton - N. Jokic - M. Morris - T. Craig,1610612743,2019-20
203115-203924-203999-1627823-1628420,W. Barton - J. Grant - N. Jokic - J. Hernangomez - M. Morris,1610612743,2019-20
203115-203924-203999-1628408-1629008,W. Barton - J. Grant - N. Jokic - P. Dozier - M. Porter Jr.,1610612743,2019-20
203115-203486-203999-1628420-1629008,W. Barton - M. Plumlee - N. Jokic - M. Morris - M. Porter Jr.,1610612743,2019-20
203115-203999-1627750-1627823-1628470,W. Barton - N. Jokic - J. Murray - J. Hernangomez - T. Craig,1610612743,2019-20
203115-203999-1627736-1628408-1628470,W. Barton - N. Jokic - M. Beasley - P. Dozier - T. Craig,1610612743,2019-20
200794-203115-203914-203999-1627750,P. Millsap - W. Barton - G. Harris - N. Jokic - J. Murray,1610612743,2018-19
200794-203914-203999-1627750-1628470,P. Millsap - G. Harris - N. Jokic - J. Murray - T. Craig,1610612743,2018-19
200794-203914-203999-1627750-1627823,P. Millsap - G. Harris - N. Jokic - J. Murray - J. Hernangomez,1610612743,2018-19
203486-203999-1627750-1627823-1628470,M. Plumlee - N. Jokic - J. Murray - J. Hernangomez - T. Craig,1610612743,2018-19
200794-203999-1627736-1627750-1628470,P. Millsap - N. Jokic - M. Beasley - J. Murray - T. Craig,1610612743,2018-19
200794-203115-203999-1627736-1627750,P. Millsap - W. Barton - N. Jokic - M. Beasley - J. Murray,1610612743,2018-19
200794-203999-1627750-1627823-1628470,P. Millsap - N. Jokic - J. Murray - J. Hernangomez - T. Craig,1610612743,2018-19
203115-203486-203999-1627736-1627750,W. Barton - M. Plumlee - N. Jokic - M. Beasley - J. Murray,1610612743,2018-19
200794-203914-203999-1627823-1628420,P. Millsap - G. Harris - N. Jokic - J. Hernangomez - M. Morris,1610612743,2018-19
203115-203486-203999-1627736-1628420,W. Barton - M. Plumlee - N. Jokic - M. Beasley - M. Morris,1610612743,2018-19
200794-203914-203999-1627736-1627750,P. Millsap - G. Harris - N. Jokic - M. Beasley - J. Murray,1610612743,2018-19
203115-203486-203914-203999-1628420,W. Barton - M. Plumlee - G. Harris - N. Jokic - M. Morris,1610612743,2018-19
203486-203999-1627736-1628420-1628470,M. Plumlee - N. Jokic - M. Beasley - M. Morris - T. Craig,1610612743,2018-19
203999-1626168-1627736-1627750-1628420,N. Jokic - T. Lyles - M. Beasley - J. Murray - M. Morris,1610612743,2018-19
200794-203999-1627736-1627750-1628420,P. Millsap - N. Jokic - M. Beasley - J. Murray - M. Morris,1610612743,2018-19
200794-203115-203914-203999-1628420,P. Millsap - W. Barton - G. Harris - N. Jokic - M. Morris,1610612743,2018-19
200794-203115-203999-1627736-1628420,P. Millsap - W. Barton - N. Jokic - M. Beasley - M. Morris,1610612743,2018-19
200794-203999-1627736-1627750-1627823,P. Millsap - N. Jokic - M. Beasley - J. Murray - J. Hernangomez,1610612743,2018-19
200794-203115-203914-203999-1628470,P. Millsap - W. Barton - G. Harris - N. Jokic - T. Craig,1610612743,2018-19
203999-1626168-1627736-1627823-1628420,N. Jokic - T. Lyles - M. Beasley - J. Hernangomez - M. Morris,1610612743,2018-19
203999-1626168-1627750-1627823-1628470,N. Jokic - T. Lyles - J. Murray - J. Hernangomez - T. Craig,1610612743,2018-19
200794-203914-203999-1627736-1628420,P. Millsap - G. Harris - N. Jokic - M. Beasley - M. Morris,1610612743,2018-19
200794-203914-203999-1628420-1628470,P. Millsap - G. Harris - N. Jokic - M. Morris - T. Craig,1610612743,2018-19
200794-203999-1627736-1628420-1628470,P. Millsap - N. Jokic - M. Beasley - M. Morris - T. Craig,1610612743,2018-19
203486-203999-1627736-1627750-1628420,M. Plumlee - N. Jokic - M. Beasley - J. Murray - M. Morris,1610612743,2018-19
200794-203914-203999-1627750-1628420,P. Millsap - G. Harris - N. Jokic - J. Murray - M. Morris,1610612743,2018-19
203914-203999-1626168-1627823-1628420,G. Harris - N. Jokic - T. Lyles - J. Hernangomez - M. Morris,1610612743,2018-19
203115-203486-203914-203999-1627750,W. Barton - M. Plumlee - G. Harris - N. Jokic - J. Murray,1610612743,2018-19
203486-203999-1627750-1627823-1628420,M. Plumlee - N. Jokic - J. Murray - J. Hernangomez - M. Morris,1610612743,2018-19
203999-1627736-1627750-1627823-1628420,N. Jokic - M. Beasley - J. Murray - J. Hernangomez - M. Morris,1610612743,2018-19
203115-203914-203999-1627750-1628470,W. Barton - G. Harris - N. Jokic - J. Murray - T. Craig,1610612743,2018-19
203999-1626168-1627823-1628420-1628470,N. Jokic - T. Lyles - J. Hernangomez - M. Morris - T. Craig,1610612743,2018-19
203999-1627750-1627823-1628420-1628470,N. Jokic - J. Murray - J. Hernangomez - M. Morris - T. Craig,1610612743,2018-19
203914-203999-1626168-1627736-1628420,G. Harris - N. Jokic - T. Lyles - M. Beasley - M. Morris,1610612743,2018-19
203999-1626168-1627736-1627750-1627823,N. Jokic - T. Lyles - M. Beasley - J. Murray - J. Hernangomez,1610612743,2018-19
203486-203999-1627750-1628420-1628470,M. Plumlee - N. Jokic - J. Murray - M. Morris - T. Craig,1610612743,2018-19
203486-203999-1627736-1627750-1628470,M. Plumlee - N. Jokic - M. Beasley - J. Murray - T. Craig,1610612743,2018-19
203486-203914-203999-1627736-1628420,M. Plumlee - G. Harris - N. Jokic - M. Beasley - M. Morris,1610612743,2018-19
203486-203999-1627736-1627750-1627823,M. Plumlee - N. Jokic - M. Beasley - J. Murray - J. Hernangomez,1610612743,2018-19
203999-1627736-1627823-1628420-1628470,N. Jokic - M. Beasley - J. Hernangomez - M. Morris - T. Craig,1610612743,2018-19
203999-1627736-1627750-1627823-1628470,N. Jokic - M. Beasley - J. Murray - J. Hernangomez - T. Craig,1610612743,2018-19
203914-203999-1627750-1627823-1628420,G. Harris - N. Jokic - J. Murray - J. Hernangomez - M. Morris,1610612743,2018-19
203999-1627736-1627750-1628420-1628470,N. Jokic - M. Beasley - J. Murray - M. Morris - T. Craig,1610612743,2018-19
203999-1626168-1627736-1627750-1628470,N. Jokic - T. Lyles - M. Beasley - J. Murray - T. Craig,1610612743,2018-19
203914-203999-1626168-1628420-1628470,G. Harris - N. Jokic - T. Lyles - M. Morris - T. Craig,1610612743,2018-19
203486-203914-203999-1627750-1628470,M. Plumlee - G. Harris - N. Jokic - J. Murray - T. Craig,1610612743,2018-19
203999-1626168-1627750-1628420-1628470,N. Jokic - T. Lyles - J. Murray - M. Morris - T. Craig,1610612743,2018-19
200794-203999-1627750-1627823-1628420,P. Millsap - N. Jokic - J. Murray - J. Hernangomez - M. Morris,1610612743,2018-19
202738-203999-1627736-1628420-1628470,I. Thomas - N. Jokic - M. Beasley - M. Morris - T. Craig,1610612743,2018-19
203486-203999-1627736-1627823-1628420,M. Plumlee - N. Jokic - M. Beasley - J. Hernangomez - M. Morris,1610612743,2018-19
203115-203486-203999-1627750-1628420,W. Barton - M. Plumlee - N. Jokic - J. Murray - M. Morris,1610612743,2018-19
203115-203486-203999-1628420-1628470,W. Barton - M. Plumlee - N. Jokic - M. Morris - T. Craig,1610612743,2018-19
203115-203999-1626168-1627736-1628420,W. Barton - N. Jokic - T. Lyles - M. Beasley - M. Morris,1610612743,2018-19
203914-203999-1626168-1627750-1627823,G. Harris - N. Jokic - T. Lyles - J. Murray - J. Hernangomez,1610612743,2018-19
203486-203914-203999-1627736-1627750,M. Plumlee - G. Harris - N. Jokic - M. Beasley - J. Murray,1610612743,2018-19
203486-203999-1627823-1628420-1628470,M. Plumlee - N. Jokic - J. Hernangomez - M. Morris - T. Craig,1610612743,2018-19
203999-1626168-1627736-1628420-1628470,N. Jokic - T. Lyles - M. Beasley - M. Morris - T. Craig,1610612743,2018-19
200794-203999-1627750-1628420-1628470,P. Millsap - N. Jokic - J. Murray - M. Morris - T. Craig,1610612743,2018-19
200794-203115-203914-203999-1627736,P. Millsap - W. Barton - G. Harris - N. Jokic - M. Beasley,1610612743,2018-19
203486-203914-203999-1628420-1628470,M. Plumlee - G. Harris - N. Jokic - M. Morris - T. Craig,1610612743,2018-19
203115-203999-1627736-1628420-1628470,W. Barton - N. Jokic - M. Beasley - M. Morris - T. Craig,1610612743,2018-19
203914-203999-1627736-1628420-1628470,G. Harris - N. Jokic - M. Beasley - M. Morris - T. Craig,1610612743,2018-19
202738-203914-203999-1628420-1628470,I. Thomas - G. Harris - N. Jokic - M. Morris - T. Craig,1610612743,2018-19
203486-203914-203999-1627750-1627823,M. Plumlee - G. Harris - N. Jokic - J. Murray - J. Hernangomez,1610612743,2018-19
203999-1626168-1627736-1628420-1629164,N. Jokic - T. Lyles - M. Beasley - M. Morris - B. Goodwin,1610612743,2018-19
200794-202738-203914-203999-1628420,P. Millsap - I. Thomas - G. Harris - N. Jokic - M. Morris,1610612743,2018-19
203115-203999-1627736-1627750-1628470,W. Barton - N. Jokic - M. Beasley - J. Murray - T. Craig,1610612743,2018-19
203914-203999-1627736-1627750-1628470,G. Harris - N. Jokic - M. Beasley - J. Murray - T. Craig,1610612743,2018-19
203914-203999-1626168-1627736-1627750,G. Harris - N. Jokic - T. Lyles - M. Beasley - J. Murray,1610612743,2018-19
202738-203914-203999-1627823-1628420,I. Thomas - G. Harris - N. Jokic - J. Hernangomez - M. Morris,1610612743,2018-19
202738-203999-1627736-1627823-1628420,I. Thomas - N. Jokic - M. Beasley - J. Hernangomez - M. Morris,1610612743,2018-19
203999-1626168-1627750-1627823-1628420,N. Jokic - T. Lyles - J. Murray - J. Hernangomez - M. Morris,1610612743,2018-19
200794-203115-203999-1627750-1628420,P. Millsap - W. Barton - N. Jokic - J. Murray - M. Morris,1610612743,2018-19
200794-203115-203999-1627736-1628470,P. Millsap - W. Barton - N. Jokic - M. Beasley - T. Craig,1610612743,2018-19
203115-203914-203999-1628420-1628470,W. Barton - G. Harris - N. Jokic - M. Morris - T. Craig,1610612743,2018-19
203115-203914-203999-1626168-1627750,W. Barton - G. Harris - N. Jokic - T. Lyles - J. Murray,1610612743,2018-19
203115-203486-203999-1627736-1628470,W. Barton - M. Plumlee - N. Jokic - M. Beasley - T. Craig,1610612743,2018-19
203914-203999-1627736-1627750-1627823,G. Harris - N. Jokic - M. Beasley - J. Murray - J. Hernangomez,1610612743,2018-19
203914-203999-1626168-1627750-1628420,G. Harris - N. Jokic - T. Lyles - J. Murray - M. Morris,1610612743,2018-19
203914-203999-1626168-1627750-1628470,G. Harris - N. Jokic - T. Lyles - J. Murray - T. Craig,1610612743,2018-19
203914-203999-1626168-1627736-1627823,G. Harris - N. Jokic - T. Lyles - M. Beasley - J. Hernangomez,1610612743,2018-19
202738-203486-203999-1627736-1628420,I. Thomas - M. Plumlee - N. Jokic - M. Beasley - M. Morris,1610612743,2018-19
203486-203914-203999-1627750-1628420,M. Plumlee - G. Harris - N. Jokic - J. Murray - M. Morris,1610612743,2018-19
201156-203999-1626168-1627736-1628420,N. Young - N. Jokic - T. Lyles - M. Beasley - M. Morris,1610612743,2018-19
200794-203999-1627823-1628420-1628470,P. Millsap - N. Jokic - J. Hernangomez - M. Morris - T. Craig,1610612743,2018-19
200794-203115-203999-1628420-1628470,P. Millsap - W. Barton - N. Jokic - M. Morris - T. Craig,1610612743,2018-19
203115-203914-203999-1627750-1628420,W. Barton - G. Harris - N. Jokic - J. Murray - M. Morris,1610612743,2018-19
203115-203486-203914-203999-1628470,W. Barton - M. Plumlee - G. Harris - N. Jokic - T. Craig,1610612743,2018-19
203115-203999-1626168-1627736-1627750,W. Barton - N. Jokic - T. Lyles - M. Beasley - J. Murray,1610612743,2018-19
203914-203999-1627750-1627823-1628470,G. Harris - N. Jokic - J. Murray - J. Hernangomez - T. Craig,1610612743,2018-19
203914-203999-1627736-1627823-1628420,G. Harris - N. Jokic - M. Beasley - J. Hernangomez - M. Morris,1610612743,2018-19
203914-203999-1627736-1627750-1628420,G. Harris - N. Jokic - M. Beasley - J. Murray - M. Morris,1610612743,2018-19
202738-203115-203999-1627750-1627823,I. Thomas - W. Barton - N. Jokic - J. Murray - J. Hernangomez,1610612743,2018-19
200794-203999-1627736-1627823-1628420,P. Millsap - N. Jokic - M. Beasley - J. Hernangomez - M. Morris,1610612743,2018-19
203115-203914-203999-1626168-1628420,W. Barton - G. Harris - N. Jokic - T. Lyles - M. Morris,1610612743,2018-19
203115-203486-203999-1627823-1628420,W. Barton - M. Plumlee - N. Jokic - J. Hernangomez - M. Morris,1610612743,2018-19
203115-203999-1627736-1627823-1628420,W. Barton - N. Jokic - M. Beasley - J. Hernangomez - M. Morris,1610612743,2018-19
203115-203999-1627736-1627750-1627823,W. Barton - N. Jokic - M. Beasley - J. Murray - J. Hernangomez,1610612743,2018-19
203115-203999-1626168-1627823-1628470,W. Barton - N. Jokic - T. Lyles - J. Hernangomez - T. Craig,1610612743,2018-19
203115-203999-1626168-1628420-1628470,W. Barton - N. Jokic - T. Lyles - M. Morris - T. Craig,1610612743,2018-19
202738-203914-203999-1627750-1627823,I. Thomas - G. Harris - N. Jokic - J. Murray - J. Hernangomez,1610612743,2018-19
202738-203115-203999-1626168-1628420,I. Thomas - W. Barton - N. Jokic - T. Lyles - M. Morris,1610612743,2018-19
200794-203914-203999-1627823-1628470,P. Millsap - G. Harris - N. Jokic - J. Hernangomez - T. Craig,1610612743,2018-19
200794-202738-203914-203999-1627750,P. Millsap - I. Thomas - G. Harris - N. Jokic - J. Murray,1610612743,2018-19
200794-203115-203999-1627750-1628470,P. Millsap - W. Barton - N. Jokic - J. Murray - T. Craig,1610612743,2018-19
203115-203999-1626168-1627736-1628470,W. Barton - N. Jokic - T. Lyles - M. Beasley - T. Craig,1610612743,2018-19
200794-201163-203914-203999-1627750,P. Millsap - W. Chandler - G. Harris - N. Jokic - J. Murray,1610612743,2017-18
200794-201163-203115-203999-1627750,P. Millsap - W. Chandler - W. Barton - N. Jokic - J. Murray,1610612743,2017-18
201163-203115-203914-203999-1627750,W. Chandler - W. Barton - G. Harris - N. Jokic - J. Murray,1610612743,2017-18
201163-203486-203914-203999-1627750,W. Chandler - M. Plumlee - G. Harris - N. Jokic - J. Murray,1610612743,2017-18
203115-203486-203914-203999-1627750,W. Barton - M. Plumlee - G. Harris - N. Jokic - J. Murray,1610612743,2017-18
203115-203914-203999-1626168-1627750,W. Barton - G. Harris - N. Jokic - T. Lyles - J. Murray,1610612743,2017-18
201163-203914-203999-1626168-1627750,W. Chandler - G. Harris - N. Jokic - T. Lyles - J. Murray,1610612743,2017-18
200794-203115-203914-203999-1627750,P. Millsap - W. Barton - G. Harris - N. Jokic - J. Murray,1610612743,2017-18
202702-203115-203999-1626144-1627736,K. Faried - W. Barton - N. Jokic - E. Mudiay - M. Beasley,1610612743,2017-18
201163-203115-203486-203999-1626144,W. Chandler - W. Barton - M. Plumlee - N. Jokic - E. Mudiay,1610612743,2017-18
201163-203115-203914-203999-1626168,W. Chandler - W. Barton - G. Harris - N. Jokic - T. Lyles,1610612743,2017-18
201163-203115-203999-1626168-1627750,W. Chandler - W. Barton - N. Jokic - T. Lyles - J. Murray,1610612743,2017-18
2734-203999-1626168-1627750-1628470,D. Harris - N. Jokic - T. Lyles - J. Murray - T. Craig,1610612743,2017-18
203914-203999-1626168-1627750-1628470,G. Harris - N. Jokic - T. Lyles - J. Murray - T. Craig,1610612743,2017-18
200794-201163-203115-203914-203999,P. Millsap - W. Chandler - W. Barton - G. Harris - N. Jokic,1610612743,2017-18
202702-203914-203999-1627750-1627823,K. Faried - G. Harris - N. Jokic - J. Murray - J. Hernangomez,1610612743,2017-18
203115-203914-203999-1626168-1628470,W. Barton - G. Harris - N. Jokic - T. Lyles - T. Craig,1610612743,2017-18
201163-203115-203486-203914-203999,W. Chandler - W. Barton - M. Plumlee - G. Harris - N. Jokic,1610612743,2017-18
2734-203486-203999-1627750-1628470,D. Harris - M. Plumlee - N. Jokic - J. Murray - T. Craig,1610612743,2017-18
201163-202702-203914-203999-1627750,W. Chandler - K. Faried - G. Harris - N. Jokic - J. Murray,1610612743,2017-18
202702-203115-203914-203999-1627750,K. Faried - W. Barton - G. Harris - N. Jokic - J. Murray,1610612743,2017-18
201163-203115-203486-203999-1627750,W. Chandler - W. Barton - M. Plumlee - N. Jokic - J. Murray,1610612743,2017-18
200794-203115-203999-1627750-1628470,P. Millsap - W. Barton - N. Jokic - J. Murray - T. Craig,1610612743,2017-18
2734-203115-203486-203999-1628470,D. Harris - W. Barton - M. Plumlee - N. Jokic - T. Craig,1610612743,2017-18
203115-203999-1626168-1627736-1628470,W. Barton - N. Jokic - T. Lyles - M. Beasley - T. Craig,1610612743,2017-18
2734-200794-203115-203999-1627750,D. Harris - P. Millsap - W. Barton - N. Jokic - J. Murray,1610612743,2017-18
201163-202702-203115-203999-1626144,W. Chandler - K. Faried - W. Barton - N. Jokic - E. Mudiay,1610612743,2017-18
201589-203115-203914-203999-1627750,D. Arthur - W. Barton - G. Harris - N. Jokic - J. Murray,1610612743,2017-18
2734-201163-203115-203999-1626168,D. Harris - W. Chandler - W. Barton - N. Jokic - T. Lyles,1610612743,2017-18
201163-203115-203999-1626168-1628470,W. Chandler - W. Barton - N. Jokic - T. Lyles - T. Craig,1610612743,2017-18
203115-203914-203999-1627750-1628470,W. Barton - G. Harris - N. Jokic - J. Murray - T. Craig,1610612743,2017-18
201163-203486-203999-1627750-1628470,W. Chandler - M. Plumlee - N. Jokic - J. Murray - T. Craig,1610612743,2017-18
203115-203486-203914-203999-1628470,W. Barton - M. Plumlee - G. Harris - N. Jokic - T. Craig,1610612743,2017-18
201163-203115-203999-1626168-1627736,W. Chandler - W. Barton - N. Jokic - T. Lyles - M. Beasley,1610612743,2017-18
2734-200794-201163-203999-1627750,D. Harris - P. Millsap - W. Chandler - N. Jokic - J. Murray,1610612743,2017-18
202702-203115-203999-1626144-1627823,K. Faried - W. Barton - N. Jokic - E. Mudiay - J. Hernangomez,1610612743,2017-18
203115-203999-1626168-1627750-1628470,W. Barton - N. Jokic - T. Lyles - J. Murray - T. Craig,1610612743,2017-18
201163-203914-203999-1627750-1628470,W. Chandler - G. Harris - N. Jokic - J. Murray - T. Craig,1610612743,2017-18
2734-203115-203999-1626168-1628470,D. Harris - W. Barton - N. Jokic - T. Lyles - T. Craig,1610612743,2017-18
200794-201163-203999-1626144-1627750,P. Millsap - W. Chandler - N. Jokic - E. Mudiay - J. Murray,1610612743,2017-18
203115-203914-203999-1626144-1626168,W. Barton - G. Harris - N. Jokic - E. Mudiay - T. Lyles,1610612743,2017-18
2734-200794-201163-203115-203999,D. Harris - P. Millsap - W. Chandler - W. Barton - N. Jokic,1610612743,2017-18
2734-201163-203115-203914-203999,D. Harris - W. Chandler - W. Barton - G. Harris - N. Jokic,1610612743,2017-18
2734-201163-203115-203999-1627750,D. Harris - W. Chandler - W. Barton - N. Jokic - J. Murray,1610612743,2017-18
200794-201163-203914-203999-1626144,P. Millsap - W. Chandler - G. Harris - N. Jokic - E. Mudiay,1610612743,2017-18
201163-203115-203914-203999-1626144,W. Chandler - W. Barton - G. Harris - N. Jokic - E. Mudiay,1610612743,2017-18
202702-203115-203914-203999-1626144,K. Faried - W. Barton - G. Harris - N. Jokic - E. Mudiay,1610612743,2017-18
203115-203486-203914-203999-1626144,W. Barton - M. Plumlee - G. Harris - N. Jokic - E. Mudiay,1610612743,2017-18
201163-203115-203999-1627750-1628470,W. Chandler - W. Barton - N. Jokic - J. Murray - T. Craig,1610612743,2017-18
2210-203115-203914-203999-1626168,R. Jefferson - W. Barton - G. Harris - N. Jokic - T. Lyles,1610612743,2017-18
203115-203914-203999-1627750-1627823,W. Barton - G. Harris - N. Jokic - J. Murray - J. Hernangomez,1610612743,2017-18
203115-203486-203999-1627750-1628470,W. Barton - M. Plumlee - N. Jokic - J. Murray - T. Craig,1610612743,2017-18
201163-203115-203999-1626144-1626168,W. Chandler - W. Barton - N. Jokic - E. Mudiay - T. Lyles,1610612743,2017-18
2734-203999-1626168-1627750-1627823,D. Harris - N. Jokic - T. Lyles - J. Murray - J. Hernangomez,1610612743,2017-18
2734-201163-203115-203486-203999,D. Harris - W. Chandler - W. Barton - M. Plumlee - N. Jokic,1610612743,2017-18
203914-203999-1626144-1626168-1628470,G. Harris - N. Jokic - E. Mudiay - T. Lyles - T. Craig,1610612743,2017-18
200794-203115-203914-203999-1626144,P. Millsap - W. Barton - G. Harris - N. Jokic - E. Mudiay,1610612743,2017-18
201163-203914-203999-1627736-1627750,W. Chandler - G. Harris - N. Jokic - M. Beasley - J. Murray,1610612743,2017-18
201163-202702-203999-1626144-1627736,W. Chandler - K. Faried - N. Jokic - E. Mudiay - M. Beasley,1610612743,2017-18
2734-200794-203115-203914-203999,D. Harris - P. Millsap - W. Barton - G. Harris - N. Jokic,1610612743,2017-18
2734-201163-203914-203999-1627750,D. Harris - W. Chandler - G. Harris - N. Jokic - J. Murray,1610612743,2017-18
2734-201163-203914-203999-1628470,D. Harris - W. Chandler - G. Harris - N. Jokic - T. Craig,1610612743,2017-18
203914-203999-1626168-1627750-1627823,G. Harris - N. Jokic - T. Lyles - J. Murray - J. Hernangomez,1610612743,2017-18
203999-1626168-1627750-1627823-1628470,N. Jokic - T. Lyles - J. Murray - J. Hernangomez - T. Craig,1610612743,2017-18
203115-203486-203914-203999-1627823,W. Barton - M. Plumlee - G. Harris - N. Jokic - J. Hernangomez,1610612743,2017-18
203115-203486-203999-1626144-1627750,W. Barton - M. Plumlee - N. Jokic - E. Mudiay - J. Murray,1610612743,2017-18
201163-203115-203914-203999-1627736,W. Chandler - W. Barton - G. Harris - N. Jokic - M. Beasley,1610612743,2017-18
201163-203115-203914-203999-1628470,W. Chandler - W. Barton - G. Harris - N. Jokic - T. Craig,1610612743,2017-18
201163-203115-203999-1626144-1627736,W. Chandler - W. Barton - N. Jokic - E. Mudiay - M. Beasley,1610612743,2017-18
2734-200794-203115-203999-1628470,D. Harris - P. Millsap - W. Barton - N. Jokic - T. Craig,1610612743,2017-18
2734-201163-203999-1627750-1628470,D. Harris - W. Chandler - N. Jokic - J. Murray - T. Craig,1610612743,2017-18
2210-202702-203115-203999-1627736,R. Jefferson - K. Faried - W. Barton - N. Jokic - M. Beasley,1610612743,2017-18
203115-203914-203999-1626144-1628470,W. Barton - G. Harris - N. Jokic - E. Mudiay - T. Craig,1610612743,2017-18
203115-203486-203999-1626144-1627736,W. Barton - M. Plumlee - N. Jokic - E. Mudiay - M. Beasley,1610612743,2017-18
203115-203999-1626144-1626168-1628470,W. Barton - N. Jokic - E. Mudiay - T. Lyles - T. Craig,1610612743,2017-18
203115-203999-1626168-1627750-1627823,W. Barton - N. Jokic - T. Lyles - J. Murray - J. Hernangomez,1610612743,2017-18
203115-203999-1626168-1627736-1627750,W. Barton - N. Jokic - T. Lyles - M. Beasley - J. Murray,1610612743,2017-18
2734-203914-203999-1626168-1628470,D. Harris - G. Harris - N. Jokic - T. Lyles - T. Craig,1610612743,2017-18
2734-200794-203999-1627750-1628470,D. Harris - P. Millsap - N. Jokic - J. Murray - T. Craig,1610612743,2017-18
2734-200794-203115-203999-1627823,D. Harris - P. Millsap - W. Barton - N. Jokic - J. Hernangomez,1610612743,2017-18
2734-203115-203486-203914-203999,D. Harris - W. Barton - M. Plumlee - G. Harris - N. Jokic,1610612743,2017-18
2734-201163-203486-203999-1627750,D. Harris - W. Chandler - M. Plumlee - N. Jokic - J. Murray,1610612743,2017-18
203486-203914-203999-1627750-1627823,M. Plumlee - G. Harris - N. Jokic - J. Murray - J. Hernangomez,1610612743,2017-18
200794-203914-203999-1627750-1627823,P. Millsap - G. Harris - N. Jokic - J. Murray - J. Hernangomez,1610612743,2017-18
200794-203115-203999-1627736-1627750,P. Millsap - W. Barton - N. Jokic - M. Beasley - J. Murray,1610612743,2017-18
2210-203914-203999-1626144-1626168,R. Jefferson - G. Harris - N. Jokic - E. Mudiay - T. Lyles,1610612743,2017-18
2210-203115-203914-203999-1627750,R. Jefferson - W. Barton - G. Harris - N. Jokic - J. Murray,1610612743,2017-18
2210-203115-203999-1626144-1627736,R. Jefferson - W. Barton - N. Jokic - E. Mudiay - M. Beasley,1610612743,2017-18
2210-203115-203999-1626168-1627736,R. Jefferson - W. Barton - N. Jokic - T. Lyles - M. Beasley,1610612743,2017-18
203115-203914-203999-1626168-1627736,W. Barton - G. Harris - N. Jokic - T. Lyles - M. Beasley,1610612743,2017-18
203115-203486-203999-1627750-1627823,W. Barton - M. Plumlee - N. Jokic - J. Murray - J. Hernangomez,1610612743,2017-18
201163-202702-203115-203999-1627750,W. Chandler - K. Faried - W. Barton - N. Jokic - J. Murray,1610612743,2017-18
201163-203486-203914-203999-1626144,W. Chandler - M. Plumlee - G. Harris - N. Jokic - E. Mudiay,1610612743,2017-18
201163-203999-1627736-1627750-1628470,W. Chandler - N. Jokic - M. Beasley - J. Murray - T. Craig,1610612743,2017-18
201163-203999-1626168-1627736-1627750,W. Chandler - N. Jokic - T. Lyles - M. Beasley - J. Murray,1610612743,2017-18
200794-201163-203115-203999-1628470,P. Millsap - W. Chandler - W. Barton - N. Jokic - T. Craig,1610612743,2017-18
2210-203115-203914-203999-1626144,R. Jefferson - W. Barton - G. Harris - N. Jokic - E. Mudiay,1610612743,2017-18
203115-203914-203999-1626144-1627823,W. Barton - G. Harris - N. Jokic - E. Mudiay - J. Hernangomez,1610612743,2017-18
201163-201568-203914-203999-1626144,W. Chandler - D. Gallinari - G. Harris - N. Jokic - E. Mudiay,1610612743,2016-17
2749-201163-201568-203914-203999,J. Nelson - W. Chandler - D. Gallinari - G. Harris - N. Jokic,1610612743,2016-17
2749-201568-202702-203914-203999,J. Nelson - D. Gallinari - K. Faried - G. Harris - N. Jokic,1610612743,2016-17
2749-201163-203115-203914-203999,J. Nelson - W. Chandler - W. Barton - G. Harris - N. Jokic,1610612743,2016-17
201163-201568-203914-203999-1627750,W. Chandler - D. Gallinari - G. Harris - N. Jokic - J. Murray,1610612743,2016-17
2749-201163-201568-203115-203999,J. Nelson - W. Chandler - D. Gallinari - W. Barton - N. Jokic,1610612743,2016-17
2749-201163-201568-203999-1627750,J. Nelson - W. Chandler - D. Gallinari - N. Jokic - J. Murray,1610612743,2016-17
2749-201163-202702-203914-203999,J. Nelson - W. Chandler - K. Faried - G. Harris - N. Jokic,1610612743,2016-17
2749-201163-203999-1627750-1627823,J. Nelson - W. Chandler - N. Jokic - J. Murray - J. Hernangomez,1610612743,2016-17
201568-202702-203115-203999-1626144,D. Gallinari - K. Faried - W. Barton - N. Jokic - E. Mudiay,1610612743,2016-17
201568-203115-203994-203999-1626144,D. Gallinari - W. Barton - J. Nurkic - N. Jokic - E. Mudiay,1610612743,2016-17
2749-203115-203914-203999-1627823,J. Nelson - W. Barton - G. Harris - N. Jokic - J. Hernangomez,1610612743,2016-17
201568-202702-203914-203999-1627750,D. Gallinari - K. Faried - G. Harris - N. Jokic - J. Murray,1610612743,2016-17
2749-203486-203914-203999-1627823,J. Nelson - M. Plumlee - G. Harris - N. Jokic - J. Hernangomez,1610612743,2016-17
201568-202702-203914-203999-1626144,D. Gallinari - K. Faried - G. Harris - N. Jokic - E. Mudiay,1610612743,2016-17
2749-201163-201589-203914-203999,J. Nelson - W. Chandler - D. Arthur - G. Harris - N. Jokic,1610612743,2016-17
2749-201163-201568-203999-1626144,J. Nelson - W. Chandler - D. Gallinari - N. Jokic - E. Mudiay,1610612743,2016-17
2749-201163-202702-203999-1627750,J. Nelson - W. Chandler - K. Faried - N. Jokic - J. Murray,1610612743,2016-17
2749-201163-203115-203999-1627750,J. Nelson - W. Chandler - W. Barton - N. Jokic - J. Murray,1610612743,2016-17
201568-203914-203994-203999-1626144,D. Gallinari - G. Harris - J. Nurkic - N. Jokic - E. Mudiay,1610612743,2016-17
2749-201568-202702-203999-1626144,J. Nelson - D. Gallinari - K. Faried - N. Jokic - E. Mudiay,1610612743,2016-17
2749-203115-203999-1627750-1627823,J. Nelson - W. Barton - N. Jokic - J. Murray - J. Hernangomez,1610612743,2016-17
203115-203999-1626144-1627750-1627823,W. Barton - N. Jokic - E. Mudiay - J. Murray - J. Hernangomez,1610612743,2016-17
201163-201568-203999-1626144-1627750,W. Chandler - D. Gallinari - N. Jokic - E. Mudiay - J. Murray,1610612743,2016-17
2749-202702-203115-203914-203999,J. Nelson - K. Faried - W. Barton - G. Harris - N. Jokic,1610612743,2016-17
2749-201163-201589-203999-1627750,J. Nelson - W. Chandler - D. Arthur - N. Jokic - J. Murray,1610612743,2016-17
2749-201568-203115-203914-203999,J. Nelson - D. Gallinari - W. Barton - G. Harris - N. Jokic,1610612743,2016-17
2749-201568-203486-203914-203999,J. Nelson - D. Gallinari - M. Plumlee - G. Harris - N. Jokic,1610612743,2016-17
201568-203994-203999-1626144-1627750,D. Gallinari - J. Nurkic - N. Jokic - E. Mudiay - J. Murray,1610612743,2016-17
2749-201568-202702-203999-1627750,J. Nelson - D. Gallinari - K. Faried - N. Jokic - J. Murray,1610612743,2016-17
2749-202702-203999-1627750-1627823,J. Nelson - K. Faried - N. Jokic - J. Murray - J. Hernangomez,1610612743,2016-17
203486-203999-1627736-1627750-1627823,M. Plumlee - N. Jokic - M. Beasley - J. Murray - J. Hernangomez,1610612743,2016-17
201568-201589-203914-203999-1626144,D. Gallinari - D. Arthur - G. Harris - N. Jokic - E. Mudiay,1610612743,2016-17
201568-203115-203914-203999-1626144,D. Gallinari - W. Barton - G. Harris - N. Jokic - E. Mudiay,1610612743,2016-17
202702-203115-203999-1626144-1627823,K. Faried - W. Barton - N. Jokic - E. Mudiay - J. Hernangomez,1610612743,2016-17
201163-201568-203115-203999-1626144,W. Chandler - D. Gallinari - W. Barton - N. Jokic - E. Mudiay,1610612743,2016-17
2749-201568-202702-203115-203999,J. Nelson - D. Gallinari - K. Faried - W. Barton - N. Jokic,1610612743,2016-17
201163-202702-203999-1626144-1627750,W. Chandler - K. Faried - N. Jokic - E. Mudiay - J. Murray,1610612743,2016-17
2749-201568-203115-203999-1627750,J. Nelson - D. Gallinari - W. Barton - N. Jokic - J. Murray,1610612743,2016-17
2749-203115-203486-203914-203999,J. Nelson - W. Barton - M. Plumlee - G. Harris - N. Jokic,1610612743,2016-17
2749-201163-203486-203914-203999,J. Nelson - W. Chandler - M. Plumlee - G. Harris - N. Jokic,1610612743,2016-17
203115-203914-203999-1627750-1627823,W. Barton - G. Harris - N. Jokic - J. Murray - J. Hernangomez,1610612743,2016-17
2749-201163-202087-203999-1627750,J. Nelson - W. Chandler - A. Gee - N. Jokic - J. Murray,1610612743,2016-17
201163-203486-203914-203999-1626144,W. Chandler - M. Plumlee - G. Harris - N. Jokic - E. Mudiay,1610612743,2016-17
201163-203115-203914-203999-1626144,W. Chandler - W. Barton - G. Harris - N. Jokic - E. Mudiay,1610612743,2016-17
2749-201568-201589-203914-203999,J. Nelson - D. Gallinari - D. Arthur - G. Harris - N. Jokic,1610612743,2016-17
2749-201568-201589-203115-203999,J. Nelson - D. Gallinari - D. Arthur - W. Barton - N. Jokic,1610612743,2016-17
2749-201163-201589-203115-203999,J. Nelson - W. Chandler - D. Arthur - W. Barton - N. Jokic,1610612743,2016-17
201163-203999-1626144-1627750-1627823,W. Chandler - N. Jokic - E. Mudiay - J. Murray - J. Hernangomez,1610612743,2016-17
201163-203115-203999-1627750-1627823,W. Chandler - W. Barton - N. Jokic - J. Murray - J. Hernangomez,1610612743,2016-17
201568-203486-203914-203999-1627750,D. Gallinari - M. Plumlee - G. Harris - N. Jokic - J. Murray,1610612743,2016-17
2749-201589-202087-203999-1627750,J. Nelson - D. Arthur - A. Gee - N. Jokic - J. Murray,1610612743,2016-17
2749-201163-202702-203115-203999,J. Nelson - W. Chandler - K. Faried - W. Barton - N. Jokic,1610612743,2016-17
2749-201163-203115-203486-203999,J. Nelson - W. Chandler - W. Barton - M. Plumlee - N. Jokic,1610612743,2016-17
201163-203486-203914-203999-1627750,W. Chandler - M. Plumlee - G. Harris - N. Jokic - J. Murray,1610612743,2016-17
202087-203999-1627736-1627750-1627823,A. Gee - N. Jokic - M. Beasley - J. Murray - J. Hernangomez,1610612743,2016-17
201568-202702-203999-1626144-1627750,D. Gallinari - K. Faried - N. Jokic - E. Mudiay - J. Murray,1610612743,2016-17
2749-202702-203115-203999-1627750,J. Nelson - K. Faried - W. Barton - N. Jokic - J. Murray,1610612743,2016-17
201163-201589-203999-1626144-1627750,W. Chandler - D. Arthur - N. Jokic - E. Mudiay - J. Murray,1610612743,2016-17
2749-201163-201589-203999-1626144,J. Nelson - W. Chandler - D. Arthur - N. Jokic - E. Mudiay,1610612743,2016-17
2749-201163-203115-203999-1627823,J. Nelson - W. Chandler - W. Barton - N. Jokic - J. Hernangomez,1610612743,2016-17
2034-201589-203999-1627736-1627750,M. Miller - D. Arthur - N. Jokic - M. Beasley - J. Murray,1610612743,2016-17
203486-203914-203999-1627750-1627823,M. Plumlee - G. Harris - N. Jokic - J. Murray - J. Hernangomez,1610612743,2016-17
202702-203999-1627736-1627750-1627823,K. Faried - N. Jokic - M. Beasley - J. Murray - J. Hernangomez,1610612743,2016-17
2034-2749-203999-1627750-1627823,M. Miller - J. Nelson - N. Jokic - J. Murray - J. Hernangomez,1610612743,2016-17
201163-202702-203914-203999-1626144,W. Chandler - K. Faried - G. Harris - N. Jokic - E. Mudiay,1610612743,2016-17
201568-203914-203999-1626144-1627823,D. Gallinari - G. Harris - N. Jokic - E. Mudiay - J. Hernangomez,1610612743,2016-17
2749-201163-203914-203999-1627750,J. Nelson - W. Chandler - G. Harris - N. Jokic - J. Murray,1610612743,2016-17
2034-201589-203999-1627750-1627823,M. Miller - D. Arthur - N. Jokic - J. Murray - J. Hernangomez,1610612743,2016-17
201163-203115-203914-203999-1627750,W. Chandler - W. Barton - G. Harris - N. Jokic - J. Murray,1610612743,2016-17
201589-203914-203999-1627750-1627823,D. Arthur - G. Harris - N. Jokic - J. Murray - J. Hernangomez,1610612743,2016-17
201589-203999-1627736-1627750-1627823,D. Arthur - N. Jokic - M. Beasley - J. Murray - J. Hernangomez,1610612743,2016-17
201589-203115-203914-203999-1627750,D. Arthur - W. Barton - G. Harris - N. Jokic - J. Murray,1610612743,2016-17
201568-201589-203999-1626144-1627750,D. Gallinari - D. Arthur - N. Jokic - E. Mudiay - J. Murray,1610612743,2016-17
201568-203115-203486-203999-1627750,D. Gallinari - W. Barton - M. Plumlee - N. Jokic - J. Murray,1610612743,2016-17
2749-203115-203914-203999-1627750,J. Nelson - W. Barton - G. Harris - N. Jokic - J. Murray,1610612743,2016-17
202702-203115-203914-203999-1627750,K. Faried - W. Barton - G. Harris - N. Jokic - J. Murray,1610612743,2016-17
2034-203486-203999-1627736-1627750,M. Miller - M. Plumlee - N. Jokic - M. Beasley - J. Murray,1610612743,2016-17
201163-203115-203486-203999-1627750,W. Chandler - W. Barton - M. Plumlee - N. Jokic - J. Murray,1610612743,2016-17
202087-203999-1626144-1627750-1627823,A. Gee - N. Jokic - E. Mudiay - J. Murray - J. Hernangomez,1610612743,2016-17
201589-202087-203999-1626144-1627750,D. Arthur - A. Gee - N. Jokic - E. Mudiay - J. Murray,1610612743,2016-17
201568-201589-203115-203999-1627750,D. Gallinari - D. Arthur - W. Barton - N. Jokic - J. Murray,1610612743,2016-17
201568-203914-203999-1626144-1627750,D. Gallinari - G. Harris - N. Jokic - E. Mudiay - J. Murray,1610612743,2016-17
201568-203486-203914-203999-1626144,D. Gallinari - M. Plumlee - G. Harris - N. Jokic - E. Mudiay,1610612743,2016-17
201568-203115-203914-203999-1627750,D. Gallinari - W. Barton - G. Harris - N. Jokic - J. Murray,1610612743,2016-17
2749-201589-202087-203999-1627736,J. Nelson - D. Arthur - A. Gee - N. Jokic - M. Beasley,1610612743,2016-17
2749-201568-203994-203999-1626144,J. Nelson - D. Gallinari - J. Nurkic - N. Jokic - E. Mudiay,1610612743,2016-17
2749-203994-203999-1627750-1627823,J. Nelson - J. Nurkic - N. Jokic - J. Murray - J. Hernangomez,1610612743,2016-17
2749-201163-202702-203999-1626144,J. Nelson - W. Chandler - K. Faried - N. Jokic - E. Mudiay,1610612743,2016-17
2749-201163-203999-1626144-1627823,J. Nelson - W. Chandler - N. Jokic - E. Mudiay - J. Hernangomez,1610612743,2016-17
2034-201163-203914-203999-1627750,M. Miller - W. Chandler - G. Harris - N. Jokic - J. Murray,1610612743,2016-17
201163-201589-203115-203999-1627750,W. Chandler - D. Arthur - W. Barton - N. Jokic - J. Murray,1610612743,2016-17
201163-201568-203115-203999-1627750,W. Chandler - D. Gallinari - W. Barton - N. Jokic - J. Murray,1610612743,2016-17
201163-202702-203115-203999-1627750,W. Chandler - K. Faried - W. Barton - N. Jokic - J. Murray,1610612743,2016-17
201568-202702-203914-203999-1626144,D. Gallinari - K. Faried - G. Harris - N. Jokic - E. Mudiay,1610612743,2015-16
202702-203914-203960-203999-1626144,K. Faried - G. Harris - J. Sampson - N. Jokic - E. Mudiay,1610612743,2015-16
201568-201589-203914-203999-1626144,D. Gallinari - D. Arthur - G. Harris - N. Jokic - E. Mudiay,1610612743,2015-16
201589-203914-203960-203999-1626144,D. Arthur - G. Harris - J. Sampson - N. Jokic - E. Mudiay,1610612743,2015-16
2749-200751-201589-203115-203999,J. Nelson - R. Foye - D. Arthur - W. Barton - N. Jokic,1610612743,2015-16
200751-201589-203115-203123-203999,R. Foye - D. Arthur - W. Barton - K. Papanikolaou - N. Jokic,1610612743,2015-16
2749-201568-202702-203914-203999,J. Nelson - D. Gallinari - K. Faried - G. Harris - N. Jokic,1610612743,2015-16
201589-203115-203914-203999-1626144,D. Arthur - W. Barton - G. Harris - N. Jokic - E. Mudiay,1610612743,2015-16
200751-201589-203115-203914-203999,R. Foye - D. Arthur - W. Barton - G. Harris - N. Jokic,1610612743,2015-16
202702-203115-203914-203999-1626144,K. Faried - W. Barton - G. Harris - N. Jokic - E. Mudiay,1610612743,2015-16
201568-203115-203914-203999-1626144,D. Gallinari - W. Barton - G. Harris - N. Jokic - E. Mudiay,1610612743,2015-16
2749-201568-201589-203914-203999,J. Nelson - D. Gallinari - D. Arthur - G. Harris - N. Jokic,1610612743,2015-16
203914-203960-203994-203999-1626144,G. Harris - J. Sampson - J. Nurkic - N. Jokic - E. Mudiay,1610612743,2015-16
2034-200751-203115-203123-203999,M. Miller - R. Foye - W. Barton - K. Papanikolaou - N. Jokic,1610612743,2015-16
200751-201568-202702-203999-1626144,R. Foye - D. Gallinari - K. Faried - N. Jokic - E. Mudiay,1610612743,2015-16
201571-201589-203914-203999-1626144,D. Augustin - D. Arthur - G. Harris - N. Jokic - E. Mudiay,1610612743,2015-16
2749-200751-203115-203123-203999,J. Nelson - R. Foye - W. Barton - K. Papanikolaou - N. Jokic,1610612743,2015-16
203115-203914-203994-203999-1626144,W. Barton - G. Harris - J. Nurkic - N. Jokic - E. Mudiay,1610612743,2015-16
2749-201568-203115-203914-203999,J. Nelson - D. Gallinari - W. Barton - G. Harris - N. Jokic,1610612743,2015-16
2034-203914-203994-203999-1626144,M. Miller - G. Harris - J. Nurkic - N. Jokic - E. Mudiay,1610612743,2015-16
200751-201568-201589-203999-1626144,R. Foye - D. Gallinari - D. Arthur - N. Jokic - E. Mudiay,1610612743,2015-16
201568-202702-203115-203999-1626144,D. Gallinari - K. Faried - W. Barton - N. Jokic - E. Mudiay,1610612743,2015-16
2749-200751-201568-203115-203999,J. Nelson - R. Foye - D. Gallinari - W. Barton - N. Jokic,1610612743,2015-16
2034-200751-201589-203115-203999,M. Miller - R. Foye - D. Arthur - W. Barton - N. Jokic,1610612743,2015-16
2749-201568-201589-203115-203999,J. Nelson - D. Gallinari - D. Arthur - W. Barton - N. Jokic,1610612743,2015-16
200751-201568-201589-203115-203999,R. Foye - D. Gallinari - D. Arthur - W. Barton - N. Jokic,1610612743,2015-16
201571-203115-203530-203999-1626253,D. Augustin - W. Barton - J. Lauvergne - N. Jokic - A. Toupane,1610612743,2015-16
2034-2749-201589-203115-203999,M. Miller - J. Nelson - D. Arthur - W. Barton - N. Jokic,1610612743,2015-16
200751-202702-203115-203914-203999,R. Foye - K. Faried - W. Barton - G. Harris - N. Jokic,1610612743,2015-16
2749-201568-202702-203115-203999,J. Nelson - D. Gallinari - K. Faried - W. Barton - N. Jokic,1610612743,2015-16
201571-201589-203115-203914-203999,D. Augustin - D. Arthur - W. Barton - G. Harris - N. Jokic,1610612743,2015-16
201571-203530-203914-203999-1626144,D. Augustin - J. Lauvergne - G. Harris - N. Jokic - E. Mudiay,1610612743,2015-16
201571-203115-203914-203999-1626144,D. Augustin - W. Barton - G. Harris - N. Jokic - E. Mudiay,1610612743,2015-16
2749-201589-203115-203999-1626144,J. Nelson - D. Arthur - W. Barton - N. Jokic - E. Mudiay,1610612743,2015-16
202702-203115-203960-203999-1626144,K. Faried - W. Barton - J. Sampson - N. Jokic - E. Mudiay,1610612743,2015-16
201589-202702-203914-203999-1626144,D. Arthur - K. Faried - G. Harris - N. Jokic - E. Mudiay,1610612743,2015-16
201571-201589-203115-203999-1626144,D. Augustin - D. Arthur - W. Barton - N. Jokic - E. Mudiay,1610612743,2015-16
203530-203914-203960-203999-1626144,J. Lauvergne - G. Harris - J. Sampson - N. Jokic - E. Mudiay,1610612743,2015-16
2749-200751-202702-203115-203999,J. Nelson - R. Foye - K. Faried - W. Barton - N. Jokic,1610612743,2015-16
2034-2749-203115-203914-203999,M. Miller - J. Nelson - W. Barton - G. Harris - N. Jokic,1610612743,2015-16
200751-202702-203115-203999-1626144,R. Foye - K. Faried - W. Barton - N. Jokic - E. Mudiay,1610612743,2015-16
200751-203115-203123-203914-203999,R. Foye - W. Barton - K. Papanikolaou - G. Harris - N. Jokic,1610612743,2015-16
201589-203914-203994-203999-1626144,D. Arthur - G. Harris - J. Nurkic - N. Jokic - E. Mudiay,1610612743,2015-16
201568-203530-203914-203999-1626144,D. Gallinari - J. Lauvergne - G. Harris - N. Jokic - E. Mudiay,1610612743,2015-16
2034-203914-203999-1626144-1626253,M. Miller - G. Harris - N. Jokic - E. Mudiay - A. Toupane,1610612743,2015-16
2034-2749-203115-203999-1626144,M. Miller - J. Nelson - W. Barton - N. Jokic - E. Mudiay,1610612743,2015-16
2034-200751-203115-203914-203999,M. Miller - R. Foye - W. Barton - G. Harris - N. Jokic,1610612743,2015-16
2034-200751-203115-203930-203999,M. Miller - R. Foye - W. Barton - S. Kilpatrick - N. Jokic,1610612743,2015-16
201589-203115-203123-203914-203999,D. Arthur - W. Barton - K. Papanikolaou - G. Harris - N. Jokic,1610612743,2015-16
201571-203530-203960-203999-1626253,D. Augustin - J. Lauvergne - J. Sampson - N. Jokic - A. Toupane,1610612743,2015-16
201568-201589-203115-203999-1626144,D. Gallinari - D. Arthur - W. Barton - N. Jokic - E. Mudiay,1610612743,2015-16
2749-202702-203115-203914-203999,J. Nelson - K. Faried - W. Barton - G. Harris - N. Jokic,1610612743,2015-16
2749-200751-201568-201589-203999,J. Nelson - R. Foye - D. Gallinari - D. Arthur - N. Jokic,1610612743,2015-16
2749-203115-203123-203914-203999,J. Nelson - W. Barton - K. Papanikolaou - G. Harris - N. Jokic,1610612743,2015-16
2034-2749-201568-203115-203999,M. Miller - J. Nelson - D. Gallinari - W. Barton - N. Jokic,1610612743,2015-16
200751-201589-203115-203999-1626144,R. Foye - D. Arthur - W. Barton - N. Jokic - E. Mudiay,1610612743,2015-16
201589-203115-203999-1626144-1626253,D. Arthur - W. Barton - N. Jokic - E. Mudiay - A. Toupane,1610612743,2015-16
201571-201589-203115-203999-1626253,D. Augustin - D. Arthur - W. Barton - N. Jokic - A. Toupane,1610612743,2015-16
201571-202702-203914-203999-1626144,D. Augustin - K. Faried - G. Harris - N. Jokic - E. Mudiay,1610612743,2015-16
201571-202702-203115-203914-203999,D. Augustin - K. Faried - W. Barton - G. Harris - N. Jokic,1610612743,2015-16
201568-201571-201589-203115-203999,D. Gallinari - D. Augustin - D. Arthur - W. Barton - N. Jokic,1610612743,2015-16
2749-200751-201568-203914-203999,J. Nelson - R. Foye - D. Gallinari - G. Harris - N. Jokic,1610612743,2015-16
200751-201589-203123-203914-203999,R. Foye - D. Arthur - K. Papanikolaou - G. Harris - N. Jokic,1610612743,2015-16
200751-201568-201589-203914-203999,R. Foye - D. Gallinari - D. Arthur - G. Harris - N. Jokic,1610612743,2015-16
200751-202702-203115-203123-203999,R. Foye - K. Faried - W. Barton - K. Papanikolaou - N. Jokic,1610612743,2015-16
201571-203914-203994-203999-1626144,D. Augustin - G. Harris - J. Nurkic - N. Jokic - E. Mudiay,1610612743,2015-16
201571-203115-203914-203994-203999,D. Augustin - W. Barton - G. Harris - J. Nurkic - N. Jokic,1610612743,2015-16
201568-201571-203914-203999-1626144,D. Gallinari - D. Augustin - G. Harris - N. Jokic - E. Mudiay,1610612743,2015-16
201568-201571-202702-203914-203999,D. Gallinari - D. Augustin - K. Faried - G. Harris - N. Jokic,1610612743,2015-16
2749-201589-203115-203914-203999,J. Nelson - D. Arthur - W. Barton - G. Harris - N. Jokic,1610612743,2015-16
2749-201568-203115-203999-1626144,J. Nelson - D. Gallinari - W. Barton - N. Jokic - E. Mudiay,1610612743,2015-16
200751-201589-203115-203930-203999,R. Foye - D. Arthur - W. Barton - S. Kilpatrick - N. Jokic,1610612743,2015-16
200751-201568-203115-203999-1626144,R. Foye - D. Gallinari - W. Barton - N. Jokic - E. Mudiay,1610612743,2015-16
203115-203530-203914-203999-1626144,W. Barton - J. Lauvergne - G. Harris - N. Jokic - E. Mudiay,1610612743,2015-16
203115-203960-203994-203999-1626144,W. Barton - J. Sampson - J. Nurkic - N. Jokic - E. Mudiay,1610612743,2015-16
201589-203115-203475-203914-203999,D. Arthur - W. Barton - E. Green - G. Harris - N. Jokic,1610612743,2015-16
201589-203115-203960-203999-1626144,D. Arthur - W. Barton - J. Sampson - N. Jokic - E. Mudiay,1610612743,2015-16
201568-201571-203115-203914-203999,D. Gallinari - D. Augustin - W. Barton - G. Harris - N. Jokic,1610612743,2015-16
201568-201571-203115-203999-1626144,D. Gallinari - D. Augustin - W. Barton - N. Jokic - E. Mudiay,1610612743,2015-16
203530-203914-203999-1626144-1626253,J. Lauvergne - G. Harris - N. Jokic - E. Mudiay - A. Toupane,1610612743,2015-16
2034-2749-200751-203914-203999,M. Miller - J. Nelson - R. Foye - G. Harris - N. Jokic,1610612743,2015-16
200751-201568-203914-203994-203999,R. Foye - D. Gallinari - G. Harris - J. Nurkic - N. Jokic,1610612743,2015-16
200751-203115-203914-203999-1626144,R. Foye - W. Barton - G. Harris - N. Jokic - E. Mudiay,1610612743,2015-16
200751-203115-203914-203930-203999,R. Foye - W. Barton - G. Harris - S. Kilpatrick - N. Jokic,1610612743,2015-16
203115-203914-203960-203999-1626144,W. Barton - G. Harris - J. Sampson - N. Jokic - E. Mudiay,1610612743,2015-16
203115-203914-203999-1626144-1626253,W. Barton - G. Harris - N. Jokic - E. Mudiay - A. Toupane,1610612743,2015-16
203115-203530-203960-203999-1626144,W. Barton - J. Lauvergne - J. Sampson - N. Jokic - E. Mudiay,1610612743,2015-16
201939-202710-203110-1630541-1641764,S. Curry - J. Butler III - D. Green - M. Moody - B. Podziemski,1610612744,2024-25
201939-203110-203952-1630322-1631218,S. Curry - D. Green - A. Wiggins - L. Waters III - T. Jackson-Davis,1610612744,2024-25
201939-203110-203471-203952-1631218,S. Curry - D. Green - D. Schröder - A. Wiggins - T. Jackson-Davis,1610612744,2024-25
201939-1626172-1627741-1627780-1630228,S. Curry - K. Looney - B. Hield - G. Payton II - J. Kuminga,1610612744,2024-25
201939-202710-203110-1630541-1642366,S. Curry - J. Butler III - D. Green - M. Moody - Q. Post,1610612744,2024-25
201939-203110-1627741-1627780-1630228,S. Curry - D. Green - B. Hield - G. Payton II - J. Kuminga,1610612744,2024-25
201939-1626172-1627741-1627780-1630611,S. Curry - K. Looney - B. Hield - G. Payton II - G. Santos,1610612744,2024-25
201939-203110-203952-1627741-1630228,S. Curry - D. Green - A. Wiggins - B. Hield - J. Kuminga,1610612744,2024-25
201939-1626172-1627741-1630228-1630611,S. Curry - K. Looney - B. Hield - J. Kuminga - G. Santos,1610612744,2024-25
201939-203110-203952-1630228-1631218,S. Curry - D. Green - A. Wiggins - J. Kuminga - T. Jackson-Davis,1610612744,2024-25
201939-202710-203110-1627741-1630541,S. Curry - J. Butler III - D. Green - B. Hield - M. Moody,1610612744,2024-25
201939-1626172-1627741-1627780-1630541,S. Curry - K. Looney - B. Hield - G. Payton II - M. Moody,1610612744,2024-25
201939-202710-203110-1627741-1641764,S. Curry - J. Butler III - D. Green - B. Hield - B. Podziemski,1610612744,2024-25
201939-203110-203952-1627741-1627780,S. Curry - D. Green - A. Wiggins - B. Hield - G. Payton II,1610612744,2024-25
201939-203110-1627741-1627780-1630541,S. Curry - D. Green - B. Hield - G. Payton II - M. Moody,1610612744,2024-25
201939-203110-203471-203952-1630228,S. Curry - D. Green - D. Schröder - A. Wiggins - J. Kuminga,1610612744,2024-25
201939-203952-1626172-1627741-1627780,S. Curry - A. Wiggins - K. Looney - B. Hield - G. Payton II,1610612744,2024-25
201939-202710-203110-1630541-1630611,S. Curry - J. Butler III - D. Green - M. Moody - G. Santos,1610612744,2024-25
201939-203952-1626172-1627741-1630228,S. Curry - A. Wiggins - K. Looney - B. Hield - J. Kuminga,1610612744,2024-25
201939-1626172-1627741-1630541-1630611,S. Curry - K. Looney - B. Hield - M. Moody - G. Santos,1610612744,2024-25
201939-203110-1627741-1630228-1630541,S. Curry - D. Green - B. Hield - J. Kuminga - M. Moody,1610612744,2024-25
201939-203471-203952-1630611-1631218,S. Curry - D. Schröder - A. Wiggins - G. Santos - T. Jackson-Davis,1610612744,2024-25
201939-203952-1627741-1627780-1631218,S. Curry - A. Wiggins - B. Hield - G. Payton II - T. Jackson-Davis,1610612744,2024-25
201939-202710-203110-1627780-1641764,S. Curry - J. Butler III - D. Green - G. Payton II - B. Podziemski,1610612744,2024-25
201939-202710-203110-1627780-1630541,S. Curry - J. Butler III - D. Green - G. Payton II - M. Moody,1610612744,2024-25
201939-203952-1627741-1627780-1642366,S. Curry - A. Wiggins - B. Hield - G. Payton II - Q. Post,1610612744,2024-25
201939-203952-1626172-1630228-1641764,S. Curry - A. Wiggins - K. Looney - J. Kuminga - B. Podziemski,1610612744,2024-25
201939-203110-203952-1631218-1641764,S. Curry - D. Green - A. Wiggins - T. Jackson-Davis - B. Podziemski,1610612744,2024-25
201939-203110-1627741-1641764-1642366,S. Curry - D. Green - B. Hield - B. Podziemski - Q. Post,1610612744,2024-25
201939-203110-203952-1629001-1630228,S. Curry - D. Green - A. Wiggins - D. Melton - J. Kuminga,1610612744,2024-25
201939-203110-203952-1627780-1631218,S. Curry - D. Green - A. Wiggins - G. Payton II - T. Jackson-Davis,1610612744,2024-25
201939-202710-203110-1627741-1642366,S. Curry - J. Butler III - D. Green - B. Hield - Q. Post,1610612744,2024-25
201939-1626172-1627780-1630541-1641764,S. Curry - K. Looney - G. Payton II - M. Moody - B. Podziemski,1610612744,2024-25
201939-203110-1627780-1630228-1641764,S. Curry - D. Green - G. Payton II - J. Kuminga - B. Podziemski,1610612744,2024-25
201939-203110-203937-203952-1627741,S. Curry - D. Green - K. Anderson - A. Wiggins - B. Hield,1610612744,2024-25
201939-203110-1630541-1641764-1642366,S. Curry - D. Green - M. Moody - B. Podziemski - Q. Post,1610612744,2024-25
201939-203110-203952-1630228-1630322,S. Curry - D. Green - A. Wiggins - J. Kuminga - L. Waters III,1610612744,2024-25
201939-203110-1627741-1627780-1642366,S. Curry - D. Green - B. Hield - G. Payton II - Q. Post,1610612744,2024-25
201939-203471-203952-1627741-1631218,S. Curry - D. Schröder - A. Wiggins - B. Hield - T. Jackson-Davis,1610612744,2024-25
201939-203952-1626172-1627741-1630611,S. Curry - A. Wiggins - K. Looney - B. Hield - G. Santos,1610612744,2024-25
201939-203110-203952-1629001-1631218,S. Curry - D. Green - A. Wiggins - D. Melton - T. Jackson-Davis,1610612744,2024-25
201939-203110-203952-1627780-1630322,S. Curry - D. Green - A. Wiggins - G. Payton II - L. Waters III,1610612744,2024-25
201939-203110-203952-1630228-1641764,S. Curry - D. Green - A. Wiggins - J. Kuminga - B. Podziemski,1610612744,2024-25
201939-203110-203952-1626172-1627741,S. Curry - D. Green - A. Wiggins - K. Looney - B. Hield,1610612744,2024-25
201939-203110-203952-1630541-1631218,S. Curry - D. Green - A. Wiggins - M. Moody - T. Jackson-Davis,1610612744,2024-25
201939-203110-203471-1627741-1631218,S. Curry - D. Green - D. Schröder - B. Hield - T. Jackson-Davis,1610612744,2024-25
201939-203110-1630228-1630541-1630611,S. Curry - D. Green - J. Kuminga - M. Moody - G. Santos,1610612744,2024-25
201939-202710-203110-1641764-1642366,S. Curry - J. Butler III - D. Green - B. Podziemski - Q. Post,1610612744,2024-25
201939-202710-203110-1630228-1641764,S. Curry - J. Butler III - D. Green - J. Kuminga - B. Podziemski,1610612744,2024-25
201939-1626172-1627741-1627780-1641764,S. Curry - K. Looney - B. Hield - G. Payton II - B. Podziemski,1610612744,2024-25
201939-203110-203952-1627741-1642366,S. Curry - D. Green - A. Wiggins - B. Hield - Q. Post,1610612744,2024-25
201939-203110-203952-1627780-1629001,S. Curry - D. Green - A. Wiggins - G. Payton II - D. Melton,1610612744,2024-25
201939-203110-1627741-1630541-1641764,S. Curry - D. Green - B. Hield - M. Moody - B. Podziemski,1610612744,2024-25
201939-203110-203471-203952-1626172,S. Curry - D. Green - D. Schröder - A. Wiggins - K. Looney,1610612744,2024-25
201939-203471-203952-1630541-1631218,S. Curry - D. Schröder - A. Wiggins - M. Moody - T. Jackson-Davis,1610612744,2024-25
201939-203471-203937-203952-1631218,S. Curry - D. Schröder - K. Anderson - A. Wiggins - T. Jackson-Davis,1610612744,2024-25
201939-203110-203952-1630322-1630541,S. Curry - D. Green - A. Wiggins - L. Waters III - M. Moody,1610612744,2024-25
201939-203110-1627780-1630541-1642366,S. Curry - D. Green - G. Payton II - M. Moody - Q. Post,1610612744,2024-25
201939-203471-203952-1627780-1631218,S. Curry - D. Schröder - A. Wiggins - G. Payton II - T. Jackson-Davis,1610612744,2024-25
201939-202710-1626172-1627741-1627780,S. Curry - J. Butler III - K. Looney - B. Hield - G. Payton II,1610612744,2024-25
201939-1626172-1627741-1630228-1641764,S. Curry - K. Looney - B. Hield - J. Kuminga - B. Podziemski,1610612744,2024-25
201939-1627741-1630228-1630611-1642366,S. Curry - B. Hield - J. Kuminga - G. Santos - Q. Post,1610612744,2024-25
201939-203110-203952-1627780-1641764,S. Curry - D. Green - A. Wiggins - G. Payton II - B. Podziemski,1610612744,2024-25
201939-203110-1627741-1630228-1641764,S. Curry - D. Green - B. Hield - J. Kuminga - B. Podziemski,1610612744,2024-25
201939-203110-1627780-1630541-1641764,S. Curry - D. Green - G. Payton II - M. Moody - B. Podziemski,1610612744,2024-25
201939-203110-203937-203952-1630322,S. Curry - D. Green - K. Anderson - A. Wiggins - L. Waters III,1610612744,2024-25
201939-203471-203952-1626172-1627780,S. Curry - D. Schröder - A. Wiggins - K. Looney - G. Payton II,1610612744,2024-25
201939-203110-1627780-1630541-1630611,S. Curry - D. Green - G. Payton II - M. Moody - G. Santos,1610612744,2024-25
201939-203110-1630611-1641764-1642366,S. Curry - D. Green - G. Santos - B. Podziemski - Q. Post,1610612744,2024-25
201939-203110-1626172-1627741-1641764,S. Curry - D. Green - K. Looney - B. Hield - B. Podziemski,1610612744,2024-25
201939-203937-1627741-1630541-1631218,S. Curry - K. Anderson - B. Hield - M. Moody - T. Jackson-Davis,1610612744,2024-25
201939-203110-1627741-1630228-1630611,S. Curry - D. Green - B. Hield - J. Kuminga - G. Santos,1610612744,2024-25
201939-203110-1627741-1630541-1630611,S. Curry - D. Green - B. Hield - M. Moody - G. Santos,1610612744,2024-25
201939-1626172-1627780-1630541-1630611,S. Curry - K. Looney - G. Payton II - M. Moody - G. Santos,1610612744,2024-25
201939-203952-1626172-1630611-1641764,S. Curry - A. Wiggins - K. Looney - G. Santos - B. Podziemski,1610612744,2024-25
201939-203952-1626172-1630541-1630611,S. Curry - A. Wiggins - K. Looney - M. Moody - G. Santos,1610612744,2024-25
201939-203110-203952-1627741-1631218,S. Curry - D. Green - A. Wiggins - B. Hield - T. Jackson-Davis,1610612744,2024-25
201939-203110-203952-1626172-1641764,S. Curry - D. Green - A. Wiggins - K. Looney - B. Podziemski,1610612744,2024-25
201939-203110-1626172-1627741-1627780,S. Curry - D. Green - K. Looney - B. Hield - G. Payton II,1610612744,2024-25
201939-203110-1630541-1630611-1642366,S. Curry - D. Green - M. Moody - G. Santos - Q. Post,1610612744,2024-25
201939-202710-1626172-1627741-1630541,S. Curry - J. Butler III - K. Looney - B. Hield - M. Moody,1610612744,2024-25
201939-1626172-1627741-1628995-1630611,S. Curry - K. Looney - B. Hield - K. Knox II - G. Santos,1610612744,2024-25
201939-1626172-1627780-1630322-1630541,S. Curry - K. Looney - G. Payton II - L. Waters III - M. Moody,1610612744,2024-25
201939-1626172-1630228-1630541-1630611,S. Curry - K. Looney - J. Kuminga - M. Moody - G. Santos,1610612744,2024-25
201939-1627741-1627780-1630611-1642366,S. Curry - B. Hield - G. Payton II - G. Santos - Q. Post,1610612744,2024-25
201939-1627741-1630228-1630541-1631218,S. Curry - B. Hield - J. Kuminga - M. Moody - T. Jackson-Davis,1610612744,2024-25
201939-203110-203952-1627741-1630322,S. Curry - D. Green - A. Wiggins - B. Hield - L. Waters III,1610612744,2024-25
201939-203110-203952-1627780-1630541,S. Curry - D. Green - A. Wiggins - G. Payton II - M. Moody,1610612744,2024-25
201939-203110-1627741-1630611-1642366,S. Curry - D. Green - B. Hield - G. Santos - Q. Post,1610612744,2024-25
201939-203110-1627780-1630228-1630322,S. Curry - D. Green - G. Payton II - J. Kuminga - L. Waters III,1610612744,2024-25
201939-203110-203937-1627741-1630541,S. Curry - D. Green - K. Anderson - B. Hield - M. Moody,1610612744,2024-25
201939-203110-1626172-1630322-1641764,S. Curry - D. Green - K. Looney - L. Waters III - B. Podziemski,1610612744,2024-25
201939-202710-1626172-1627780-1630541,S. Curry - J. Butler III - K. Looney - G. Payton II - M. Moody,1610612744,2024-25
201939-1626172-1627741-1630322-1630611,S. Curry - K. Looney - B. Hield - L. Waters III - G. Santos,1610612744,2024-25
201939-1626172-1627741-1630311-1630611,S. Curry - K. Looney - B. Hield - P. Spencer - G. Santos,1610612744,2024-25
201939-1626172-1630228-1630322-1641764,S. Curry - K. Looney - J. Kuminga - L. Waters III - B. Podziemski,1610612744,2024-25
201939-1626172-1630541-1630611-1641764,S. Curry - K. Looney - M. Moody - G. Santos - B. Podziemski,1610612744,2024-25
201939-203952-1627741-1630611-1642366,S. Curry - A. Wiggins - B. Hield - G. Santos - Q. Post,1610612744,2024-25
201939-203952-1627741-1630611-1631218,S. Curry - A. Wiggins - B. Hield - G. Santos - T. Jackson-Davis,1610612744,2024-25
201939-203952-1626172-1627741-1630322,S. Curry - A. Wiggins - K. Looney - B. Hield - L. Waters III,1610612744,2024-25
201939-203952-1630541-1630611-1631218,S. Curry - A. Wiggins - M. Moody - G. Santos - T. Jackson-Davis,1610612744,2024-25
201939-1627741-1627780-1630228-1642366,S. Curry - B. Hield - G. Payton II - J. Kuminga - Q. Post,1610612744,2024-25
201939-1627741-1630541-1630611-1642366,S. Curry - B. Hield - M. Moody - G. Santos - Q. Post,1610612744,2024-25
201939-203110-203952-1627741-1630541,S. Curry - D. Green - A. Wiggins - B. Hield - M. Moody,1610612744,2024-25
201939-203110-1627741-1627780-1630611,S. Curry - D. Green - B. Hield - G. Payton II - G. Santos,1610612744,2024-25
201939-203110-203471-1630611-1631218,S. Curry - D. Green - D. Schröder - G. Santos - T. Jackson-Davis,1610612744,2024-25
201939-203110-203471-1626172-1627741,S. Curry - D. Green - D. Schröder - K. Looney - B. Hield,1610612744,2024-25
201939-203110-1627780-1630322-1631218,S. Curry - D. Green - G. Payton II - L. Waters III - T. Jackson-Davis,1610612744,2024-25
201939-203110-1630541-1630611-1641764,S. Curry - D. Green - M. Moody - G. Santos - B. Podziemski,1610612744,2024-25
201939-203471-203952-1626172-1630541,S. Curry - D. Schröder - A. Wiggins - K. Looney - M. Moody,1610612744,2024-25
201939-203471-1630541-1630611-1642366,S. Curry - D. Schröder - M. Moody - G. Santos - Q. Post,1610612744,2024-25
201939-202710-203110-1630611-1641764,S. Curry - J. Butler III - D. Green - G. Santos - B. Podziemski,1610612744,2024-25
201939-202710-203110-1630228-1630541,S. Curry - J. Butler III - D. Green - J. Kuminga - M. Moody,1610612744,2024-25
201939-202710-1626172-1627741-1641764,S. Curry - J. Butler III - K. Looney - B. Hield - B. Podziemski,1610612744,2024-25
201939-202710-1626172-1627741-1630228,S. Curry - J. Butler III - K. Looney - B. Hield - J. Kuminga,1610612744,2024-25
201939-202710-1626172-1630611-1641764,S. Curry - J. Butler III - K. Looney - G. Santos - B. Podziemski,1610612744,2024-25
201939-202710-1626172-1630228-1641764,S. Curry - J. Butler III - K. Looney - J. Kuminga - B. Podziemski,1610612744,2024-25
201939-203937-203952-1627741-1631218,S. Curry - K. Anderson - A. Wiggins - B. Hield - T. Jackson-Davis,1610612744,2024-25
201939-203937-203952-1626172-1627741,S. Curry - K. Anderson - A. Wiggins - K. Looney - B. Hield,1610612744,2024-25
201939-203937-203952-1630322-1631218,S. Curry - K. Anderson - A. Wiggins - L. Waters III - T. Jackson-Davis,1610612744,2024-25
201939-203937-1626172-1630322-1641764,S. Curry - K. Anderson - K. Looney - L. Waters III - B. Podziemski,1610612744,2024-25
201939-203952-1630228-1630322-1631218,S. Curry - A. Wiggins - J. Kuminga - L. Waters III - T. Jackson-Davis,1610612744,2024-25
201939-203952-1630228-1631218-1641764,S. Curry - A. Wiggins - J. Kuminga - T. Jackson-Davis - B. Podziemski,1610612744,2024-25
201939-203952-1626172-1627780-1630541,S. Curry - A. Wiggins - K. Looney - G. Payton II - M. Moody,1610612744,2024-25
201939-1627741-1630541-1630611-1631218,S. Curry - B. Hield - M. Moody - G. Santos - T. Jackson-Davis,1610612744,2024-25
201939-203110-203952-1630541-1641764,S. Curry - D. Green - A. Wiggins - M. Moody - B. Podziemski,1610612744,2024-25
201939-203110-1627741-1630311-1642050,S. Curry - D. Green - B. Hield - P. Spencer - J. Rowe,1610612744,2024-25
201939-203110-1630228-1630322-1630541,S. Curry - D. Green - J. Kuminga - L. Waters III - M. Moody,1610612744,2024-25
201939-203110-1630228-1630541-1641764,S. Curry - D. Green - J. Kuminga - M. Moody - B. Podziemski,1610612744,2024-25
201939-203110-1630228-1630541-1642366,S. Curry - D. Green - J. Kuminga - M. Moody - Q. Post,1610612744,2024-25
201939-203937-1627780-1630541-1631218,S. Curry - K. Anderson - G. Payton II - M. Moody - T. Jackson-Davis,1610612744,2024-25
201939-203937-1626172-1627741-1630322,S. Curry - K. Anderson - K. Looney - B. Hield - L. Waters III,1610612744,2024-25
201939-203937-1626172-1630228-1630322,S. Curry - K. Anderson - K. Looney - J. Kuminga - L. Waters III,1610612744,2024-25
201939-203937-1626172-1630322-1630611,S. Curry - K. Anderson - K. Looney - L. Waters III - G. Santos,1610612744,2024-25
201939-203110-203952-1630228-1641764,S. Curry - D. Green - A. Wiggins - J. Kuminga - B. Podziemski,1610612744,2023-24
201939-202691-203110-203952-1630228,S. Curry - K. Thompson - D. Green - A. Wiggins - J. Kuminga,1610612744,2023-24
201939-202691-203110-203952-1626172,S. Curry - K. Thompson - D. Green - A. Wiggins - K. Looney,1610612744,2023-24
201939-202691-1626172-1630228-1641764,S. Curry - K. Thompson - K. Looney - J. Kuminga - B. Podziemski,1610612744,2023-24
101108-201939-202691-203952-1626172,C. Paul - S. Curry - K. Thompson - A. Wiggins - K. Looney,1610612744,2023-24
201939-202691-203110-203952-1631218,S. Curry - K. Thompson - D. Green - A. Wiggins - T. Jackson-Davis,1610612744,2023-24
101108-201939-202691-1626172-1630228,C. Paul - S. Curry - K. Thompson - K. Looney - J. Kuminga,1610612744,2023-24
201939-202691-203952-203967-1626172,S. Curry - K. Thompson - A. Wiggins - D. Saric - K. Looney,1610612744,2023-24
201939-202691-203110-1630228-1641764,S. Curry - K. Thompson - D. Green - J. Kuminga - B. Podziemski,1610612744,2023-24
101108-201939-202691-1630228-1631218,C. Paul - S. Curry - K. Thompson - J. Kuminga - T. Jackson-Davis,1610612744,2023-24
201939-203110-203952-1626172-1630541,S. Curry - D. Green - A. Wiggins - K. Looney - M. Moody,1610612744,2023-24
101108-201939-202691-203110-203952,C. Paul - S. Curry - K. Thompson - D. Green - A. Wiggins,1610612744,2023-24
201939-202691-203952-1626172-1630228,S. Curry - K. Thompson - A. Wiggins - K. Looney - J. Kuminga,1610612744,2023-24
201939-203110-1630228-1630541-1641764,S. Curry - D. Green - J. Kuminga - M. Moody - B. Podziemski,1610612744,2023-24
201939-202691-203110-1630228-1630541,S. Curry - K. Thompson - D. Green - J. Kuminga - M. Moody,1610612744,2023-24
101108-201939-203952-1630228-1631218,C. Paul - S. Curry - A. Wiggins - J. Kuminga - T. Jackson-Davis,1610612744,2023-24
201939-202691-1627780-1630228-1631218,S. Curry - K. Thompson - G. Payton II - J. Kuminga - T. Jackson-Davis,1610612744,2023-24
201939-203110-203952-1627780-1641764,S. Curry - D. Green - A. Wiggins - G. Payton II - B. Podziemski,1610612744,2023-24
201939-202691-203952-1626172-1630541,S. Curry - K. Thompson - A. Wiggins - K. Looney - M. Moody,1610612744,2023-24
201939-203952-1626172-1630541-1641764,S. Curry - A. Wiggins - K. Looney - M. Moody - B. Podziemski,1610612744,2023-24
201939-202691-203952-1626172-1641764,S. Curry - K. Thompson - A. Wiggins - K. Looney - B. Podziemski,1610612744,2023-24
201939-203952-1626172-1627780-1641764,S. Curry - A. Wiggins - K. Looney - G. Payton II - B. Podziemski,1610612744,2023-24
201939-202691-203110-203952-1627780,S. Curry - K. Thompson - D. Green - A. Wiggins - G. Payton II,1610612744,2023-24
101108-201939-203110-203952-1631218,C. Paul - S. Curry - D. Green - A. Wiggins - T. Jackson-Davis,1610612744,2023-24
101108-201939-202691-203952-203967,C. Paul - S. Curry - K. Thompson - A. Wiggins - D. Saric,1610612744,2023-24
201939-203952-203967-1626172-1641764,S. Curry - A. Wiggins - D. Saric - K. Looney - B. Podziemski,1610612744,2023-24
201939-202691-203110-203952-1641764,S. Curry - K. Thompson - D. Green - A. Wiggins - B. Podziemski,1610612744,2023-24
201939-202691-1630228-1631218-1641764,S. Curry - K. Thompson - J. Kuminga - T. Jackson-Davis - B. Podziemski,1610612744,2023-24
101108-201939-202691-203110-1627780,C. Paul - S. Curry - K. Thompson - D. Green - G. Payton II,1610612744,2023-24
201939-203110-1627780-1630228-1641764,S. Curry - D. Green - G. Payton II - J. Kuminga - B. Podziemski,1610612744,2023-24
201939-203967-1630228-1630541-1641764,S. Curry - D. Saric - J. Kuminga - M. Moody - B. Podziemski,1610612744,2023-24
201939-202691-203110-203952-1630541,S. Curry - K. Thompson - D. Green - A. Wiggins - M. Moody,1610612744,2023-24
201939-203952-203967-1631218-1641764,S. Curry - A. Wiggins - D. Saric - T. Jackson-Davis - B. Podziemski,1610612744,2023-24
201939-203952-1630228-1631218-1641764,S. Curry - A. Wiggins - J. Kuminga - T. Jackson-Davis - B. Podziemski,1610612744,2023-24
201939-202691-203110-203952-203967,S. Curry - K. Thompson - D. Green - A. Wiggins - D. Saric,1610612744,2023-24
201939-202691-203110-203967-1630541,S. Curry - K. Thompson - D. Green - D. Saric - M. Moody,1610612744,2023-24
201939-202691-203110-1627780-1630228,S. Curry - K. Thompson - D. Green - G. Payton II - J. Kuminga,1610612744,2023-24
101108-201939-202691-203110-1631218,C. Paul - S. Curry - K. Thompson - D. Green - T. Jackson-Davis,1610612744,2023-24
201939-203952-1630541-1631218-1641764,S. Curry - A. Wiggins - M. Moody - T. Jackson-Davis - B. Podziemski,1610612744,2023-24
201939-202691-203952-1630228-1631218,S. Curry - K. Thompson - A. Wiggins - J. Kuminga - T. Jackson-Davis,1610612744,2023-24
201939-202691-203110-1630541-1641764,S. Curry - K. Thompson - D. Green - M. Moody - B. Podziemski,1610612744,2023-24
101108-201939-203952-203967-1630541,C. Paul - S. Curry - A. Wiggins - D. Šarić - M. Moody,1610612744,2023-24
101108-201939-202691-203110-1630228,C. Paul - S. Curry - K. Thompson - D. Green - J. Kuminga,1610612744,2023-24
201939-203110-203952-1631218-1641764,S. Curry - D. Green - A. Wiggins - T. Jackson-Davis - B. Podziemski,1610612744,2023-24
101108-201939-203967-1627780-1630228,C. Paul - S. Curry - D. Šarić - G. Payton II - J. Kuminga,1610612744,2023-24
101108-201939-202691-203952-1631218,C. Paul - S. Curry - K. Thompson - A. Wiggins - T. Jackson-Davis,1610612744,2023-24
101108-201939-202691-203967-1630228,C. Paul - S. Curry - K. Thompson - D. Šarić - J. Kuminga,1610612744,2023-24
201939-203952-1626172-1630228-1641764,S. Curry - A. Wiggins - K. Looney - J. Kuminga - B. Podziemski,1610612744,2023-24
101108-201939-203952-1630541-1631218,C. Paul - S. Curry - A. Wiggins - M. Moody - T. Jackson-Davis,1610612744,2023-24
101108-201939-1630228-1630541-1631218,C. Paul - S. Curry - J. Kuminga - M. Moody - T. Jackson-Davis,1610612744,2023-24
101108-201939-202691-1626172-1627780,C. Paul - S. Curry - K. Thompson - K. Looney - G. Payton II,1610612744,2023-24
201939-1626172-1630228-1630541-1641764,S. Curry - K. Looney - J. Kuminga - M. Moody - B. Podziemski,1610612744,2023-24
201939-202691-1626172-1627780-1631311,S. Curry - K. Thompson - K. Looney - G. Payton II - L. Quinones,1610612744,2023-24
101108-201939-203110-1627780-1630541,C. Paul - S. Curry - D. Green - G. Payton II - M. Moody,1610612744,2023-24
101108-201939-203110-1630228-1630541,C. Paul - S. Curry - D. Green - J. Kuminga - M. Moody,1610612744,2023-24
101108-201939-203967-1630541-1631218,C. Paul - S. Curry - D. Saric - M. Moody - T. Jackson-Davis,1610612744,2023-24
201939-203110-203967-1630541-1641764,S. Curry - D. Green - D. Saric - M. Moody - B. Podziemski,1610612744,2023-24
201939-203110-1627780-1630541-1641764,S. Curry - D. Green - G. Payton II - M. Moody - B. Podziemski,1610612744,2023-24
201939-202691-203952-1627780-1631218,S. Curry - K. Thompson - A. Wiggins - G. Payton II - T. Jackson-Davis,1610612744,2023-24
201939-202691-203110-1627780-1630541,S. Curry - K. Thompson - D. Green - G. Payton II - M. Moody,1610612744,2023-24
201939-202691-203110-1626172-1630541,S. Curry - K. Thompson - D. Green - K. Looney - M. Moody,1610612744,2023-24
101108-201939-203110-203952-1627780,C. Paul - S. Curry - D. Green - A. Wiggins - G. Payton II,1610612744,2023-24
101108-201939-203110-203967-1627780,C. Paul - S. Curry - D. Green - D. Saric - G. Payton II,1610612744,2023-24
101108-201939-202691-203967-1626172,C. Paul - S. Curry - K. Thompson - D. Saric - K. Looney,1610612744,2023-24
201939-203110-203952-203967-1641764,S. Curry - D. Green - A. Wiggins - D. Saric - B. Podziemski,1610612744,2023-24
201939-202691-203952-203967-1630228,S. Curry - K. Thompson - A. Wiggins - D. Saric - J. Kuminga,1610612744,2023-24
201939-202691-203110-1627780-1641764,S. Curry - K. Thompson - D. Green - G. Payton II - B. Podziemski,1610612744,2023-24
201939-202691-1626172-1627780-1630228,S. Curry - K. Thompson - K. Looney - G. Payton II - J. Kuminga,1610612744,2023-24
201939-203110-203952-1630541-1641764,S. Curry - D. Green - A. Wiggins - M. Moody - B. Podziemski,1610612744,2023-24
201939-1626172-1627780-1630541-1641764,S. Curry - K. Looney - G. Payton II - M. Moody - B. Podziemski,1610612744,2023-24
201939-202691-203952-1626172-1627780,S. Curry - K. Thompson - A. Wiggins - K. Looney - G. Payton II,1610612744,2023-24
201939-202691-203110-1630541-1631218,S. Curry - K. Thompson - D. Green - M. Moody - T. Jackson-Davis,1610612744,2023-24
101108-201939-203952-203967-1631218,C. Paul - S. Curry - A. Wiggins - D. Saric - T. Jackson-Davis,1610612744,2023-24
101108-201939-203110-203952-1630228,C. Paul - S. Curry - D. Green - A. Wiggins - J. Kuminga,1610612744,2023-24
101108-201939-202691-203110-1630541,C. Paul - S. Curry - K. Thompson - D. Green - M. Moody,1610612744,2023-24
201939-203952-203967-1630228-1641764,S. Curry - A. Wiggins - D. Saric - J. Kuminga - B. Podziemski,1610612744,2023-24
201939-203952-1627780-1631218-1641764,S. Curry - A. Wiggins - G. Payton II - T. Jackson-Davis - B. Podziemski,1610612744,2023-24
201939-202709-203110-1630228-1641764,S. Curry - C. Joseph - D. Green - J. Kuminga - B. Podziemski,1610612744,2023-24
201939-203110-1627780-1630541-1631311,S. Curry - D. Green - G. Payton II - M. Moody - L. Quinones,1610612744,2023-24
201939-203967-1627780-1630228-1630541,S. Curry - D. Saric - G. Payton II - J. Kuminga - M. Moody,1610612744,2023-24
201939-202691-203952-203967-1630541,S. Curry - K. Thompson - A. Wiggins - D. Saric - M. Moody,1610612744,2023-24
201939-202691-203952-1630541-1631218,S. Curry - K. Thompson - A. Wiggins - M. Moody - T. Jackson-Davis,1610612744,2023-24
201939-202691-1626172-1630228-1630541,S. Curry - K. Thompson - K. Looney - J. Kuminga - M. Moody,1610612744,2023-24
101108-201939-203967-1630228-1630541,C. Paul - S. Curry - D. Saric - J. Kuminga - M. Moody,1610612744,2023-24
201939-203952-203967-1630541-1641764,S. Curry - A. Wiggins - D. Šarić - M. Moody - B. Podziemski,1610612744,2023-24
201939-202709-203952-1626172-1630541,S. Curry - C. Joseph - A. Wiggins - K. Looney - M. Moody,1610612744,2023-24
201939-203110-203952-203967-1627780,S. Curry - D. Green - A. Wiggins - D. Šarić - G. Payton II,1610612744,2023-24
201939-202691-203110-1631311-1641764,S. Curry - K. Thompson - D. Green - L. Quinones - B. Podziemski,1610612744,2023-24
201939-202691-203967-1626172-1641764,S. Curry - K. Thompson - D. Saric - K. Looney - B. Podziemski,1610612744,2023-24
201939-202691-1630228-1630541-1631218,S. Curry - K. Thompson - J. Kuminga - M. Moody - T. Jackson-Davis,1610612744,2023-24
101108-201939-203952-1627780-1631218,C. Paul - S. Curry - A. Wiggins - G. Payton II - T. Jackson-Davis,1610612744,2023-24
101108-201939-203952-1626172-1630228,C. Paul - S. Curry - A. Wiggins - K. Looney - J. Kuminga,1610612744,2023-24
101108-201939-203952-1626172-1630541,C. Paul - S. Curry - A. Wiggins - K. Looney - M. Moody,1610612744,2023-24
101108-201939-203967-1630228-1641764,C. Paul - S. Curry - D. Saric - J. Kuminga - B. Podziemski,1610612744,2023-24
101108-201939-1626172-1630228-1641764,C. Paul - S. Curry - K. Looney - J. Kuminga - B. Podziemski,1610612744,2023-24
101108-201939-1626172-1630228-1630541,C. Paul - S. Curry - K. Looney - J. Kuminga - M. Moody,1610612744,2023-24
201939-203110-203952-203967-1630541,S. Curry - D. Green - A. Wiggins - D. Šarić - M. Moody,1610612744,2023-24
201939-203110-203952-1627780-1630541,S. Curry - D. Green - A. Wiggins - G. Payton II - M. Moody,1610612744,2023-24
201939-203110-1627780-1630541-1631218,S. Curry - D. Green - G. Payton II - M. Moody - T. Jackson-Davis,1610612744,2023-24
201939-203110-1630228-1630611-1641764,S. Curry - D. Green - J. Kuminga - G. Santos - B. Podziemski,1610612744,2023-24
201939-202691-203952-203967-1641764,S. Curry - K. Thompson - A. Wiggins - D. Saric - B. Podziemski,1610612744,2023-24
201939-202691-203952-1631218-1641764,S. Curry - K. Thompson - A. Wiggins - T. Jackson-Davis - B. Podziemski,1610612744,2023-24
201939-202691-203110-203967-1627780,S. Curry - K. Thompson - D. Green - D. Saric - G. Payton II,1610612744,2023-24
201939-202691-203110-1626172-1627780,S. Curry - K. Thompson - D. Green - K. Looney - G. Payton II,1610612744,2023-24
201939-202691-203967-1630228-1641764,S. Curry - K. Thompson - D. Saric - J. Kuminga - B. Podziemski,1610612744,2023-24
201939-202691-203967-1630228-1630541,S. Curry - K. Thompson - D. Saric - J. Kuminga - M. Moody,1610612744,2023-24
201939-202691-1626172-1630541-1641764,S. Curry - K. Thompson - K. Looney - M. Moody - B. Podziemski,1610612744,2023-24
101108-201939-203952-203967-1626172,C. Paul - S. Curry - A. Wiggins - D. Šarić - K. Looney,1610612744,2023-24
101108-201939-203967-1627780-1631218,C. Paul - S. Curry - D. Saric - G. Payton II - T. Jackson-Davis,1610612744,2023-24
101108-201939-202691-203110-1626172,C. Paul - S. Curry - K. Thompson - D. Green - K. Looney,1610612744,2023-24
101108-201939-202691-1627780-1631218,C. Paul - S. Curry - K. Thompson - G. Payton II - T. Jackson-Davis,1610612744,2023-24
201939-203952-1626172-1627780-1630541,S. Curry - A. Wiggins - K. Looney - G. Payton II - M. Moody,1610612744,2023-24
201939-203952-1626172-1630611-1641764,S. Curry - A. Wiggins - K. Looney - G. Santos - B. Podziemski,1610612744,2023-24
201939-202709-203967-1630228-1641764,S. Curry - C. Joseph - D. Saric - J. Kuminga - B. Podziemski,1610612744,2023-24
201939-203110-203967-1627780-1641764,S. Curry - D. Green - D. Saric - G. Payton II - B. Podziemski,1610612744,2023-24
201939-203110-203967-1627780-1630228,S. Curry - D. Green - D. Šarić - G. Payton II - J. Kuminga,1610612744,2023-24
201939-1626172-1627780-1631311-1641764,S. Curry - K. Looney - G. Payton II - L. Quinones - B. Podziemski,1610612744,2023-24
201939-1626172-1630611-1631311-1641764,S. Curry - K. Looney - G. Santos - L. Quinones - B. Podziemski,1610612744,2023-24
201939-1626172-1630228-1630541-1631311,S. Curry - K. Looney - J. Kuminga - M. Moody - L. Quinones,1610612744,2023-24
201939-202691-203952-203967-1631218,S. Curry - K. Thompson - A. Wiggins - D. Saric - T. Jackson-Davis,1610612744,2023-24
201939-203110-203952-203967-1630228,S. Curry - D. Green - A. Wiggins - D. Saric - J. Kuminga,1610612744,2023-24
201939-203110-203952-1630611-1641764,S. Curry - D. Green - A. Wiggins - G. Santos - B. Podziemski,1610612744,2023-24
201939-203110-203952-1630228-1631311,S. Curry - D. Green - A. Wiggins - J. Kuminga - L. Quinones,1610612744,2023-24
201939-203110-1630541-1631218-1641764,S. Curry - D. Green - M. Moody - T. Jackson-Davis - B. Podziemski,1610612744,2023-24
201939-203967-1630228-1630541-1631218,S. Curry - D. Saric - J. Kuminga - M. Moody - T. Jackson-Davis,1610612744,2023-24
201939-1630228-1630541-1631218-1641764,S. Curry - J. Kuminga - M. Moody - T. Jackson-Davis - B. Podziemski,1610612744,2023-24
201939-202691-203110-1630611-1631311,S. Curry - K. Thompson - D. Green - G. Santos - L. Quinones,1610612744,2023-24
201939-202691-203110-1630228-1631311,S. Curry - K. Thompson - D. Green - J. Kuminga - L. Quinones,1610612744,2023-24
201939-202691-203110-1630228-1631218,S. Curry - K. Thompson - D. Green - J. Kuminga - T. Jackson-Davis,1610612744,2023-24
201939-202691-203110-203952-1626172,S. Curry - K. Thompson - D. Green - A. Wiggins - K. Looney,1610612744,2022-23
201939-202691-203110-1626172-1628978,S. Curry - K. Thompson - D. Green - K. Looney - D. DiVincenzo,1610612744,2022-23
201939-202691-203110-203952-1629673,S. Curry - K. Thompson - D. Green - A. Wiggins - J. Poole,1610612744,2022-23
201939-202691-203110-1626172-1629673,S. Curry - K. Thompson - D. Green - K. Looney - J. Poole,1610612744,2022-23
201939-202691-203110-1628978-1630228,S. Curry - K. Thompson - D. Green - D. DiVincenzo - J. Kuminga,1610612744,2022-23
201939-203110-203952-1626172-1629673,S. Curry - D. Green - A. Wiggins - K. Looney - J. Poole,1610612744,2022-23
201939-202691-203110-1629673-1630228,S. Curry - K. Thompson - D. Green - J. Poole - J. Kuminga,1610612744,2022-23
201939-202691-1626172-1628978-1630228,S. Curry - K. Thompson - K. Looney - D. DiVincenzo - J. Kuminga,1610612744,2022-23
201939-203110-1629673-1630228-1630237,S. Curry - D. Green - J. Poole - J. Kuminga - A. Lamb,1610612744,2022-23
201939-203110-1626172-1628978-1629673,S. Curry - D. Green - K. Looney - D. DiVincenzo - J. Poole,1610612744,2022-23
201939-203210-1628978-1629673-1630228,S. Curry - J. Green - D. DiVincenzo - J. Poole - J. Kuminga,1610612744,2022-23
201939-202691-203110-203210-1629673,S. Curry - K. Thompson - D. Green - J. Green - J. Poole,1610612744,2022-23
201939-202691-1626172-1628978-1630237,S. Curry - K. Thompson - K. Looney - D. DiVincenzo - A. Lamb,1610612744,2022-23
201939-202691-203110-1628978-1629673,S. Curry - K. Thompson - D. Green - D. DiVincenzo - J. Poole,1610612744,2022-23
201939-202691-203110-203210-203952,S. Curry - K. Thompson - D. Green - J. Green - A. Wiggins,1610612744,2022-23
201939-202691-1626172-1629673-1630228,S. Curry - K. Thompson - K. Looney - J. Poole - J. Kuminga,1610612744,2022-23
201939-1626172-1628978-1630228-1630237,S. Curry - K. Looney - D. DiVincenzo - J. Kuminga - A. Lamb,1610612744,2022-23
201939-203110-203952-1629673-1630237,S. Curry - D. Green - A. Wiggins - J. Poole - A. Lamb,1610612744,2022-23
201939-202691-203110-1629673-1630237,S. Curry - K. Thompson - D. Green - J. Poole - A. Lamb,1610612744,2022-23
201939-203210-1629673-1630164-1630541,S. Curry - J. Green - J. Poole - J. Wiseman - M. Moody,1610612744,2022-23
201939-202691-203952-1626172-1629673,S. Curry - K. Thompson - A. Wiggins - K. Looney - J. Poole,1610612744,2022-23
201939-202691-203110-203952-1630237,S. Curry - K. Thompson - D. Green - A. Wiggins - A. Lamb,1610612744,2022-23
201939-203110-1628978-1629673-1630228,S. Curry - D. Green - D. DiVincenzo - J. Poole - J. Kuminga,1610612744,2022-23
201939-203952-1626172-1629673-1630228,S. Curry - A. Wiggins - K. Looney - J. Poole - J. Kuminga,1610612744,2022-23
201939-1626172-1628978-1629673-1630237,S. Curry - K. Looney - D. DiVincenzo - J. Poole - A. Lamb,1610612744,2022-23
201939-202691-203110-203952-1630541,S. Curry - K. Thompson - D. Green - A. Wiggins - M. Moody,1610612744,2022-23
201939-202691-203110-1630228-1630237,S. Curry - K. Thompson - D. Green - J. Kuminga - A. Lamb,1610612744,2022-23
201939-203110-203952-1629673-1630164,S. Curry - D. Green - A. Wiggins - J. Poole - J. Wiseman,1610612744,2022-23
201939-203110-203952-1629673-1630541,S. Curry - D. Green - A. Wiggins - J. Poole - M. Moody,1610612744,2022-23
201939-203110-203210-1629673-1630237,S. Curry - D. Green - J. Green - J. Poole - A. Lamb,1610612744,2022-23
201939-203210-1628978-1629673-1630237,S. Curry - J. Green - D. DiVincenzo - J. Poole - A. Lamb,1610612744,2022-23
201939-1626172-1629673-1630237-1630541,S. Curry - K. Looney - J. Poole - A. Lamb - M. Moody,1610612744,2022-23
201939-202691-203952-1626172-1628978,S. Curry - K. Thompson - A. Wiggins - K. Looney - D. DiVincenzo,1610612744,2022-23
201939-202691-203210-1628978-1630228,S. Curry - K. Thompson - J. Green - D. DiVincenzo - J. Kuminga,1610612744,2022-23
201939-202691-203210-1629673-1630228,S. Curry - K. Thompson - J. Green - J. Poole - J. Kuminga,1610612744,2022-23
201939-203110-203210-1628978-1629673,S. Curry - D. Green - J. Green - D. DiVincenzo - J. Poole,1610612744,2022-23
201939-203210-1628978-1630228-1630541,S. Curry - J. Green - D. DiVincenzo - J. Kuminga - M. Moody,1610612744,2022-23
201939-1626172-1628978-1629660-1630237,S. Curry - K. Looney - D. DiVincenzo - T. Jerome - A. Lamb,1610612744,2022-23
201939-202691-203110-203952-1630164,S. Curry - K. Thompson - D. Green - A. Wiggins - J. Wiseman,1610612744,2022-23
2738-201939-202691-203110-203952,A. Iguodala - S. Curry - K. Thompson - D. Green - A. Wiggins,1610612744,2022-23
2738-201939-202691-203110-1629673,A. Iguodala - S. Curry - K. Thompson - D. Green - J. Poole,1610612744,2022-23
201939-203110-1627780-1629673-1630237,S. Curry - D. Green - G. Payton II - J. Poole - A. Lamb,1610612744,2022-23
201939-203110-203210-203952-1630541,S. Curry - D. Green - J. Green - A. Wiggins - M. Moody,1610612744,2022-23
201939-203110-1629673-1630228-1630541,S. Curry - D. Green - J. Poole - J. Kuminga - M. Moody,1610612744,2022-23
201939-1626172-1629673-1630228-1630237,S. Curry - K. Looney - J. Poole - J. Kuminga - A. Lamb,1610612744,2022-23
201939-202691-203952-1626172-1630237,S. Curry - K. Thompson - A. Wiggins - K. Looney - A. Lamb,1610612744,2022-23
201939-202691-203110-203952-1630228,S. Curry - K. Thompson - D. Green - A. Wiggins - J. Kuminga,1610612744,2022-23
201939-202691-203110-1630164-1630541,S. Curry - K. Thompson - D. Green - J. Wiseman - M. Moody,1610612744,2022-23
201939-202691-203110-1626172-1627780,S. Curry - K. Thompson - D. Green - K. Looney - G. Payton II,1610612744,2022-23
2738-201939-203110-203952-1629673,A. Iguodala - S. Curry - D. Green - A. Wiggins - J. Poole,1610612744,2022-23
201939-203110-203952-1628978-1630237,S. Curry - D. Green - A. Wiggins - D. DiVincenzo - A. Lamb,1610612744,2022-23
201939-203110-203952-1626172-1630541,S. Curry - D. Green - A. Wiggins - K. Looney - M. Moody,1610612744,2022-23
201939-203110-1626172-1628978-1630541,S. Curry - D. Green - K. Looney - D. DiVincenzo - M. Moody,1610612744,2022-23
201939-203210-1628978-1630228-1630237,S. Curry - J. Green - D. DiVincenzo - J. Kuminga - A. Lamb,1610612744,2022-23
201939-1626172-1628978-1629673-1630228,S. Curry - K. Looney - D. DiVincenzo - J. Poole - J. Kuminga,1610612744,2022-23
201939-202691-203110-1628978-1630237,S. Curry - K. Thompson - D. Green - D. DiVincenzo - A. Lamb,1610612744,2022-23
201939-202691-1626172-1630228-1630237,S. Curry - K. Thompson - K. Looney - J. Kuminga - A. Lamb,1610612744,2022-23
2738-201939-203110-1629660-1631116,A. Iguodala - S. Curry - D. Green - T. Jerome - P. Baldwin Jr.,1610612744,2022-23
201939-203952-1626172-1628978-1630228,S. Curry - A. Wiggins - K. Looney - D. DiVincenzo - J. Kuminga,1610612744,2022-23
201939-203110-203952-1626172-1628978,S. Curry - D. Green - A. Wiggins - K. Looney - D. DiVincenzo,1610612744,2022-23
201939-203110-1628978-1629673-1630237,S. Curry - D. Green - D. DiVincenzo - J. Poole - A. Lamb,1610612744,2022-23
201939-203110-1626172-1629673-1630541,S. Curry - D. Green - K. Looney - J. Poole - M. Moody,1610612744,2022-23
201939-203210-203952-1626172-1628978,S. Curry - J. Green - A. Wiggins - K. Looney - D. DiVincenzo,1610612744,2022-23
201939-1626172-1628978-1629660-1630228,S. Curry - K. Looney - D. DiVincenzo - T. Jerome - J. Kuminga,1610612744,2022-23
201939-202691-203110-203210-1628978,S. Curry - K. Thompson - D. Green - J. Green - D. DiVincenzo,1610612744,2022-23
201939-202691-203110-1629673-1630541,S. Curry - K. Thompson - D. Green - J. Poole - M. Moody,1610612744,2022-23
201939-202691-203110-1626172-1630237,S. Curry - K. Thompson - D. Green - K. Looney - A. Lamb,1610612744,2022-23
201939-202691-203110-1626172-1630541,S. Curry - K. Thompson - D. Green - K. Looney - M. Moody,1610612744,2022-23
201939-202691-203210-203952-1629673,S. Curry - K. Thompson - J. Green - A. Wiggins - J. Poole,1610612744,2022-23
201939-202691-203210-1626172-1629673,S. Curry - K. Thompson - J. Green - K. Looney - J. Poole,1610612744,2022-23
201939-202691-1626172-1627780-1628978,S. Curry - K. Thompson - K. Looney - G. Payton II - D. DiVincenzo,1610612744,2022-23
2738-201939-1626172-1628978-1629673,A. Iguodala - S. Curry - K. Looney - D. DiVincenzo - J. Poole,1610612744,2022-23
201939-203952-1626172-1629660-1630541,S. Curry - A. Wiggins - K. Looney - T. Jerome - M. Moody,1610612744,2022-23
201939-203952-1629660-1630164-1630541,S. Curry - A. Wiggins - T. Jerome - J. Wiseman - M. Moody,1610612744,2022-23
201939-203110-203952-1628978-1629673,S. Curry - D. Green - A. Wiggins - D. DiVincenzo - J. Poole,1610612744,2022-23
201939-203110-203952-1629673-1630228,S. Curry - D. Green - A. Wiggins - J. Poole - J. Kuminga,1610612744,2022-23
201939-203110-1627780-1630228-1630541,S. Curry - D. Green - G. Payton II - J. Kuminga - M. Moody,1610612744,2022-23
201939-203110-1629673-1630164-1630541,S. Curry - D. Green - J. Poole - J. Wiseman - M. Moody,1610612744,2022-23
201939-203110-1626172-1627780-1630541,S. Curry - D. Green - K. Looney - G. Payton II - M. Moody,1610612744,2022-23
201939-203210-203952-1628978-1630228,S. Curry - J. Green - A. Wiggins - D. DiVincenzo - J. Kuminga,1610612744,2022-23
201939-203210-203952-1629673-1630164,S. Curry - J. Green - A. Wiggins - J. Poole - J. Wiseman,1610612744,2022-23
201939-203210-1629673-1630164-1630228,S. Curry - J. Green - J. Poole - J. Wiseman - J. Kuminga,1610612744,2022-23
201939-202691-203110-1627780-1628978,S. Curry - K. Thompson - D. Green - G. Payton II - D. DiVincenzo,1610612744,2022-23
201939-202691-1626172-1628978-1629673,S. Curry - K. Thompson - K. Looney - D. DiVincenzo - J. Poole,1610612744,2022-23
201939-202691-1626172-1627780-1630237,S. Curry - K. Thompson - K. Looney - G. Payton II - A. Lamb,1610612744,2022-23
2738-201939-203110-1628978-1629673,A. Iguodala - S. Curry - D. Green - D. DiVincenzo - J. Poole,1610612744,2022-23
2738-201939-203210-1628978-1629673,A. Iguodala - S. Curry - J. Green - D. DiVincenzo - J. Poole,1610612744,2022-23
2738-201939-203210-1629673-1630541,A. Iguodala - S. Curry - J. Green - J. Poole - M. Moody,1610612744,2022-23
201939-203952-1626172-1628978-1630237,S. Curry - A. Wiggins - K. Looney - D. DiVincenzo - A. Lamb,1610612744,2022-23
201939-203110-1628978-1630228-1630237,S. Curry - D. Green - D. DiVincenzo - J. Kuminga - A. Lamb,1610612744,2022-23
201939-203110-1627780-1628978-1629673,S. Curry - D. Green - G. Payton II - D. DiVincenzo - J. Poole,1610612744,2022-23
201939-203110-1627780-1629673-1630228,S. Curry - D. Green - G. Payton II - J. Poole - J. Kuminga,1610612744,2022-23
201939-203210-203952-1626172-1629673,S. Curry - J. Green - A. Wiggins - K. Looney - J. Poole,1610612744,2022-23
201939-203210-1628978-1630237-1630541,S. Curry - J. Green - D. DiVincenzo - A. Lamb - M. Moody,1610612744,2022-23
201939-203210-1629673-1630228-1630237,S. Curry - J. Green - J. Poole - J. Kuminga - A. Lamb,1610612744,2022-23
201939-203210-1629660-1630228-1630237,S. Curry - J. Green - T. Jerome - J. Kuminga - A. Lamb,1610612744,2022-23
201939-1626172-1628978-1630237-1630541,S. Curry - K. Looney - D. DiVincenzo - A. Lamb - M. Moody,1610612744,2022-23
201939-1626172-1628978-1630228-1630541,S. Curry - K. Looney - D. DiVincenzo - J. Kuminga - M. Moody,1610612744,2022-23
201939-202691-203110-203952-1628978,S. Curry - K. Thompson - D. Green - A. Wiggins - D. DiVincenzo,1610612744,2022-23
201939-202691-203110-1627780-1629673,S. Curry - K. Thompson - D. Green - G. Payton II - J. Poole,1610612744,2022-23
201939-202691-203110-1626172-1629660,S. Curry - K. Thompson - D. Green - K. Looney - T. Jerome,1610612744,2022-23
201939-202691-1626172-1627780-1629673,S. Curry - K. Thompson - K. Looney - G. Payton II - J. Poole,1610612744,2022-23
201939-202691-1626172-1629673-1630237,S. Curry - K. Thompson - K. Looney - J. Poole - A. Lamb,1610612744,2022-23
201939-203110-203952-1626172-1629673,S. Curry - D. Green - A. Wiggins - K. Looney - J. Poole,1610612744,2021-22
201939-203490-203952-1626172-1629673,S. Curry - O. Porter Jr. - A. Wiggins - K. Looney - J. Poole,1610612744,2021-22
201939-202691-203490-203952-1626172,S. Curry - K. Thompson - O. Porter Jr. - A. Wiggins - K. Looney,1610612744,2021-22
201939-202691-203952-1626172-1630228,S. Curry - K. Thompson - A. Wiggins - K. Looney - J. Kuminga,1610612744,2021-22
201939-203110-203490-203952-1629673,S. Curry - D. Green - O. Porter Jr. - A. Wiggins - J. Poole,1610612744,2021-22
201939-202691-203952-1626172-1630541,S. Curry - K. Thompson - A. Wiggins - K. Looney - M. Moody,1610612744,2021-22
201939-202691-203952-1626172-1627780,S. Curry - K. Thompson - A. Wiggins - K. Looney - G. Payton II,1610612744,2021-22
201939-202691-203952-1626172-1629673,S. Curry - K. Thompson - A. Wiggins - K. Looney - J. Poole,1610612744,2021-22
201939-203490-203952-1626172-1627780,S. Curry - O. Porter Jr. - A. Wiggins - K. Looney - G. Payton II,1610612744,2021-22
2738-201939-202357-203490-1627780,A. Iguodala - S. Curry - N. Bjelica - O. Porter Jr. - G. Payton II,1610612744,2021-22
201939-203952-1626172-1627780-1629673,S. Curry - A. Wiggins - K. Looney - G. Payton II - J. Poole,1610612744,2021-22
201939-202357-203490-1627780-1629308,S. Curry - N. Bjelica - O. Porter Jr. - G. Payton II - J. Toscano-Anderson,1610612744,2021-22
201939-203110-203952-1626172-1627780,S. Curry - D. Green - A. Wiggins - K. Looney - G. Payton II,1610612744,2021-22
201939-203110-203952-1629308-1629673,S. Curry - D. Green - A. Wiggins - J. Toscano-Anderson - J. Poole,1610612744,2021-22
201939-203110-203490-1626172-1627780,S. Curry - D. Green - O. Porter Jr. - K. Looney - G. Payton II,1610612744,2021-22
2738-201939-203110-203952-1627814,A. Iguodala - S. Curry - D. Green - A. Wiggins - D. Lee,1610612744,2021-22
201939-203952-1626172-1627780-1630541,S. Curry - A. Wiggins - K. Looney - G. Payton II - M. Moody,1610612744,2021-22
201939-203952-1626172-1629308-1629673,S. Curry - A. Wiggins - K. Looney - J. Toscano-Anderson - J. Poole,1610612744,2021-22
201939-202357-203490-1627814-1629308,S. Curry - N. Bjelica - O. Porter Jr. - D. Lee - J. Toscano-Anderson,1610612744,2021-22
201939-203110-203952-1627814-1629308,S. Curry - D. Green - A. Wiggins - D. Lee - J. Toscano-Anderson,1610612744,2021-22
201939-202357-202691-1627814-1630228,S. Curry - N. Bjelica - K. Thompson - D. Lee - J. Kuminga,1610612744,2021-22
2738-201939-202357-1627814-1629308,A. Iguodala - S. Curry - N. Bjelica - D. Lee - J. Toscano-Anderson,1610612744,2021-22
2738-201939-203490-1627814-1630228,A. Iguodala - S. Curry - O. Porter Jr. - D. Lee - J. Kuminga,1610612744,2021-22
201939-203952-1626172-1627780-1627814,S. Curry - A. Wiggins - K. Looney - G. Payton II - D. Lee,1610612744,2021-22
201939-203952-1626172-1629673-1630228,S. Curry - A. Wiggins - K. Looney - J. Poole - J. Kuminga,1610612744,2021-22
201939-203110-203952-1626172-1630541,S. Curry - D. Green - A. Wiggins - K. Looney - M. Moody,1610612744,2021-22
201939-202691-1627814-1629308-1630228,S. Curry - K. Thompson - D. Lee - J. Toscano-Anderson - J. Kuminga,1610612744,2021-22
201939-202357-203490-1629185-1629308,S. Curry - N. Bjelica - O. Porter Jr. - C. Chiozza - J. Toscano-Anderson,1610612744,2021-22
201939-202691-203952-1626172-1629308,S. Curry - K. Thompson - A. Wiggins - K. Looney - J. Toscano-Anderson,1610612744,2021-22
201939-202357-203952-1629673-1630228,S. Curry - N. Bjelica - A. Wiggins - J. Poole - J. Kuminga,1610612744,2021-22
201939-202357-1627780-1627814-1629308,S. Curry - N. Bjelica - G. Payton II - D. Lee - J. Toscano-Anderson,1610612744,2021-22
201939-203110-203490-203952-1627814,S. Curry - D. Green - O. Porter Jr. - A. Wiggins - D. Lee,1610612744,2021-22
201939-202357-203490-1629673-1630228,S. Curry - N. Bjelica - O. Porter Jr. - J. Poole - J. Kuminga,1610612744,2021-22
201939-203952-1626172-1627780-1629308,S. Curry - A. Wiggins - K. Looney - G. Payton II - J. Toscano-Anderson,1610612744,2021-22
201939-202691-1626172-1629673-1630228,S. Curry - K. Thompson - K. Looney - J. Poole - J. Kuminga,1610612744,2021-22
201939-202357-202691-1629673-1630228,S. Curry - N. Bjelica - K. Thompson - J. Poole - J. Kuminga,1610612744,2021-22
201939-202357-203490-1627814-1630228,S. Curry - N. Bjelica - O. Porter Jr. - D. Lee - J. Kuminga,1610612744,2021-22
2738-201939-202357-203490-1629673,A. Iguodala - S. Curry - N. Bjelica - O. Porter Jr. - J. Poole,1610612744,2021-22
201939-203952-1626172-1629673-1630541,S. Curry - A. Wiggins - K. Looney - J. Poole - M. Moody,1610612744,2021-22
201939-203110-203952-1627780-1629673,S. Curry - D. Green - A. Wiggins - G. Payton II - J. Poole,1610612744,2021-22
201939-203110-203490-1627780-1629308,S. Curry - D. Green - O. Porter Jr. - G. Payton II - J. Toscano-Anderson,1610612744,2021-22
201939-202691-203952-1629673-1630228,S. Curry - K. Thompson - A. Wiggins - J. Poole - J. Kuminga,1610612744,2021-22
2738-201939-203952-1626172-1629673,A. Iguodala - S. Curry - A. Wiggins - K. Looney - J. Poole,1610612744,2021-22
2738-201939-202357-1627780-1630228,A. Iguodala - S. Curry - N. Bjelica - G. Payton II - J. Kuminga,1610612744,2021-22
2738-201939-202357-203490-1627814,A. Iguodala - S. Curry - N. Bjelica - O. Porter Jr. - D. Lee,1610612744,2021-22
201939-1629308-1629673-1630228-1630541,S. Curry - J. Toscano-Anderson - J. Poole - J. Kuminga - M. Moody,1610612744,2021-22
201939-202357-203110-203952-1627780,S. Curry - N. Bjelica - D. Green - A. Wiggins - G. Payton II,1610612744,2021-22
201939-203490-1626172-1627814-1629308,S. Curry - O. Porter Jr. - K. Looney - D. Lee - J. Toscano-Anderson,1610612744,2021-22
2738-201939-203490-1627814-1629308,A. Iguodala - S. Curry - O. Porter Jr. - D. Lee - J. Toscano-Anderson,1610612744,2021-22
201939-203110-203952-1626172-1629185,S. Curry - D. Green - A. Wiggins - K. Looney - C. Chiozza,1610612744,2021-22
201939-203110-203952-1626172-1627814,S. Curry - D. Green - A. Wiggins - K. Looney - D. Lee,1610612744,2021-22
201939-203110-1626172-1627814-1630228,S. Curry - D. Green - K. Looney - D. Lee - J. Kuminga,1610612744,2021-22
201939-203110-1626172-1627814-1629308,S. Curry - D. Green - K. Looney - D. Lee - J. Toscano-Anderson,1610612744,2021-22
201939-202691-1629308-1629673-1630228,S. Curry - K. Thompson - J. Toscano-Anderson - J. Poole - J. Kuminga,1610612744,2021-22
201939-202357-203110-203952-1629673,S. Curry - N. Bjelica - D. Green - A. Wiggins - J. Poole,1610612744,2021-22
201939-202357-1627780-1627814-1630228,S. Curry - N. Bjelica - G. Payton II - D. Lee - J. Kuminga,1610612744,2021-22
201939-202357-203490-1627780-1627814,S. Curry - N. Bjelica - O. Porter Jr. - G. Payton II - D. Lee,1610612744,2021-22
201939-202357-203490-1627780-1630228,S. Curry - N. Bjelica - O. Porter Jr. - G. Payton II - J. Kuminga,1610612744,2021-22
2738-201939-202357-203110-1627814,A. Iguodala - S. Curry - N. Bjelica - D. Green - D. Lee,1610612744,2021-22
2738-201939-202357-203110-1627780,A. Iguodala - S. Curry - N. Bjelica - D. Green - G. Payton II,1610612744,2021-22
201939-203952-1627780-1629673-1630228,S. Curry - A. Wiggins - G. Payton II - J. Poole - J. Kuminga,1610612744,2021-22
201939-203952-1626172-1627814-1629308,S. Curry - A. Wiggins - K. Looney - D. Lee - J. Toscano-Anderson,1610612744,2021-22
201939-1627814-1629308-1629673-1630228,S. Curry - D. Lee - J. Toscano-Anderson - J. Poole - J. Kuminga,1610612744,2021-22
201939-202691-203490-203952-1627780,S. Curry - K. Thompson - O. Porter Jr. - A. Wiggins - G. Payton II,1610612744,2021-22
201939-202357-203110-203952-1627814,S. Curry - N. Bjelica - D. Green - A. Wiggins - D. Lee,1610612744,2021-22
201939-203490-1627814-1629308-1630228,S. Curry - O. Porter Jr. - D. Lee - J. Toscano-Anderson - J. Kuminga,1610612744,2021-22
2738-201939-203110-203490-1627814,A. Iguodala - S. Curry - D. Green - O. Porter Jr. - D. Lee,1610612744,2021-22
2738-201939-203490-1627780-1627814,A. Iguodala - S. Curry - O. Porter Jr. - G. Payton II - D. Lee,1610612744,2021-22
201939-203952-1627780-1629308-1629673,S. Curry - A. Wiggins - G. Payton II - J. Toscano-Anderson - J. Poole,1610612744,2021-22
201939-203110-203952-1627814-1629673,S. Curry - D. Green - A. Wiggins - D. Lee - J. Poole,1610612744,2021-22
201939-202691-1629308-1630228-1630541,S. Curry - K. Thompson - J. Toscano-Anderson - J. Kuminga - M. Moody,1610612744,2021-22
201939-202691-203490-203952-1629673,S. Curry - K. Thompson - O. Porter Jr. - A. Wiggins - J. Poole,1610612744,2021-22
201939-202357-203952-1630228-1630541,S. Curry - N. Bjelica - A. Wiggins - J. Kuminga - M. Moody,1610612744,2021-22
201939-202357-1627814-1629308-1629673,S. Curry - N. Bjelica - D. Lee - J. Toscano-Anderson - J. Poole,1610612744,2021-22
201939-202357-202691-1630228-1630541,S. Curry - N. Bjelica - K. Thompson - J. Kuminga - M. Moody,1610612744,2021-22
201939-202357-203490-1629683-1630228,S. Curry - N. Bjelica - O. Porter Jr. - Q. Weatherspoon - J. Kuminga,1610612744,2021-22
201939-203490-203952-1629673-1630228,S. Curry - O. Porter Jr. - A. Wiggins - J. Poole - J. Kuminga,1610612744,2021-22
2738-201939-203952-1626172-1627780,A. Iguodala - S. Curry - A. Wiggins - K. Looney - G. Payton II,1610612744,2021-22
2738-201939-202691-203952-1627780,A. Iguodala - S. Curry - K. Thompson - A. Wiggins - G. Payton II,1610612744,2021-22
2738-201939-202691-203952-1629308,A. Iguodala - S. Curry - K. Thompson - A. Wiggins - J. Toscano-Anderson,1610612744,2021-22
2738-201939-202357-203952-1630228,A. Iguodala - S. Curry - N. Bjelica - A. Wiggins - J. Kuminga,1610612744,2021-22
2738-201939-202357-1629308-1630228,A. Iguodala - S. Curry - N. Bjelica - J. Toscano-Anderson - J. Kuminga,1610612744,2021-22
2738-201939-203490-203952-1626172,A. Iguodala - S. Curry - O. Porter Jr. - A. Wiggins - K. Looney,1610612744,2021-22
201939-203110-203490-1627814-1629308,S. Curry - D. Green - O. Porter Jr. - D. Lee - J. Toscano-Anderson,1610612744,2021-22
201939-202691-203110-1626172-1629673,S. Curry - K. Thompson - D. Green - K. Looney - J. Poole,1610612744,2021-22
201939-202357-203952-1627780-1629308,S. Curry - N. Bjelica - A. Wiggins - G. Payton II - J. Toscano-Anderson,1610612744,2021-22
201939-203490-203952-1627814-1630228,S. Curry - O. Porter Jr. - A. Wiggins - D. Lee - J. Kuminga,1610612744,2021-22
201939-203490-203952-1626172-1627814,S. Curry - O. Porter Jr. - A. Wiggins - K. Looney - D. Lee,1610612744,2021-22
2738-201939-203952-1629308-1629673,A. Iguodala - S. Curry - A. Wiggins - J. Toscano-Anderson - J. Poole,1610612744,2021-22
2738-201939-203110-203490-1627780,A. Iguodala - S. Curry - D. Green - O. Porter Jr. - G. Payton II,1610612744,2021-22
2738-201939-202357-1627814-1630228,A. Iguodala - S. Curry - N. Bjelica - D. Lee - J. Kuminga,1610612744,2021-22
2738-201939-203490-1627780-1630228,A. Iguodala - S. Curry - O. Porter Jr. - G. Payton II - J. Kuminga,1610612744,2021-22
201939-203110-1627814-1629185-1629308,S. Curry - D. Green - D. Lee - C. Chiozza - J. Toscano-Anderson,1610612744,2021-22
201939-1627814-1629308-1630228-1630541,S. Curry - D. Lee - J. Toscano-Anderson - J. Kuminga - M. Moody,1610612744,2021-22
201939-202691-1629673-1630228-1630541,S. Curry - K. Thompson - J. Poole - J. Kuminga - M. Moody,1610612744,2021-22
201939-202691-203490-203952-1630228,S. Curry - K. Thompson - O. Porter Jr. - A. Wiggins - J. Kuminga,1610612744,2021-22
201939-202691-203490-1626172-1629673,S. Curry - K. Thompson - O. Porter Jr. - K. Looney - J. Poole,1610612744,2021-22
201939-202357-203952-1629185-1629308,S. Curry - N. Bjelica - A. Wiggins - C. Chiozza - J. Toscano-Anderson,1610612744,2021-22
201939-202357-203952-1627814-1630228,S. Curry - N. Bjelica - A. Wiggins - D. Lee - J. Kuminga,1610612744,2021-22
201939-202357-203952-1627780-1629673,S. Curry - N. Bjelica - A. Wiggins - G. Payton II - J. Poole,1610612744,2021-22
201939-202357-203110-203490-1627780,S. Curry - N. Bjelica - D. Green - O. Porter Jr. - G. Payton II,1610612744,2021-22
201939-202357-203110-203490-1630541,S. Curry - N. Bjelica - D. Green - O. Porter Jr. - M. Moody,1610612744,2021-22
201939-202357-202691-203490-1629673,S. Curry - N. Bjelica - K. Thompson - O. Porter Jr. - J. Poole,1610612744,2021-22
201939-202357-203490-1627780-1629673,S. Curry - N. Bjelica - O. Porter Jr. - G. Payton II - J. Poole,1610612744,2021-22
201939-203490-203952-1627780-1629308,S. Curry - O. Porter Jr. - A. Wiggins - G. Payton II - J. Toscano-Anderson,1610612744,2021-22
201939-203490-1627814-1629673-1630228,S. Curry - O. Porter Jr. - D. Lee - J. Poole - J. Kuminga,1610612744,2021-22
2738-201939-203110-1627814-1629308,A. Iguodala - S. Curry - D. Green - D. Lee - J. Toscano-Anderson,1610612744,2021-22
2738-201939-1627814-1629308-1629673,A. Iguodala - S. Curry - D. Lee - J. Toscano-Anderson - J. Poole,1610612744,2021-22
2738-201939-1627780-1627814-1629308,A. Iguodala - S. Curry - G. Payton II - D. Lee - J. Toscano-Anderson,1610612744,2021-22
2738-201939-202357-1627780-1629673,A. Iguodala - S. Curry - N. Bjelica - G. Payton II - J. Poole,1610612744,2021-22
2738-201939-202357-203490-1629185,A. Iguodala - S. Curry - N. Bjelica - O. Porter Jr. - C. Chiozza,1610612744,2021-22
2738-201939-203490-203952-1629673,A. Iguodala - S. Curry - O. Porter Jr. - A. Wiggins - J. Poole,1610612744,2021-22
201939-203952-1626172-1630228-1630541,S. Curry - A. Wiggins - K. Looney - J. Kuminga - M. Moody,1610612744,2021-22
201939-203110-1626172-1627780-1630228,S. Curry - D. Green - K. Looney - G. Payton II - J. Kuminga,1610612744,2021-22
201939-203110-1626172-1627780-1629308,S. Curry - D. Green - K. Looney - G. Payton II - J. Toscano-Anderson,1610612744,2021-22
201939-203110-203490-203952-1626172,S. Curry - D. Green - O. Porter Jr. - A. Wiggins - K. Looney,1610612744,2021-22
201939-202357-1627814-1629185-1629308,S. Curry - N. Bjelica - D. Lee - C. Chiozza - J. Toscano-Anderson,1610612744,2021-22
201939-202357-202691-203490-1627814,S. Curry - N. Bjelica - K. Thompson - O. Porter Jr. - D. Lee,1610612744,2021-22
201939-203490-1626172-1627780-1629308,S. Curry - O. Porter Jr. - K. Looney - G. Payton II - J. Toscano-Anderson,1610612744,2021-22
201939-203110-203145-203952-1626172,S. Curry - D. Green - K. Bazemore - A. Wiggins - K. Looney,1610612744,2020-21
201939-203110-203952-1626162-1630164,S. Curry - D. Green - A. Wiggins - K. Oubre Jr. - J. Wiseman,1610612744,2020-21
201939-203110-203952-1626162-1626172,S. Curry - D. Green - A. Wiggins - K. Oubre Jr. - K. Looney,1610612744,2020-21
201939-203110-203952-1626162-1629308,S. Curry - D. Green - A. Wiggins - K. Oubre Jr. - J. Toscano-Anderson,1610612744,2020-21
201939-203110-203145-203952-1629308,S. Curry - D. Green - K. Bazemore - A. Wiggins - J. Toscano-Anderson,1610612744,2020-21
201939-203110-203145-1628539-1629308,S. Curry - D. Green - K. Bazemore - M. Mulder - J. Toscano-Anderson,1610612744,2020-21
201939-203110-203145-203952-1630164,S. Curry - D. Green - K. Bazemore - A. Wiggins - J. Wiseman,1610612744,2020-21
201939-203110-203145-1626162-1630164,S. Curry - D. Green - K. Bazemore - K. Oubre Jr. - J. Wiseman,1610612744,2020-21
201939-203110-203952-1626172-1628539,S. Curry - D. Green - A. Wiggins - K. Looney - M. Mulder,1610612744,2020-21
201939-203952-1626162-1629308-1630164,S. Curry - A. Wiggins - K. Oubre Jr. - J. Toscano-Anderson - J. Wiseman,1610612744,2020-21
201939-203110-203952-1626162-1627814,S. Curry - D. Green - A. Wiggins - K. Oubre Jr. - D. Lee,1610612744,2020-21
201939-203110-203952-1628539-1629308,S. Curry - D. Green - A. Wiggins - M. Mulder - J. Toscano-Anderson,1610612744,2020-21
201939-203110-203145-1626162-1626172,S. Curry - D. Green - K. Bazemore - K. Oubre Jr. - K. Looney,1610612744,2020-21
201939-203110-203145-203952-1626162,S. Curry - D. Green - K. Bazemore - A. Wiggins - K. Oubre Jr.,1610612744,2020-21
201939-203110-203145-1626162-1629308,S. Curry - D. Green - K. Bazemore - K. Oubre Jr. - J. Toscano-Anderson,1610612744,2020-21
201939-203952-1626162-1629672-1630164,S. Curry - A. Wiggins - K. Oubre Jr. - E. Paschall - J. Wiseman,1610612744,2020-21
201939-203145-1626162-1626172-1627814,S. Curry - K. Bazemore - K. Oubre Jr. - K. Looney - D. Lee,1610612744,2020-21
201939-203110-203952-1629308-1629673,S. Curry - D. Green - A. Wiggins - J. Toscano-Anderson - J. Poole,1610612744,2020-21
201939-203110-1628539-1629308-1629673,S. Curry - D. Green - M. Mulder - J. Toscano-Anderson - J. Poole,1610612744,2020-21
201939-203110-1627814-1629308-1629673,S. Curry - D. Green - D. Lee - J. Toscano-Anderson - J. Poole,1610612744,2020-21
201939-203110-1626162-1628539-1629308,S. Curry - D. Green - K. Oubre Jr. - M. Mulder - J. Toscano-Anderson,1610612744,2020-21
201939-203110-203952-1626162-1628539,S. Curry - D. Green - A. Wiggins - K. Oubre Jr. - M. Mulder,1610612744,2020-21
201939-203110-203145-1627814-1628539,S. Curry - D. Green - K. Bazemore - D. Lee - M. Mulder,1610612744,2020-21
201939-203110-203145-1629308-1629673,S. Curry - D. Green - K. Bazemore - J. Toscano-Anderson - J. Poole,1610612744,2020-21
201939-203110-203952-1627814-1628539,S. Curry - D. Green - A. Wiggins - D. Lee - M. Mulder,1610612744,2020-21
201939-203110-203952-1626162-1629672,S. Curry - D. Green - A. Wiggins - K. Oubre Jr. - E. Paschall,1610612744,2020-21
201939-203110-203952-1626162-1629673,S. Curry - D. Green - A. Wiggins - K. Oubre Jr. - J. Poole,1610612744,2020-21
201939-203110-203145-203952-1627814,S. Curry - D. Green - K. Bazemore - A. Wiggins - D. Lee,1610612744,2020-21
201939-203110-203952-1628539-1630164,S. Curry - D. Green - A. Wiggins - M. Mulder - J. Wiseman,1610612744,2020-21
201939-203145-1626162-1626172-1629672,S. Curry - K. Bazemore - K. Oubre Jr. - K. Looney - E. Paschall,1610612744,2020-21
201939-203110-203952-1627814-1630164,S. Curry - D. Green - A. Wiggins - D. Lee - J. Wiseman,1610612744,2020-21
201939-203952-1626162-1628539-1629308,S. Curry - A. Wiggins - K. Oubre Jr. - M. Mulder - J. Toscano-Anderson,1610612744,2020-21
201939-203110-203952-1627814-1629308,S. Curry - D. Green - A. Wiggins - D. Lee - J. Toscano-Anderson,1610612744,2020-21
201939-203145-203952-1626172-1627814,S. Curry - K. Bazemore - A. Wiggins - K. Looney - D. Lee,1610612744,2020-21
201939-203145-203952-1626162-1629672,S. Curry - K. Bazemore - A. Wiggins - K. Oubre Jr. - E. Paschall,1610612744,2020-21
201939-203952-1626162-1626172-1629308,S. Curry - A. Wiggins - K. Oubre Jr. - K. Looney - J. Toscano-Anderson,1610612744,2020-21
201939-203110-1626162-1627814-1630164,S. Curry - D. Green - K. Oubre Jr. - D. Lee - J. Wiseman,1610612744,2020-21
201939-203145-1626162-1626172-1629308,S. Curry - K. Bazemore - K. Oubre Jr. - K. Looney - J. Toscano-Anderson,1610612744,2020-21
201939-203110-203952-1626172-1629673,S. Curry - D. Green - A. Wiggins - K. Looney - J. Poole,1610612744,2020-21
201939-203110-203145-203952-1629673,S. Curry - D. Green - K. Bazemore - A. Wiggins - J. Poole,1610612744,2020-21
201939-203110-1626162-1629308-1629673,S. Curry - D. Green - K. Oubre Jr. - J. Toscano-Anderson - J. Poole,1610612744,2020-21
201939-203145-1626172-1628539-1629672,S. Curry - K. Bazemore - K. Looney - M. Mulder - E. Paschall,1610612744,2020-21
201939-203110-203952-1626172-1627814,S. Curry - D. Green - A. Wiggins - K. Looney - D. Lee,1610612744,2020-21
201939-203110-203145-1628539-1630164,S. Curry - D. Green - K. Bazemore - M. Mulder - J. Wiseman,1610612744,2020-21
201939-202954-203110-203952-1630164,S. Curry - B. Wanamaker - D. Green - A. Wiggins - J. Wiseman,1610612744,2020-21
201939-202954-203110-203952-1626172,S. Curry - B. Wanamaker - D. Green - A. Wiggins - K. Looney,1610612744,2020-21
201939-203110-203952-1629672-1629673,S. Curry - D. Green - A. Wiggins - E. Paschall - J. Poole,1610612744,2020-21
201939-203145-1626172-1628539-1629308,S. Curry - K. Bazemore - K. Looney - M. Mulder - J. Toscano-Anderson,1610612744,2020-21
201939-203145-1626162-1627814-1629308,S. Curry - K. Bazemore - K. Oubre Jr. - D. Lee - J. Toscano-Anderson,1610612744,2020-21
201939-1626162-1626172-1628539-1629672,S. Curry - K. Oubre Jr. - K. Looney - M. Mulder - E. Paschall,1610612744,2020-21
201939-203110-1626162-1627814-1629672,S. Curry - D. Green - K. Oubre Jr. - D. Lee - E. Paschall,1610612744,2020-21
201939-203145-1626162-1627814-1629672,S. Curry - K. Bazemore - K. Oubre Jr. - D. Lee - E. Paschall,1610612744,2020-21
201939-203952-1626172-1629308-1629673,S. Curry - A. Wiggins - K. Looney - J. Toscano-Anderson - J. Poole,1610612744,2020-21
201939-203952-1626172-1628539-1629308,S. Curry - A. Wiggins - K. Looney - M. Mulder - J. Toscano-Anderson,1610612744,2020-21
201939-203110-1627814-1628539-1630164,S. Curry - D. Green - D. Lee - M. Mulder - J. Wiseman,1610612744,2020-21
201939-203110-203145-203952-1629672,S. Curry - D. Green - K. Bazemore - A. Wiggins - E. Paschall,1610612744,2020-21
201939-203110-203145-203952-1628539,S. Curry - D. Green - K. Bazemore - A. Wiggins - M. Mulder,1610612744,2020-21
201939-203110-1626162-1626172-1627814,S. Curry - D. Green - K. Oubre Jr. - K. Looney - D. Lee,1610612744,2020-21
201939-203145-203952-1626172-1629672,S. Curry - K. Bazemore - A. Wiggins - K. Looney - E. Paschall,1610612744,2020-21
201939-203145-1626172-1627814-1629673,S. Curry - K. Bazemore - K. Looney - D. Lee - J. Poole,1610612744,2020-21
201939-203952-1626172-1627814-1628539,S. Curry - A. Wiggins - K. Looney - D. Lee - M. Mulder,1610612744,2020-21
201939-203952-1626172-1628539-1629672,S. Curry - A. Wiggins - K. Looney - M. Mulder - E. Paschall,1610612744,2020-21
201939-202954-203952-1626162-1630164,S. Curry - B. Wanamaker - A. Wiggins - K. Oubre Jr. - J. Wiseman,1610612744,2020-21
201939-202954-203110-203952-1627814,S. Curry - B. Wanamaker - D. Green - A. Wiggins - D. Lee,1610612744,2020-21
201939-202954-203110-1626162-1630164,S. Curry - B. Wanamaker - D. Green - K. Oubre Jr. - J. Wiseman,1610612744,2020-21
201939-203110-203145-1626172-1628539,S. Curry - D. Green - K. Bazemore - K. Looney - M. Mulder,1610612744,2020-21
201939-203110-203145-1626162-1627814,S. Curry - D. Green - K. Bazemore - K. Oubre Jr. - D. Lee,1610612744,2020-21
201939-203110-1626162-1627814-1628539,S. Curry - D. Green - K. Oubre Jr. - D. Lee - M. Mulder,1610612744,2020-21
201939-203145-203952-1627814-1630164,S. Curry - K. Bazemore - A. Wiggins - D. Lee - J. Wiseman,1610612744,2020-21
201939-1626172-1628539-1629308-1629673,S. Curry - K. Looney - M. Mulder - J. Toscano-Anderson - J. Poole,1610612744,2020-21
201939-1626162-1627814-1629308-1630164,S. Curry - K. Oubre Jr. - D. Lee - J. Toscano-Anderson - J. Wiseman,1610612744,2020-21
201939-1626162-1626172-1629308-1629673,S. Curry - K. Oubre Jr. - K. Looney - J. Toscano-Anderson - J. Poole,1610612744,2020-21
201939-203952-1626162-1627814-1630164,S. Curry - A. Wiggins - K. Oubre Jr. - D. Lee - J. Wiseman,1610612744,2020-21
201939-203952-1626162-1626172-1627814,S. Curry - A. Wiggins - K. Oubre Jr. - K. Looney - D. Lee,1610612744,2020-21
201939-203952-1626162-1626172-1629673,S. Curry - A. Wiggins - K. Oubre Jr. - K. Looney - J. Poole,1610612744,2020-21
201939-202954-203110-203952-1629672,S. Curry - B. Wanamaker - D. Green - A. Wiggins - E. Paschall,1610612744,2020-21
201939-202954-203110-1627814-1629672,S. Curry - B. Wanamaker - D. Green - D. Lee - E. Paschall,1610612744,2020-21
201939-203110-203952-1626172-1627780,S. Curry - D. Green - A. Wiggins - K. Looney - G. Payton II,1610612744,2020-21
201939-203110-203145-1627814-1629308,S. Curry - D. Green - K. Bazemore - D. Lee - J. Toscano-Anderson,1610612744,2020-21
201939-203110-203145-1626172-1627814,S. Curry - D. Green - K. Bazemore - K. Looney - D. Lee,1610612744,2020-21
201939-203110-1626162-1629673-1630164,S. Curry - D. Green - K. Oubre Jr. - J. Poole - J. Wiseman,1610612744,2020-21
201939-203110-1626162-1628539-1630164,S. Curry - D. Green - K. Oubre Jr. - M. Mulder - J. Wiseman,1610612744,2020-21
201939-1626172-1627814-1629308-1629673,S. Curry - K. Looney - D. Lee - J. Toscano-Anderson - J. Poole,1610612744,2020-21
201939-1626162-1626172-1627814-1629672,S. Curry - K. Oubre Jr. - K. Looney - D. Lee - E. Paschall,1610612744,2020-21
201939-1626162-1626172-1628539-1629673,S. Curry - K. Oubre Jr. - K. Looney - M. Mulder - J. Poole,1610612744,2020-21
201939-202954-203110-203145-1626162,S. Curry - B. Wanamaker - D. Green - K. Bazemore - K. Oubre Jr.,1610612744,2020-21
201939-202954-1626162-1629308-1630164,S. Curry - B. Wanamaker - K. Oubre Jr. - J. Toscano-Anderson - J. Wiseman,1610612744,2020-21
201939-203110-1626162-1627814-1629673,S. Curry - D. Green - K. Oubre Jr. - D. Lee - J. Poole,1610612744,2020-21
201939-203110-1626162-1628539-1629673,S. Curry - D. Green - K. Oubre Jr. - M. Mulder - J. Poole,1610612744,2020-21
201939-203145-203952-1626162-1626172,S. Curry - K. Bazemore - A. Wiggins - K. Oubre Jr. - K. Looney,1610612744,2020-21
201939-203145-1627814-1628539-1630164,S. Curry - K. Bazemore - D. Lee - M. Mulder - J. Wiseman,1610612744,2020-21
201939-1626162-1627814-1629672-1630164,S. Curry - K. Oubre Jr. - D. Lee - E. Paschall - J. Wiseman,1610612744,2020-21
201939-1626162-1627814-1628539-1629672,S. Curry - K. Oubre Jr. - D. Lee - M. Mulder - E. Paschall,1610612744,2020-21
201939-1626162-1626172-1627814-1629673,S. Curry - K. Oubre Jr. - K. Looney - D. Lee - J. Poole,1610612744,2020-21
201939-203952-1626172-1627814-1629672,S. Curry - A. Wiggins - K. Looney - D. Lee - E. Paschall,1610612744,2020-21
201939-203952-1626162-1627814-1629308,S. Curry - A. Wiggins - K. Oubre Jr. - D. Lee - J. Toscano-Anderson,1610612744,2020-21
201939-203952-1626162-1629308-1629672,S. Curry - A. Wiggins - K. Oubre Jr. - J. Toscano-Anderson - E. Paschall,1610612744,2020-21
201939-203952-1626162-1626172-1629672,S. Curry - A. Wiggins - K. Oubre Jr. - K. Looney - E. Paschall,1610612744,2020-21
201939-203952-1626162-1626172-1630185,S. Curry - A. Wiggins - K. Oubre Jr. - K. Looney - N. Mannion,1610612744,2020-21
201939-202954-203110-203145-1627814,S. Curry - B. Wanamaker - D. Green - K. Bazemore - D. Lee,1610612744,2020-21
201939-202954-1626162-1627814-1629672,S. Curry - B. Wanamaker - K. Oubre Jr. - D. Lee - E. Paschall,1610612744,2020-21
201939-202954-1626162-1627814-1630164,S. Curry - B. Wanamaker - K. Oubre Jr. - D. Lee - J. Wiseman,1610612744,2020-21
201939-203110-203952-1627780-1629308,S. Curry - D. Green - A. Wiggins - G. Payton II - J. Toscano-Anderson,1610612744,2020-21
201939-203110-1627814-1628539-1629672,S. Curry - D. Green - D. Lee - M. Mulder - E. Paschall,1610612744,2020-21
201939-203110-1626172-1627814-1629673,S. Curry - D. Green - K. Looney - D. Lee - J. Poole,1610612744,2020-21
201939-203110-1626162-1627814-1629308,S. Curry - D. Green - K. Oubre Jr. - D. Lee - J. Toscano-Anderson,1610612744,2020-21
201939-203145-1626172-1627814-1629672,S. Curry - K. Bazemore - K. Looney - D. Lee - E. Paschall,1610612744,2020-21
201939-1626162-1627780-1629308-1629673,S. Curry - K. Oubre Jr. - G. Payton II - J. Toscano-Anderson - J. Poole,1610612744,2020-21
201939-1626162-1626172-1628539-1629308,S. Curry - K. Oubre Jr. - K. Looney - M. Mulder - J. Toscano-Anderson,1610612744,2020-21
201939-1626162-1628539-1629308-1629672,S. Curry - K. Oubre Jr. - M. Mulder - J. Toscano-Anderson - E. Paschall,1610612744,2020-21
201939-1627737-1627814-1628539-1629308,S. Curry - M. Chriss - D. Lee - M. Mulder - J. Toscano-Anderson,1610612744,2020-21
201939-203952-1627737-1628539-1629308,S. Curry - A. Wiggins - M. Chriss - M. Mulder - J. Toscano-Anderson,1610612744,2020-21
201939-203110-203952-1627814-1629673,S. Curry - D. Green - A. Wiggins - D. Lee - J. Poole,1610612744,2020-21
201939-203110-203145-1626162-1629673,S. Curry - D. Green - K. Bazemore - K. Oubre Jr. - J. Poole,1610612744,2020-21
201939-1626172-1628539-1629672-1629673,S. Curry - K. Looney - M. Mulder - E. Paschall - J. Poole,1610612744,2020-21
201939-203110-203922-1626156-1627737,S. Curry - D. Green - G. Robinson III - D. Russell - M. Chriss,1610612744,2019-20
201939-203110-203922-1626156-1629673,S. Curry - D. Green - G. Robinson III - D. Russell - J. Poole,1610612744,2019-20
201939-203952-1627737-1627814-1629308,S. Curry - A. Wiggins - M. Chriss - D. Lee - J. Toscano-Anderson,1610612744,2019-20
201939-203110-203922-1626156-1629672,S. Curry - D. Green - G. Robinson III - D. Russell - E. Paschall,1610612744,2019-20
201939-203952-1627737-1627814-1629672,S. Curry - A. Wiggins - M. Chriss - D. Lee - E. Paschall,1610612744,2019-20
201939-203110-203922-1626156-1629016,S. Curry - D. Green - G. Robinson III - D. Russell - O. Spellman,1610612744,2019-20
201939-1628980-1629016-1629672-1629673,S. Curry - J. Evans - O. Spellman - E. Paschall - J. Poole,1610612744,2019-20
201939-1627737-1628980-1629672-1629673,S. Curry - M. Chriss - J. Evans - E. Paschall - J. Poole,1610612744,2019-20
201939-202692-203110-1629672-1629673,S. Curry - A. Burks - D. Green - E. Paschall - J. Poole,1610612744,2019-20
201939-203952-1627733-1629672-1629673,S. Curry - A. Wiggins - D. Bender - E. Paschall - J. Poole,1610612744,2019-20
201939-203922-1626156-1627737-1629672,S. Curry - G. Robinson III - D. Russell - M. Chriss - E. Paschall,1610612744,2019-20
201939-203110-1626156-1629672-1629673,S. Curry - D. Green - D. Russell - E. Paschall - J. Poole,1610612744,2019-20
201939-203110-203922-1627814-1629672,S. Curry - D. Green - G. Robinson III - D. Lee - E. Paschall,1610612744,2019-20
201939-203110-203922-1626156-1626161,S. Curry - D. Green - G. Robinson III - D. Russell - W. Cauley-Stein,1610612744,2019-20
201939-203110-203922-1626172-1628980,S. Curry - D. Green - G. Robinson III - K. Looney - J. Evans,1610612744,2019-20
201142-201939-202691-203110-1626172,K. Durant - S. Curry - K. Thompson - D. Green - K. Looney,1610612744,2018-19
201142-201939-202326-202691-203110,K. Durant - S. Curry - D. Cousins - K. Thompson - D. Green,1610612744,2018-19
2738-201142-201939-202691-203110,A. Iguodala - K. Durant - S. Curry - K. Thompson - D. Green,1610612744,2018-19
201142-201939-202691-203110-1627745,K. Durant - S. Curry - K. Thompson - D. Green - D. Jones,1610612744,2018-19
2738-201142-201939-202691-1626172,A. Iguodala - K. Durant - S. Curry - K. Thompson - K. Looney,1610612744,2018-19
101106-201142-201939-202691-203110,A. Bogut - K. Durant - S. Curry - K. Thompson - D. Green,1610612744,2018-19
2738-201142-202691-1626188-1627745,A. Iguodala - K. Durant - K. Thompson - Q. Cook - D. Jones,1610612744,2018-19
2733-2738-201939-201973-203110,S. Livingston - A. Iguodala - S. Curry - J. Jerebko - D. Green,1610612744,2018-19
2738-201142-201939-1626172-1628035,A. Iguodala - K. Durant - S. Curry - K. Looney - A. McKinnie,1610612744,2018-19
2738-201142-201973-202691-1626172,A. Iguodala - K. Durant - J. Jerebko - K. Thompson - K. Looney,1610612744,2018-19
201142-201939-201973-202691-203110,K. Durant - S. Curry - J. Jerebko - K. Thompson - D. Green,1610612744,2018-19
2738-201142-201939-202691-1628395,A. Iguodala - K. Durant - S. Curry - K. Thompson - J. Bell,1610612744,2018-19
2738-201142-202691-1626172-1626188,A. Iguodala - K. Durant - K. Thompson - K. Looney - Q. Cook,1610612744,2018-19
201142-201939-202326-203110-1628035,K. Durant - S. Curry - D. Cousins - D. Green - A. McKinnie,1610612744,2018-19
2738-201939-202326-202691-203110,A. Iguodala - S. Curry - D. Cousins - K. Thompson - D. Green,1610612744,2018-19
201142-201973-202691-1626188-1627745,K. Durant - J. Jerebko - K. Thompson - Q. Cook - D. Jones,1610612744,2018-19
2733-201939-203110-1626172-1628035,S. Livingston - S. Curry - D. Green - K. Looney - A. McKinnie,1610612744,2018-19
2738-201939-201973-1626172-1628035,A. Iguodala - S. Curry - J. Jerebko - K. Looney - A. McKinnie,1610612744,2018-19
201142-201939-201973-1626172-1628035,K. Durant - S. Curry - J. Jerebko - K. Looney - A. McKinnie,1610612744,2018-19
201142-201939-202691-203110-1628395,K. Durant - S. Curry - K. Thompson - D. Green - J. Bell,1610612744,2018-19
2738-201142-201939-203110-1626172,A. Iguodala - K. Durant - S. Curry - D. Green - K. Looney,1610612744,2018-19
201142-201939-202691-203110-1628035,K. Durant - S. Curry - K. Thompson - D. Green - A. McKinnie,1610612744,2018-19
201142-201939-202691-1626172-1628035,K. Durant - S. Curry - K. Thompson - K. Looney - A. McKinnie,1610612744,2018-19
201939-202326-202691-203110-1628035,S. Curry - D. Cousins - K. Thompson - D. Green - A. McKinnie,1610612744,2018-19
201939-202691-203110-1626172-1628035,S. Curry - K. Thompson - D. Green - K. Looney - A. McKinnie,1610612744,2018-19
201142-201939-203110-1626172-1628035,K. Durant - S. Curry - D. Green - K. Looney - A. McKinnie,1610612744,2018-19
201142-201939-201973-202691-1628395,K. Durant - S. Curry - J. Jerebko - K. Thompson - J. Bell,1610612744,2018-19
201142-201939-201973-202691-1626172,K. Durant - S. Curry - J. Jerebko - K. Thompson - K. Looney,1610612744,2018-19
2738-201142-202691-203110-1626172,A. Iguodala - K. Durant - K. Thompson - D. Green - K. Looney,1610612744,2018-19
2738-201142-201973-202691-203110,A. Iguodala - K. Durant - J. Jerebko - K. Thompson - D. Green,1610612744,2018-19
2738-201142-201939-201973-1626172,A. Iguodala - K. Durant - S. Curry - J. Jerebko - K. Looney,1610612744,2018-19
2738-201939-203110-1626172-1628035,A. Iguodala - S. Curry - D. Green - K. Looney - A. McKinnie,1610612744,2018-19
201142-201939-202691-1626172-1627745,K. Durant - S. Curry - K. Thompson - K. Looney - D. Jones,1610612744,2018-19
2733-201142-202326-202691-1626188,S. Livingston - K. Durant - D. Cousins - K. Thompson - Q. Cook,1610612744,2018-19
2738-201142-1626172-1626188-1628035,A. Iguodala - K. Durant - K. Looney - Q. Cook - A. McKinnie,1610612744,2018-19
2738-201142-202691-1626188-1628395,A. Iguodala - K. Durant - K. Thompson - Q. Cook - J. Bell,1610612744,2018-19
2733-201142-201973-1627814-1628395,S. Livingston - K. Durant - J. Jerebko - D. Lee - J. Bell,1610612744,2018-19
2738-201142-201939-203110-1628035,A. Iguodala - K. Durant - S. Curry - D. Green - A. McKinnie,1610612744,2018-19
201142-202691-1626172-1626188-1628035,K. Durant - K. Thompson - K. Looney - Q. Cook - A. McKinnie,1610612744,2018-19
2733-2738-201939-202326-203110,S. Livingston - A. Iguodala - S. Curry - D. Cousins - D. Green,1610612744,2018-19
2733-201142-201973-1626172-1627814,S. Livingston - K. Durant - J. Jerebko - K. Looney - D. Lee,1610612744,2018-19
2733-201939-202691-1626172-1628035,S. Livingston - S. Curry - K. Thompson - K. Looney - A. McKinnie,1610612744,2018-19
2738-201142-201973-203110-1626188,A. Iguodala - K. Durant - J. Jerebko - D. Green - Q. Cook,1610612744,2018-19
2738-201142-201973-1626172-1626188,A. Iguodala - K. Durant - J. Jerebko - K. Looney - Q. Cook,1610612744,2018-19
201142-202326-202691-203110-1626188,K. Durant - D. Cousins - K. Thompson - D. Green - Q. Cook,1610612744,2018-19
2738-201142-201973-1626188-1628395,A. Iguodala - K. Durant - J. Jerebko - Q. Cook - J. Bell,1610612744,2018-19
2738-201142-201939-202326-202691,A. Iguodala - K. Durant - S. Curry - D. Cousins - K. Thompson,1610612744,2018-19
201142-202691-203110-1626188-1627745,K. Durant - K. Thompson - D. Green - Q. Cook - D. Jones,1610612744,2018-19
2733-201142-201939-203110-1626172,S. Livingston - K. Durant - S. Curry - D. Green - K. Looney,1610612744,2018-19
2733-201142-201939-201973-1628395,S. Livingston - K. Durant - S. Curry - J. Jerebko - J. Bell,1610612744,2018-19
2738-201142-201973-202691-1627745,A. Iguodala - K. Durant - J. Jerebko - K. Thompson - D. Jones,1610612744,2018-19
2738-201142-202691-203110-1627745,A. Iguodala - K. Durant - K. Thompson - D. Green - D. Jones,1610612744,2018-19
2738-201939-202691-203110-1626172,A. Iguodala - S. Curry - K. Thompson - D. Green - K. Looney,1610612744,2018-19
2733-201142-1626188-1627745-1627814,S. Livingston - K. Durant - Q. Cook - D. Jones - D. Lee,1610612744,2018-19
2738-201142-203110-1626172-1628035,A. Iguodala - K. Durant - D. Green - K. Looney - A. McKinnie,1610612744,2018-19
2738-201142-201939-1626172-1628395,A. Iguodala - K. Durant - S. Curry - K. Looney - J. Bell,1610612744,2018-19
201142-201973-202691-1626172-1626188,K. Durant - J. Jerebko - K. Thompson - K. Looney - Q. Cook,1610612744,2018-19
201142-201973-202691-1626188-1628395,K. Durant - J. Jerebko - K. Thompson - Q. Cook - J. Bell,1610612744,2018-19
201142-201939-202326-202691-1628395,K. Durant - S. Curry - D. Cousins - K. Thompson - J. Bell,1610612744,2018-19
201142-201939-202691-1626172-1628395,K. Durant - S. Curry - K. Thompson - K. Looney - J. Bell,1610612744,2018-19
2733-2738-201142-201973-1628395,S. Livingston - A. Iguodala - K. Durant - J. Jerebko - J. Bell,1610612744,2018-19
2733-2738-201939-201973-1626172,S. Livingston - A. Iguodala - S. Curry - J. Jerebko - K. Looney,1610612744,2018-19
2733-201142-201973-202691-1626172,S. Livingston - K. Durant - J. Jerebko - K. Thompson - K. Looney,1610612744,2018-19
2738-201142-201973-203110-1628035,A. Iguodala - K. Durant - J. Jerebko - D. Green - A. McKinnie,1610612744,2018-19
2738-201142-1626188-1627814-1628395,A. Iguodala - K. Durant - Q. Cook - D. Lee - J. Bell,1610612744,2018-19
201142-201939-202691-1627745-1628395,K. Durant - S. Curry - K. Thompson - D. Jones - J. Bell,1610612744,2018-19
201939-203110-1626172-1627814-1628035,S. Curry - D. Green - K. Looney - D. Lee - A. McKinnie,1610612744,2018-19
2733-201142-201939-1626172-1628035,S. Livingston - K. Durant - S. Curry - K. Looney - A. McKinnie,1610612744,2018-19
2733-201142-201939-202691-1626172,S. Livingston - K. Durant - S. Curry - K. Thompson - K. Looney,1610612744,2018-19
2738-201142-201973-202691-1626188,A. Iguodala - K. Durant - J. Jerebko - K. Thompson - Q. Cook,1610612744,2018-19
2733-2738-201142-201973-1626172,S. Livingston - A. Iguodala - K. Durant - J. Jerebko - K. Looney,1610612744,2018-19
2733-2738-201142-1626172-1628035,S. Livingston - A. Iguodala - K. Durant - K. Looney - A. McKinnie,1610612744,2018-19
2733-201142-202691-1626188-1628395,S. Livingston - K. Durant - K. Thompson - Q. Cook - J. Bell,1610612744,2018-19
2738-201142-202691-203110-1626188,A. Iguodala - K. Durant - K. Thompson - D. Green - Q. Cook,1610612744,2018-19
2733-201142-201973-1626172-1626188,S. Livingston - K. Durant - J. Jerebko - K. Looney - Q. Cook,1610612744,2018-19
2733-201142-201973-1626188-1628395,S. Livingston - K. Durant - J. Jerebko - Q. Cook - J. Bell,1610612744,2018-19
2733-201142-202691-1626172-1628035,S. Livingston - K. Durant - K. Thompson - K. Looney - A. McKinnie,1610612744,2018-19
2733-201142-201939-201973-1626172,S. Livingston - K. Durant - S. Curry - J. Jerebko - K. Looney,1610612744,2018-19
2733-201142-201939-202691-203110,S. Livingston - K. Durant - S. Curry - K. Thompson - D. Green,1610612744,2018-19
2738-201142-202691-1626172-1628035,A. Iguodala - K. Durant - K. Thompson - K. Looney - A. McKinnie,1610612744,2018-19
2738-201939-201973-202691-203110,A. Iguodala - S. Curry - J. Jerebko - K. Thompson - D. Green,1610612744,2018-19
201142-202691-1626188-1628035-1628395,K. Durant - K. Thompson - Q. Cook - A. McKinnie - J. Bell,1610612744,2018-19
201142-201939-201973-1628035-1628395,K. Durant - S. Curry - J. Jerebko - A. McKinnie - J. Bell,1610612744,2018-19
201142-201939-201973-202691-1627745,K. Durant - S. Curry - J. Jerebko - K. Thompson - D. Jones,1610612744,2018-19
201939-202326-203110-1628035-1628980,S. Curry - D. Cousins - D. Green - A. McKinnie - J. Evans,1610612744,2018-19
201939-201973-202691-1626172-1628035,S. Curry - J. Jerebko - K. Thompson - K. Looney - A. McKinnie,1610612744,2018-19
2733-201142-201973-202691-1628395,S. Livingston - K. Durant - J. Jerebko - K. Thompson - J. Bell,1610612744,2018-19
2733-201939-202326-202691-203110,S. Livingston - S. Curry - D. Cousins - K. Thompson - D. Green,1610612744,2018-19
101106-201142-202691-1626188-1628395,A. Bogut - K. Durant - K. Thompson - Q. Cook - J. Bell,1610612744,2018-19
2738-201142-202691-203110-1628035,A. Iguodala - K. Durant - K. Thompson - D. Green - A. McKinnie,1610612744,2018-19
2738-201142-202691-203110-1628395,A. Iguodala - K. Durant - K. Thompson - D. Green - J. Bell,1610612744,2018-19
2738-201142-201939-201973-1628395,A. Iguodala - K. Durant - S. Curry - J. Jerebko - J. Bell,1610612744,2018-19
2738-201939-201973-203110-1628035,A. Iguodala - S. Curry - J. Jerebko - D. Green - A. McKinnie,1610612744,2018-19
201142-201939-202326-203110-1627814,K. Durant - S. Curry - D. Cousins - D. Green - D. Lee,1610612744,2018-19
201939-201973-202326-202691-203110,S. Curry - J. Jerebko - D. Cousins - K. Thompson - D. Green,1610612744,2018-19
2733-2738-201142-202691-1626172,S. Livingston - A. Iguodala - K. Durant - K. Thompson - K. Looney,1610612744,2018-19
2733-2738-201939-203110-1628035,S. Livingston - A. Iguodala - S. Curry - D. Green - A. McKinnie,1610612744,2018-19
2733-201142-201939-202326-203110,S. Livingston - K. Durant - S. Curry - D. Cousins - D. Green,1610612744,2018-19
2738-201142-201973-1628035-1628395,A. Iguodala - K. Durant - J. Jerebko - A. McKinnie - J. Bell,1610612744,2018-19
2738-201142-1626172-1628035-1628395,A. Iguodala - K. Durant - K. Looney - A. McKinnie - J. Bell,1610612744,2018-19
2738-201142-1626172-1626188-1627814,A. Iguodala - K. Durant - K. Looney - Q. Cook - D. Lee,1610612744,2018-19
2738-201142-201939-1628035-1628395,A. Iguodala - K. Durant - S. Curry - A. McKinnie - J. Bell,1610612744,2018-19
2738-201142-201939-1627814-1628395,A. Iguodala - K. Durant - S. Curry - D. Lee - J. Bell,1610612744,2018-19
2733-2738-201142-1626172-1626188,S. Livingston - A. Iguodala - K. Durant - K. Looney - Q. Cook,1610612744,2018-19
2733-2738-201142-202691-203110,S. Livingston - A. Iguodala - K. Durant - K. Thompson - D. Green,1610612744,2018-19
2733-201142-201973-1626172-1628035,S. Livingston - K. Durant - J. Jerebko - K. Looney - A. McKinnie,1610612744,2018-19
2733-201939-201973-202691-203110,S. Livingston - S. Curry - J. Jerebko - K. Thompson - D. Green,1610612744,2018-19
2738-201142-201973-1627814-1628395,A. Iguodala - K. Durant - J. Jerebko - D. Lee - J. Bell,1610612744,2018-19
2738-201142-201973-1626172-1628035,A. Iguodala - K. Durant - J. Jerebko - K. Looney - A. McKinnie,1610612744,2018-19
2738-201142-201973-1626188-1627745,A. Iguodala - K. Durant - J. Jerebko - Q. Cook - D. Jones,1610612744,2018-19
2738-201142-201939-202326-203110,A. Iguodala - K. Durant - S. Curry - D. Cousins - D. Green,1610612744,2018-19
2738-201142-201939-1626172-1627745,A. Iguodala - K. Durant - S. Curry - K. Looney - D. Jones,1610612744,2018-19
2738-201939-202326-203110-1628035,A. Iguodala - S. Curry - D. Cousins - D. Green - A. McKinnie,1610612744,2018-19
201142-201973-1626188-1628035-1628395,K. Durant - J. Jerebko - Q. Cook - A. McKinnie - J. Bell,1610612744,2018-19
201142-202691-203110-1626172-1626188,K. Durant - K. Thompson - D. Green - K. Looney - Q. Cook,1610612744,2018-19
201142-201939-203110-1627814-1628395,K. Durant - S. Curry - D. Green - D. Lee - J. Bell,1610612744,2018-19
201142-201939-201973-203110-1628035,K. Durant - S. Curry - J. Jerebko - D. Green - A. McKinnie,1610612744,2018-19
201142-201939-202691-1627745-1628035,K. Durant - S. Curry - K. Thompson - D. Jones - A. McKinnie,1610612744,2018-19
2733-2738-201939-201973-202326,S. Livingston - A. Iguodala - S. Curry - J. Jerebko - D. Cousins,1610612744,2018-19
2733-2738-201939-201973-1628395,S. Livingston - A. Iguodala - S. Curry - J. Jerebko - J. Bell,1610612744,2018-19
2733-201142-202691-1626172-1626188,S. Livingston - K. Durant - K. Thompson - K. Looney - Q. Cook,1610612744,2018-19
2733-201939-201973-1628035-1628395,S. Livingston - S. Curry - J. Jerebko - A. McKinnie - J. Bell,1610612744,2018-19
2733-201939-201973-203110-1628035,S. Livingston - S. Curry - J. Jerebko - D. Green - A. McKinnie,1610612744,2018-19
2733-201939-201973-202691-1626172,S. Livingston - S. Curry - J. Jerebko - K. Thompson - K. Looney,1610612744,2018-19
2733-201939-202691-203110-1628035,S. Livingston - S. Curry - K. Thompson - D. Green - A. McKinnie,1610612744,2018-19
101106-201142-201939-203110-1626188,A. Bogut - K. Durant - S. Curry - D. Green - Q. Cook,1610612744,2018-19
2738-101106-201142-201939-203110,A. Iguodala - A. Bogut - K. Durant - S. Curry - D. Green,1610612744,2018-19
2738-201142-201973-202691-1628395,A. Iguodala - K. Durant - J. Jerebko - K. Thompson - J. Bell,1610612744,2018-19
2738-201142-1626188-1627745-1627814,A. Iguodala - K. Durant - Q. Cook - D. Jones - D. Lee,1610612744,2018-19
2738-201142-201939-203110-1627814,A. Iguodala - K. Durant - S. Curry - D. Green - D. Lee,1610612744,2018-19
2738-201142-201939-203110-1628395,A. Iguodala - K. Durant - S. Curry - D. Green - J. Bell,1610612744,2018-19
2738-201939-203110-1626172-1626188,A. Iguodala - S. Curry - D. Green - K. Looney - Q. Cook,1610612744,2018-19
201142-201973-202326-202691-1626188,K. Durant - J. Jerebko - D. Cousins - K. Thompson - Q. Cook,1610612744,2018-19
201142-201973-202691-1626188-1628035,K. Durant - J. Jerebko - K. Thompson - Q. Cook - A. McKinnie,1610612744,2018-19
201142-201939-201973-1627814-1628395,K. Durant - S. Curry - J. Jerebko - D. Lee - J. Bell,1610612744,2018-19
201142-201939-1626172-1628035-1628395,K. Durant - S. Curry - K. Looney - A. McKinnie - J. Bell,1610612744,2018-19
201142-201939-1626172-1626188-1628035,K. Durant - S. Curry - K. Looney - Q. Cook - A. McKinnie,1610612744,2018-19
201142-201939-202691-1628035-1628395,K. Durant - S. Curry - K. Thompson - A. McKinnie - J. Bell,1610612744,2018-19
201939-201973-203110-1627814-1628035,S. Curry - J. Jerebko - D. Green - D. Lee - A. McKinnie,1610612744,2018-19
2733-101106-201142-201939-203110,S. Livingston - A. Bogut - K. Durant - S. Curry - D. Green,1610612744,2018-19
2733-2738-201142-201973-203110,S. Livingston - A. Iguodala - K. Durant - J. Jerebko - D. Green,1610612744,2018-19
2733-2738-201939-203110-1626172,S. Livingston - A. Iguodala - S. Curry - D. Green - K. Looney,1610612744,2018-19
2733-2738-201939-1626172-1628395,S. Livingston - A. Iguodala - S. Curry - K. Looney - J. Bell,1610612744,2018-19
2733-201142-202326-202691-203110,S. Livingston - K. Durant - D. Cousins - K. Thompson - D. Green,1610612744,2018-19
2733-201142-201973-1628035-1628395,S. Livingston - K. Durant - J. Jerebko - A. McKinnie - J. Bell,1610612744,2018-19
2733-201142-201973-202691-203110,S. Livingston - K. Durant - J. Jerebko - K. Thompson - D. Green,1610612744,2018-19
2733-201142-201939-1627814-1628395,S. Livingston - K. Durant - S. Curry - D. Lee - J. Bell,1610612744,2018-19
2733-201939-201973-1627814-1628395,S. Livingston - S. Curry - J. Jerebko - D. Lee - J. Bell,1610612744,2018-19
2738-201142-202691-1626172-1627745,A. Iguodala - K. Durant - K. Thompson - K. Looney - D. Jones,1610612744,2018-19
2738-201142-202691-1626172-1627814,A. Iguodala - K. Durant - K. Thompson - K. Looney - D. Lee,1610612744,2018-19
2738-201142-1626188-1628395-1628980,A. Iguodala - K. Durant - Q. Cook - J. Bell - J. Evans,1610612744,2018-19
2738-201142-201939-202326-1628395,A. Iguodala - K. Durant - S. Curry - D. Cousins - J. Bell,1610612744,2018-19
2738-201142-201939-201973-202691,A. Iguodala - K. Durant - S. Curry - J. Jerebko - K. Thompson,1610612744,2018-19
2738-201142-201939-1626172-1626188,A. Iguodala - K. Durant - S. Curry - K. Looney - Q. Cook,1610612744,2018-19
2738-201939-202691-203110-1628035,A. Iguodala - S. Curry - K. Thompson - D. Green - A. McKinnie,1610612744,2018-19
2738-201939-202691-1626172-1628035,A. Iguodala - S. Curry - K. Thompson - K. Looney - A. McKinnie,1610612744,2018-19
201142-202326-203110-1626188-1627814,K. Durant - D. Cousins - D. Green - Q. Cook - D. Lee,1610612744,2018-19
201142-201973-1626188-1627814-1628395,K. Durant - J. Jerebko - Q. Cook - D. Lee - J. Bell,1610612744,2018-19
201142-202691-1626172-1626188-1627814,K. Durant - K. Thompson - K. Looney - Q. Cook - D. Lee,1610612744,2018-19
201142-201939-202326-1627814-1628395,K. Durant - S. Curry - D. Cousins - D. Lee - J. Bell,1610612744,2018-19
201142-201939-203110-1626172-1628980,K. Durant - S. Curry - D. Green - K. Looney - J. Evans,1610612744,2018-19
201142-201939-201973-203110-1626188,K. Durant - S. Curry - J. Jerebko - D. Green - Q. Cook,1610612744,2018-19
201939-201973-203110-1628035-1628395,S. Curry - J. Jerebko - D. Green - A. McKinnie - J. Bell,1610612744,2018-19
201939-201973-202691-203110-1628035,S. Curry - J. Jerebko - K. Thompson - D. Green - A. McKinnie,1610612744,2018-19
201939-202691-203110-1626172-1626188,S. Curry - K. Thompson - D. Green - K. Looney - Q. Cook,1610612744,2018-19
2733-2738-201142-202326-203110,S. Livingston - A. Iguodala - K. Durant - D. Cousins - D. Green,1610612744,2018-19
2733-2738-201142-201939-1626172,S. Livingston - A. Iguodala - K. Durant - S. Curry - K. Looney,1610612744,2018-19
2733-201142-201939-202326-1626172,S. Livingston - K. Durant - S. Curry - D. Cousins - K. Looney,1610612744,2018-19
2733-201142-201939-202326-202691,S. Livingston - K. Durant - S. Curry - D. Cousins - K. Thompson,1610612744,2018-19
2733-201142-201939-203110-1628035,S. Livingston - K. Durant - S. Curry - D. Green - A. McKinnie,1610612744,2018-19
2733-201142-201939-1626172-1626188,S. Livingston - K. Durant - S. Curry - K. Looney - Q. Cook,1610612744,2018-19
2733-201939-201973-1626172-1628395,S. Livingston - S. Curry - J. Jerebko - K. Looney - J. Bell,1610612744,2018-19
2733-201939-202691-203110-1626172,S. Livingston - S. Curry - K. Thompson - D. Green - K. Looney,1610612744,2018-19
101106-201142-201973-202691-1626188,A. Bogut - K. Durant - J. Jerebko - K. Thompson - Q. Cook,1610612744,2018-19
2733-201939-201973-1626172-1628035,S. Livingston - S. Curry - J. Jerebko - K. Looney - A. McKinnie,1610612744,2018-19
2585-201142-201939-202691-203110,Z. Pachulia - K. Durant - S. Curry - K. Thompson - D. Green,1610612744,2017-18
2738-201142-201939-202691-203110,A. Iguodala - K. Durant - S. Curry - K. Thompson - D. Green,1610612744,2017-18
201142-201580-201939-202691-203110,K. Durant - J. McGee - S. Curry - K. Thompson - D. Green,1610612744,2017-18
201142-201580-202691-203110-1626188,K. Durant - J. McGee - K. Thompson - D. Green - Q. Cook,1610612744,2017-18
2585-2738-201939-202691-203110,Z. Pachulia - A. Iguodala - S. Curry - K. Thompson - D. Green,1610612744,2017-18
201142-202691-203110-1627775-1628395,K. Durant - K. Thompson - D. Green - P. McCaw - J. Bell,1610612744,2017-18
2561-2733-2738-201142-202691,D. West - S. Livingston - A. Iguodala - K. Durant - K. Thompson,1610612744,2017-18
201142-202691-203110-1626172-1626188,K. Durant - K. Thompson - D. Green - K. Looney - Q. Cook,1610612744,2017-18
2585-201142-202691-203110-1626188,Z. Pachulia - K. Durant - K. Thompson - D. Green - Q. Cook,1610612744,2017-18
2585-2733-201142-202691-203110,Z. Pachulia - S. Livingston - K. Durant - K. Thompson - D. Green,1610612744,2017-18
201142-201939-202691-203110-1626172,K. Durant - S. Curry - K. Thompson - D. Green - K. Looney,1610612744,2017-18
201142-201156-201939-202691-203110,K. Durant - N. Young - S. Curry - K. Thompson - D. Green,1610612744,2017-18
2733-201142-201956-202691-1628395,S. Livingston - K. Durant - O. Casspi - K. Thompson - J. Bell,1610612744,2017-18
2585-201939-201956-202691-203110,Z. Pachulia - S. Curry - O. Casspi - K. Thompson - D. Green,1610612744,2017-18
2738-201142-201939-202691-1626172,A. Iguodala - K. Durant - S. Curry - K. Thompson - K. Looney,1610612744,2017-18
201142-201939-202691-203110-1628395,K. Durant - S. Curry - K. Thompson - D. Green - J. Bell,1610612744,2017-18
2738-201142-202691-203110-1628395,A. Iguodala - K. Durant - K. Thompson - D. Green - J. Bell,1610612744,2017-18
2738-201142-201156-201939-1626172,A. Iguodala - K. Durant - N. Young - S. Curry - K. Looney,1610612744,2017-18
2738-201156-201580-201939-203110,A. Iguodala - N. Young - J. McGee - S. Curry - D. Green,1610612744,2017-18
2738-201142-201156-201956-1626172,A. Iguodala - K. Durant - N. Young - O. Casspi - K. Looney,1610612744,2017-18
2585-2738-201142-201939-202691,Z. Pachulia - A. Iguodala - K. Durant - S. Curry - K. Thompson,1610612744,2017-18
2585-201142-201939-202691-1626172,Z. Pachulia - K. Durant - S. Curry - K. Thompson - K. Looney,1610612744,2017-18
2738-201142-201156-1627775-1628395,A. Iguodala - K. Durant - N. Young - P. McCaw - J. Bell,1610612744,2017-18
2733-201142-201580-202691-203110,S. Livingston - K. Durant - J. McGee - K. Thompson - D. Green,1610612744,2017-18
2585-201142-201939-202691-1628395,Z. Pachulia - K. Durant - S. Curry - K. Thompson - J. Bell,1610612744,2017-18
2738-201142-201156-201580-201939,A. Iguodala - K. Durant - N. Young - J. McGee - S. Curry,1610612744,2017-18
201142-201580-202691-1626188-1628395,K. Durant - J. McGee - K. Thompson - Q. Cook - J. Bell,1610612744,2017-18
2585-201142-202691-203110-1627775,Z. Pachulia - K. Durant - K. Thompson - D. Green - P. McCaw,1610612744,2017-18
2738-201142-201580-201939-202691,A. Iguodala - K. Durant - J. McGee - S. Curry - K. Thompson,1610612744,2017-18
2738-201142-201939-202691-1628395,A. Iguodala - K. Durant - S. Curry - K. Thompson - J. Bell,1610612744,2017-18
2738-201156-201939-203110-1628395,A. Iguodala - N. Young - S. Curry - D. Green - J. Bell,1610612744,2017-18
2733-2738-201142-202691-203110,S. Livingston - A. Iguodala - K. Durant - K. Thompson - D. Green,1610612744,2017-18
2585-201939-201956-202691-1628395,Z. Pachulia - S. Curry - O. Casspi - K. Thompson - J. Bell,1610612744,2017-18
2738-201156-201939-203110-1626172,A. Iguodala - N. Young - S. Curry - D. Green - K. Looney,1610612744,2017-18
2585-2738-201142-201156-201939,Z. Pachulia - A. Iguodala - K. Durant - N. Young - S. Curry,1610612744,2017-18
2561-2733-201142-201156-201939,D. West - S. Livingston - K. Durant - N. Young - S. Curry,1610612744,2017-18
2733-2738-201142-201580-201939,S. Livingston - A. Iguodala - K. Durant - J. McGee - S. Curry,1610612744,2017-18
2585-201142-201156-1626172-1626188,Z. Pachulia - K. Durant - N. Young - K. Looney - Q. Cook,1610612744,2017-18
2738-201142-202691-1627775-1628395,A. Iguodala - K. Durant - K. Thompson - P. McCaw - J. Bell,1610612744,2017-18
2738-201142-201939-1626172-1627775,A. Iguodala - K. Durant - S. Curry - K. Looney - P. McCaw,1610612744,2017-18
2561-2738-201142-202691-1627775,D. West - A. Iguodala - K. Durant - K. Thompson - P. McCaw,1610612744,2017-18
2585-2733-201142-201156-203110,Z. Pachulia - S. Livingston - K. Durant - N. Young - D. Green,1610612744,2017-18
2738-201580-201939-203110-1627775,A. Iguodala - J. McGee - S. Curry - D. Green - P. McCaw,1610612744,2017-18
2561-2733-201142-202691-203110,D. West - S. Livingston - K. Durant - K. Thompson - D. Green,1610612744,2017-18
2561-2733-201142-202691-1627775,D. West - S. Livingston - K. Durant - K. Thompson - P. McCaw,1610612744,2017-18
201142-201939-202691-203110-1627775,K. Durant - S. Curry - K. Thompson - D. Green - P. McCaw,1610612744,2017-18
2585-201142-201939-201956-202691,Z. Pachulia - K. Durant - S. Curry - O. Casspi - K. Thompson,1610612744,2017-18
2738-201142-201580-201939-1627775,A. Iguodala - K. Durant - J. McGee - S. Curry - P. McCaw,1610612744,2017-18
201142-202691-203110-1626188-1627745,K. Durant - K. Thompson - D. Green - Q. Cook - D. Jones,1610612744,2017-18
201142-201156-203110-1626172-1626188,K. Durant - N. Young - D. Green - K. Looney - Q. Cook,1610612744,2017-18
2733-2738-201142-202691-1628395,S. Livingston - A. Iguodala - K. Durant - K. Thompson - J. Bell,1610612744,2017-18
2733-2738-201142-201156-203110,S. Livingston - A. Iguodala - K. Durant - N. Young - D. Green,1610612744,2017-18
2585-2738-201156-201939-1628395,Z. Pachulia - A. Iguodala - N. Young - S. Curry - J. Bell,1610612744,2017-18
2738-201580-201939-202691-203110,A. Iguodala - J. McGee - S. Curry - K. Thompson - D. Green,1610612744,2017-18
2738-201142-201156-1626188-1628395,A. Iguodala - K. Durant - N. Young - Q. Cook - J. Bell,1610612744,2017-18
2738-201939-202691-203110-1628395,A. Iguodala - S. Curry - K. Thompson - D. Green - J. Bell,1610612744,2017-18
201142-201156-201956-1626172-1626188,K. Durant - N. Young - O. Casspi - K. Looney - Q. Cook,1610612744,2017-18
201142-201939-201956-202691-203110,K. Durant - S. Curry - O. Casspi - K. Thompson - D. Green,1610612744,2017-18
2733-2738-201580-201939-203110,S. Livingston - A. Iguodala - J. McGee - S. Curry - D. Green,1610612744,2017-18
2738-201142-202691-203110-1626172,A. Iguodala - K. Durant - K. Thompson - D. Green - K. Looney,1610612744,2017-18
2738-201142-201156-201580-201956,A. Iguodala - K. Durant - N. Young - J. McGee - O. Casspi,1610612744,2017-18
2738-201939-203110-1627775-1628395,A. Iguodala - S. Curry - D. Green - P. McCaw - J. Bell,1610612744,2017-18
2561-2738-201142-201156-202691,D. West - A. Iguodala - K. Durant - N. Young - K. Thompson,1610612744,2017-18
201142-201156-202691-203110-1627775,K. Durant - N. Young - K. Thompson - D. Green - P. McCaw,1610612744,2017-18
201142-201939-201956-202691-1628395,K. Durant - S. Curry - O. Casspi - K. Thompson - J. Bell,1610612744,2017-18
201156-201580-201939-203110-1627775,N. Young - J. McGee - S. Curry - D. Green - P. McCaw,1610612744,2017-18
2733-201142-201156-202691-203110,S. Livingston - K. Durant - N. Young - K. Thompson - D. Green,1610612744,2017-18
2733-201142-201956-1627775-1628395,S. Livingston - K. Durant - O. Casspi - P. McCaw - J. Bell,1610612744,2017-18
2733-201142-201939-202691-203110,S. Livingston - K. Durant - S. Curry - K. Thompson - D. Green,1610612744,2017-18
2738-201142-201580-201956-202691,A. Iguodala - K. Durant - J. McGee - O. Casspi - K. Thompson,1610612744,2017-18
2738-201142-1626172-1626188-1627775,A. Iguodala - K. Durant - K. Looney - Q. Cook - P. McCaw,1610612744,2017-18
2738-201142-201156-202691-1626172,A. Iguodala - K. Durant - N. Young - K. Thompson - K. Looney,1610612744,2017-18
2561-2738-201142-201956-202691,D. West - A. Iguodala - K. Durant - O. Casspi - K. Thompson,1610612744,2017-18
2561-201142-202691-1626188-1628395,D. West - K. Durant - K. Thompson - Q. Cook - J. Bell,1610612744,2017-18
2561-2733-2738-201939-1626172,D. West - S. Livingston - A. Iguodala - S. Curry - K. Looney,1610612744,2017-18
2561-2733-201142-201156-202691,D. West - S. Livingston - K. Durant - N. Young - K. Thompson,1610612744,2017-18
201142-201580-202691-1627775-1628395,K. Durant - J. McGee - K. Thompson - P. McCaw - J. Bell,1610612744,2017-18
201142-201156-202691-203110-1626188,K. Durant - N. Young - K. Thompson - D. Green - Q. Cook,1610612744,2017-18
201142-201156-201939-202691-1626172,K. Durant - N. Young - S. Curry - K. Thompson - K. Looney,1610612744,2017-18
201142-201939-202691-1626172-1627775,K. Durant - S. Curry - K. Thompson - K. Looney - P. McCaw,1610612744,2017-18
2738-201142-201580-201939-201956,A. Iguodala - K. Durant - J. McGee - S. Curry - O. Casspi,1610612744,2017-18
2738-201142-201956-1626188-1628395,A. Iguodala - K. Durant - O. Casspi - Q. Cook - J. Bell,1610612744,2017-18
201142-202691-1626172-1626188-1627745,K. Durant - K. Thompson - K. Looney - Q. Cook - D. Jones,1610612744,2017-18
201142-201156-201580-1626188-1628395,K. Durant - N. Young - J. McGee - Q. Cook - J. Bell,1610612744,2017-18
201142-201956-202691-1626172-1627775,K. Durant - O. Casspi - K. Thompson - K. Looney - P. McCaw,1610612744,2017-18
201156-201939-203110-1626172-1627775,N. Young - S. Curry - D. Green - K. Looney - P. McCaw,1610612744,2017-18
2733-2738-201142-201956-1628395,S. Livingston - A. Iguodala - K. Durant - O. Casspi - J. Bell,1610612744,2017-18
2733-201142-201939-1627775-1628395,S. Livingston - K. Durant - S. Curry - P. McCaw - J. Bell,1610612744,2017-18
2585-201156-201939-1627775-1628395,Z. Pachulia - N. Young - S. Curry - P. McCaw - J. Bell,1610612744,2017-18
2585-2733-201142-201156-201956,Z. Pachulia - S. Livingston - K. Durant - N. Young - O. Casspi,1610612744,2017-18
2738-201142-202691-203110-1627775,A. Iguodala - K. Durant - K. Thompson - D. Green - P. McCaw,1610612744,2017-18
2738-201142-201156-203110-1626172,A. Iguodala - K. Durant - N. Young - D. Green - K. Looney,1610612744,2017-18
2738-201142-201156-201939-203110,A. Iguodala - K. Durant - N. Young - S. Curry - D. Green,1610612744,2017-18
2738-201939-202691-203110-1626172,A. Iguodala - S. Curry - K. Thompson - D. Green - K. Looney,1610612744,2017-18
2561-2733-2738-201142-201156,D. West - S. Livingston - A. Iguodala - K. Durant - N. Young,1610612744,2017-18
201142-201580-203110-1626188-1627775,K. Durant - J. McGee - D. Green - Q. Cook - P. McCaw,1610612744,2017-18
201142-202691-1626172-1626188-1628395,K. Durant - K. Thompson - K. Looney - Q. Cook - J. Bell,1610612744,2017-18
201142-201156-1626172-1627775-1628395,K. Durant - N. Young - K. Looney - P. McCaw - J. Bell,1610612744,2017-18
201142-201156-201956-1626172-1627775,K. Durant - N. Young - O. Casspi - K. Looney - P. McCaw,1610612744,2017-18
201142-201156-201939-203110-1627775,K. Durant - N. Young - S. Curry - D. Green - P. McCaw,1610612744,2017-18
201142-201156-201939-1627775-1628395,K. Durant - N. Young - S. Curry - P. McCaw - J. Bell,1610612744,2017-18
201156-201939-201956-1627775-1628395,N. Young - S. Curry - O. Casspi - P. McCaw - J. Bell,1610612744,2017-18
201939-201956-203110-1627775-1628395,S. Curry - O. Casspi - D. Green - P. McCaw - J. Bell,1610612744,2017-18
2733-201142-202691-1626172-1627775,S. Livingston - K. Durant - K. Thompson - K. Looney - P. McCaw,1610612744,2017-18
2733-201142-201156-201939-1626172,S. Livingston - K. Durant - N. Young - S. Curry - K. Looney,1610612744,2017-18
2733-201142-201939-203110-1628395,S. Livingston - K. Durant - S. Curry - D. Green - J. Bell,1610612744,2017-18
2733-201142-201939-201956-203110,S. Livingston - K. Durant - S. Curry - O. Casspi - D. Green,1610612744,2017-18
2585-2733-201142-201156-1626172,Z. Pachulia - S. Livingston - K. Durant - N. Young - K. Looney,1610612744,2017-18
2738-201580-201939-201956-1627775,A. Iguodala - J. McGee - S. Curry - O. Casspi - P. McCaw,1610612744,2017-18
2738-201142-202691-1626172-1627775,A. Iguodala - K. Durant - K. Thompson - K. Looney - P. McCaw,1610612744,2017-18
2738-201142-201156-202691-203110,A. Iguodala - K. Durant - N. Young - K. Thompson - D. Green,1610612744,2017-18
2738-201142-201156-201939-1628395,A. Iguodala - K. Durant - N. Young - S. Curry - J. Bell,1610612744,2017-18
2738-201142-201956-202691-1628395,A. Iguodala - K. Durant - O. Casspi - K. Thompson - J. Bell,1610612744,2017-18
2738-201142-201939-203110-1627775,A. Iguodala - K. Durant - S. Curry - D. Green - P. McCaw,1610612744,2017-18
2738-201156-201939-201956-203110,A. Iguodala - N. Young - S. Curry - O. Casspi - D. Green,1610612744,2017-18
2561-2738-201142-202691-203110,D. West - A. Iguodala - K. Durant - K. Thompson - D. Green,1610612744,2017-18
2561-201142-201939-202691-1627775,D. West - K. Durant - S. Curry - K. Thompson - P. McCaw,1610612744,2017-18
2561-2733-201142-201939-1627775,D. West - S. Livingston - K. Durant - S. Curry - P. McCaw,1610612744,2017-18
201142-201156-201939-1626172-1627775,K. Durant - N. Young - S. Curry - K. Looney - P. McCaw,1610612744,2017-18
201142-201939-201956-1626172-1627775,K. Durant - S. Curry - O. Casspi - K. Looney - P. McCaw,1610612744,2017-18
201156-201939-203110-1627775-1628395,N. Young - S. Curry - D. Green - P. McCaw - J. Bell,1610612744,2017-18
2733-2738-201142-201580-1628395,S. Livingston - A. Iguodala - K. Durant - J. McGee - J. Bell,1610612744,2017-18
2733-2738-201142-202691-1626172,S. Livingston - A. Iguodala - K. Durant - K. Thompson - K. Looney,1610612744,2017-18
2733-201142-201156-201939-203110,S. Livingston - K. Durant - N. Young - S. Curry - D. Green,1610612744,2017-18
2585-201142-202691-1626188-1628395,Z. Pachulia - K. Durant - K. Thompson - Q. Cook - J. Bell,1610612744,2017-18
2585-201142-201939-202691-1627775,Z. Pachulia - K. Durant - S. Curry - K. Thompson - P. McCaw,1610612744,2017-18
2738-201142-201156-201956-203110,A. Iguodala - K. Durant - N. Young - O. Casspi - D. Green,1610612744,2017-18
2738-201142-201956-202691-1626172,A. Iguodala - K. Durant - O. Casspi - K. Thompson - K. Looney,1610612744,2017-18
2738-201156-201939-1626172-1627775,A. Iguodala - N. Young - S. Curry - K. Looney - P. McCaw,1610612744,2017-18
2738-201939-201956-203110-1628395,A. Iguodala - S. Curry - O. Casspi - D. Green - J. Bell,1610612744,2017-18
2738-201939-201956-203110-1626172,A. Iguodala - S. Curry - O. Casspi - D. Green - K. Looney,1610612744,2017-18
2561-2738-201939-203110-1627775,D. West - A. Iguodala - S. Curry - D. Green - P. McCaw,1610612744,2017-18
2561-201142-202691-1626172-1627775,D. West - K. Durant - K. Thompson - K. Looney - P. McCaw,1610612744,2017-18
2561-201142-201156-201956-1627775,D. West - K. Durant - N. Young - O. Casspi - P. McCaw,1610612744,2017-18
2561-201142-201156-201939-203110,D. West - K. Durant - N. Young - S. Curry - D. Green,1610612744,2017-18
2561-201142-201156-201939-1627775,D. West - K. Durant - N. Young - S. Curry - P. McCaw,1610612744,2017-18
2561-201142-201939-202691-203110,D. West - K. Durant - S. Curry - K. Thompson - D. Green,1610612744,2017-18
2561-2733-201142-201156-1626172,D. West - S. Livingston - K. Durant - N. Young - K. Looney,1610612744,2017-18
2561-2733-201142-201956-1627775,D. West - S. Livingston - K. Durant - O. Casspi - P. McCaw,1610612744,2017-18
2561-2733-201142-201939-203110,D. West - S. Livingston - K. Durant - S. Curry - D. Green,1610612744,2017-18
2561-2733-201142-201939-201956,D. West - S. Livingston - K. Durant - S. Curry - O. Casspi,1610612744,2017-18
201142-201156-203110-1627775-1628395,K. Durant - N. Young - D. Green - P. McCaw - J. Bell,1610612744,2017-18
201142-201156-1626172-1626188-1627745,K. Durant - N. Young - K. Looney - Q. Cook - D. Jones,1610612744,2017-18
201142-201156-201956-1627775-1628395,K. Durant - N. Young - O. Casspi - P. McCaw - J. Bell,1610612744,2017-18
201142-201156-201939-201956-1628395,K. Durant - N. Young - S. Curry - O. Casspi - J. Bell,1610612744,2017-18
201142-201156-201939-201956-1627775,K. Durant - N. Young - S. Curry - O. Casspi - P. McCaw,1610612744,2017-18
201142-201956-202691-203110-1627775,K. Durant - O. Casspi - K. Thompson - D. Green - P. McCaw,1610612744,2017-18
201142-201956-202691-1627775-1628395,K. Durant - O. Casspi - K. Thompson - P. McCaw - J. Bell,1610612744,2017-18
201142-201939-202691-1627775-1628395,K. Durant - S. Curry - K. Thompson - P. McCaw - J. Bell,1610612744,2017-18
201142-201939-201956-1627775-1628395,K. Durant - S. Curry - O. Casspi - P. McCaw - J. Bell,1610612744,2017-18
201156-201580-201939-201956-1627775,N. Young - J. McGee - S. Curry - O. Casspi - P. McCaw,1610612744,2017-18
2733-2738-201142-202691-1627745,S. Livingston - A. Iguodala - K. Durant - K. Thompson - D. Jones,1610612744,2017-18
2733-2738-201939-203110-1626172,S. Livingston - A. Iguodala - S. Curry - D. Green - K. Looney,1610612744,2017-18
2733-2738-201939-201956-1626172,S. Livingston - A. Iguodala - S. Curry - O. Casspi - K. Looney,1610612744,2017-18
2733-201142-202691-203110-1626172,S. Livingston - K. Durant - K. Thompson - D. Green - K. Looney,1610612744,2017-18
2733-201142-201156-201580-1628395,S. Livingston - K. Durant - N. Young - J. McGee - J. Bell,1610612744,2017-18
2733-201142-201156-201956-1626172,S. Livingston - K. Durant - N. Young - O. Casspi - K. Looney,1610612744,2017-18
2733-201142-201939-203110-1627775,S. Livingston - K. Durant - S. Curry - D. Green - P. McCaw,1610612744,2017-18
2733-201156-201580-201939-203110,S. Livingston - N. Young - J. McGee - S. Curry - D. Green,1610612744,2017-18
2733-201156-201580-201939-201956,S. Livingston - N. Young - J. McGee - S. Curry - O. Casspi,1610612744,2017-18
2585-2738-201142-201156-1626172,Z. Pachulia - A. Iguodala - K. Durant - N. Young - K. Looney,1610612744,2017-18
2585-201142-201156-203110-1626188,Z. Pachulia - K. Durant - N. Young - D. Green - Q. Cook,1610612744,2017-18
2585-201142-201156-1626188-1628395,Z. Pachulia - K. Durant - N. Young - Q. Cook - J. Bell,1610612744,2017-18
2585-201142-201156-201939-1628395,Z. Pachulia - K. Durant - N. Young - S. Curry - J. Bell,1610612744,2017-18
2585-2733-201142-201939-201956,Z. Pachulia - S. Livingston - K. Durant - S. Curry - O. Casspi,1610612744,2017-18
2561-2733-201142-201939-202691,D. West - S. Livingston - K. Durant - S. Curry - K. Thompson,1610612744,2017-18
2585-201142-201939-202691-203110,Z. Pachulia - K. Durant - S. Curry - K. Thompson - D. Green,1610612744,2016-17
2738-201142-201939-202691-203110,A. Iguodala - K. Durant - S. Curry - K. Thompson - D. Green,1610612744,2016-17
2585-201939-202691-203110-1627775,Z. Pachulia - S. Curry - K. Thompson - D. Green - P. McCaw,1610612744,2016-17
2561-2733-2738-201142-202691,D. West - S. Livingston - A. Iguodala - K. Durant - K. Thompson,1610612744,2016-17
201142-201580-201939-202691-203110,K. Durant - J. McGee - S. Curry - K. Thompson - D. Green,1610612744,2016-17
2738-201580-201939-202691-203110,A. Iguodala - J. McGee - S. Curry - K. Thompson - D. Green,1610612744,2016-17
2585-2738-201939-202691-203110,Z. Pachulia - A. Iguodala - S. Curry - K. Thompson - D. Green,1610612744,2016-17
2561-2733-2738-201142-203546,D. West - S. Livingston - A. Iguodala - K. Durant - I. Clark,1610612744,2016-17
2738-201580-201939-203110-203546,A. Iguodala - J. McGee - S. Curry - D. Green - I. Clark,1610612744,2016-17
2440-2585-201939-202691-203110,M. Barnes - Z. Pachulia - S. Curry - K. Thompson - D. Green,1610612744,2016-17
2738-201142-201939-203110-203546,A. Iguodala - K. Durant - S. Curry - D. Green - I. Clark,1610612744,2016-17
2733-2738-201580-201939-203110,S. Livingston - A. Iguodala - J. McGee - S. Curry - D. Green,1610612744,2016-17
2440-2738-201939-202691-203110,M. Barnes - A. Iguodala - S. Curry - K. Thompson - D. Green,1610612744,2016-17
2585-2733-201142-202691-203110,Z. Pachulia - S. Livingston - K. Durant - K. Thompson - D. Green,1610612744,2016-17
2585-201142-201939-203110-1627775,Z. Pachulia - K. Durant - S. Curry - D. Green - P. McCaw,1610612744,2016-17
2738-201142-201580-201939-203546,A. Iguodala - K. Durant - J. McGee - S. Curry - I. Clark,1610612744,2016-17
2733-201142-201939-202691-203110,S. Livingston - K. Durant - S. Curry - K. Thompson - D. Green,1610612744,2016-17
2585-201142-201939-202691-1626172,Z. Pachulia - K. Durant - S. Curry - K. Thompson - K. Looney,1610612744,2016-17
2561-2733-201142-202691-203546,D. West - S. Livingston - K. Durant - K. Thompson - I. Clark,1610612744,2016-17
2738-201580-201939-203110-1627775,A. Iguodala - J. McGee - S. Curry - D. Green - P. McCaw,1610612744,2016-17
2738-201142-201580-201939-202691,A. Iguodala - K. Durant - J. McGee - S. Curry - K. Thompson,1610612744,2016-17
2738-201142-201939-203546-1626172,A. Iguodala - K. Durant - S. Curry - I. Clark - K. Looney,1610612744,2016-17
2738-201142-201939-203110-1627775,A. Iguodala - K. Durant - S. Curry - D. Green - P. McCaw,1610612744,2016-17
2738-201939-203110-203546-1626172,A. Iguodala - S. Curry - D. Green - I. Clark - K. Looney,1610612744,2016-17
201142-201939-202691-203110-1626172,K. Durant - S. Curry - K. Thompson - D. Green - K. Looney,1610612744,2016-17
2585-2738-201142-201939-202691,Z. Pachulia - A. Iguodala - K. Durant - S. Curry - K. Thompson,1610612744,2016-17
2585-2733-201939-202691-203110,Z. Pachulia - S. Livingston - S. Curry - K. Thompson - D. Green,1610612744,2016-17
2738-201939-202691-203110-1627775,A. Iguodala - S. Curry - K. Thompson - D. Green - P. McCaw,1610612744,2016-17
2733-2738-201142-202691-203110,S. Livingston - A. Iguodala - K. Durant - K. Thompson - D. Green,1610612744,2016-17
201142-201580-201939-202691-1627775,K. Durant - J. McGee - S. Curry - K. Thompson - P. McCaw,1610612744,2016-17
2585-2733-201939-203110-203546,Z. Pachulia - S. Livingston - S. Curry - D. Green - I. Clark,1610612744,2016-17
2561-2738-201142-201939-203546,D. West - A. Iguodala - K. Durant - S. Curry - I. Clark,1610612744,2016-17
2738-201142-201580-201939-1627775,A. Iguodala - K. Durant - J. McGee - S. Curry - P. McCaw,1610612744,2016-17
2561-2738-201939-203110-203546,D. West - A. Iguodala - S. Curry - D. Green - I. Clark,1610612744,2016-17
2760-201142-201939-202691-203110,A. Varejao - K. Durant - S. Curry - K. Thompson - D. Green,1610612744,2016-17
2561-2738-201142-202691-203546,D. West - A. Iguodala - K. Durant - K. Thompson - I. Clark,1610612744,2016-17
2561-2733-201142-202691-1627775,D. West - S. Livingston - K. Durant - K. Thompson - P. McCaw,1610612744,2016-17
2733-2738-201142-201939-203110,S. Livingston - A. Iguodala - K. Durant - S. Curry - D. Green,1610612744,2016-17
2585-2733-2738-201939-202691,Z. Pachulia - S. Livingston - A. Iguodala - S. Curry - K. Thompson,1610612744,2016-17
2561-2733-2738-201939-203110,D. West - S. Livingston - A. Iguodala - S. Curry - D. Green,1610612744,2016-17
201142-201580-201939-203110-1627775,K. Durant - J. McGee - S. Curry - D. Green - P. McCaw,1610612744,2016-17
2733-2738-201142-202691-203949,S. Livingston - A. Iguodala - K. Durant - K. Thompson - J. McAdoo,1610612744,2016-17
2440-2738-201580-201939-1627775,M. Barnes - A. Iguodala - J. McGee - S. Curry - P. McCaw,1610612744,2016-17
2585-2738-201142-201939-203110,Z. Pachulia - A. Iguodala - K. Durant - S. Curry - D. Green,1610612744,2016-17
2585-201939-202691-203949-1627775,Z. Pachulia - S. Curry - K. Thompson - J. McAdoo - P. McCaw,1610612744,2016-17
2585-2733-2738-201142-202691,Z. Pachulia - S. Livingston - A. Iguodala - K. Durant - K. Thompson,1610612744,2016-17
2738-201580-201939-203546-1627775,A. Iguodala - J. McGee - S. Curry - I. Clark - P. McCaw,1610612744,2016-17
2738-201939-202691-203110-1626172,A. Iguodala - S. Curry - K. Thompson - D. Green - K. Looney,1610612744,2016-17
2733-2738-201939-202691-203110,S. Livingston - A. Iguodala - S. Curry - K. Thompson - D. Green,1610612744,2016-17
2585-2738-201939-203110-203546,Z. Pachulia - A. Iguodala - S. Curry - D. Green - I. Clark,1610612744,2016-17
2585-2733-2738-201939-203110,Z. Pachulia - S. Livingston - A. Iguodala - S. Curry - D. Green,1610612744,2016-17
2738-201142-201939-1626172-1627775,A. Iguodala - K. Durant - S. Curry - K. Looney - P. McCaw,1610612744,2016-17
2738-201939-202691-203110-203949,A. Iguodala - S. Curry - K. Thompson - D. Green - J. McAdoo,1610612744,2016-17
2561-2738-201142-201939-1627775,D. West - A. Iguodala - K. Durant - S. Curry - P. McCaw,1610612744,2016-17
2561-2733-201939-202691-203110,D. West - S. Livingston - S. Curry - K. Thompson - D. Green,1610612744,2016-17
201580-201939-202691-203110-1627775,J. McGee - S. Curry - K. Thompson - D. Green - P. McCaw,1610612744,2016-17
201142-201580-201939-203546-1627775,K. Durant - J. McGee - S. Curry - I. Clark - P. McCaw,1610612744,2016-17
2440-2733-2738-201939-203110,M. Barnes - S. Livingston - A. Iguodala - S. Curry - D. Green,1610612744,2016-17
2585-2733-201939-203110-1627775,Z. Pachulia - S. Livingston - S. Curry - D. Green - P. McCaw,1610612744,2016-17
2738-2760-201142-201939-202691,A. Iguodala - A. Varejao - K. Durant - S. Curry - K. Thompson,1610612744,2016-17
2738-201142-201580-201939-203110,A. Iguodala - K. Durant - J. McGee - S. Curry - D. Green,1610612744,2016-17
2738-201142-202691-203546-203949,A. Iguodala - K. Durant - K. Thompson - I. Clark - J. McAdoo,1610612744,2016-17
2738-201142-201939-202691-1626172,A. Iguodala - K. Durant - S. Curry - K. Thompson - K. Looney,1610612744,2016-17
2738-201939-203110-1626172-1627775,A. Iguodala - S. Curry - D. Green - K. Looney - P. McCaw,1610612744,2016-17
2585-2738-201939-202691-1627775,Z. Pachulia - A. Iguodala - S. Curry - K. Thompson - P. McCaw,1610612744,2016-17
2561-2733-201939-203110-203546,D. West - S. Livingston - S. Curry - D. Green - I. Clark,1610612744,2016-17
2561-2733-201939-203110-1627775,D. West - S. Livingston - S. Curry - D. Green - P. McCaw,1610612744,2016-17
2440-2733-2738-201580-201939,M. Barnes - S. Livingston - A. Iguodala - J. McGee - S. Curry,1610612744,2016-17
2733-2738-201580-201939-202691,S. Livingston - A. Iguodala - J. McGee - S. Curry - K. Thompson,1610612744,2016-17
2733-2738-201142-202691-1626172,S. Livingston - A. Iguodala - K. Durant - K. Thompson - K. Looney,1610612744,2016-17
2733-2738-201939-203110-203949,S. Livingston - A. Iguodala - S. Curry - D. Green - J. McAdoo,1610612744,2016-17
2585-201142-201939-203110-203546,Z. Pachulia - K. Durant - S. Curry - D. Green - I. Clark,1610612744,2016-17
2585-201142-201939-202691-203949,Z. Pachulia - K. Durant - S. Curry - K. Thompson - J. McAdoo,1610612744,2016-17
2585-2733-2738-201142-201939,Z. Pachulia - S. Livingston - A. Iguodala - K. Durant - S. Curry,1610612744,2016-17
2585-2733-201142-201939-202691,Z. Pachulia - S. Livingston - K. Durant - S. Curry - K. Thompson,1610612744,2016-17
2738-201142-201939-203546-203949,A. Iguodala - K. Durant - S. Curry - I. Clark - J. McAdoo,1610612744,2016-17
2738-201939-203110-203949-1627775,A. Iguodala - S. Curry - D. Green - J. McAdoo - P. McCaw,1610612744,2016-17
2738-201580-201939-202691-1627775,A. Iguodala - J. McGee - S. Curry - K. Thompson - P. McCaw,1610612744,2016-17
2738-201142-202691-203949-1627775,A. Iguodala - K. Durant - K. Thompson - J. McAdoo - P. McCaw,1610612744,2016-17
2561-2738-201142-203546-1627775,D. West - A. Iguodala - K. Durant - I. Clark - P. McCaw,1610612744,2016-17
2561-2738-201142-202691-1627775,D. West - A. Iguodala - K. Durant - K. Thompson - P. McCaw,1610612744,2016-17
2561-2733-2738-201142-201939,D. West - S. Livingston - A. Iguodala - K. Durant - S. Curry,1610612744,2016-17
201142-201580-201939-202691-203949,K. Durant - J. McGee - S. Curry - K. Thompson - J. McAdoo,1610612744,2016-17
2733-201142-201580-201939-1627775,S. Livingston - K. Durant - J. McGee - S. Curry - P. McCaw,1610612744,2016-17
2733-201142-202691-203546-203949,S. Livingston - K. Durant - K. Thompson - I. Clark - J. McAdoo,1610612744,2016-17
2585-2733-201142-201939-1627775,Z. Pachulia - S. Livingston - K. Durant - S. Curry - P. McCaw,1610612744,2016-17
2738-201142-201939-203949-1627775,A. Iguodala - K. Durant - S. Curry - J. McAdoo - P. McCaw,1610612744,2016-17
2561-2738-201939-202691-203110,D. West - A. Iguodala - S. Curry - K. Thompson - D. Green,1610612744,2016-17
2561-2733-2738-201142-203110,D. West - S. Livingston - A. Iguodala - K. Durant - D. Green,1610612744,2016-17
2440-2561-2738-201939-203110,M. Barnes - D. West - A. Iguodala - S. Curry - D. Green,1610612744,2016-17
2733-2738-201142-201580-201939,S. Livingston - A. Iguodala - K. Durant - J. McGee - S. Curry,1610612744,2016-17
2733-201142-201939-203110-1627775,S. Livingston - K. Durant - S. Curry - D. Green - P. McCaw,1610612744,2016-17
2733-201939-202691-203110-203546,S. Livingston - S. Curry - K. Thompson - D. Green - I. Clark,1610612744,2016-17
2585-2733-201142-201939-203110,Z. Pachulia - S. Livingston - K. Durant - S. Curry - D. Green,1610612744,2016-17
2738-201142-201580-203546-1627775,A. Iguodala - K. Durant - J. McGee - I. Clark - P. McCaw,1610612744,2016-17
2738-201142-202691-203110-203546,A. Iguodala - K. Durant - K. Thompson - D. Green - I. Clark,1610612744,2016-17
2738-201142-202691-203110-1627775,A. Iguodala - K. Durant - K. Thompson - D. Green - P. McCaw,1610612744,2016-17
2738-201939-203110-203546-203949,A. Iguodala - S. Curry - D. Green - I. Clark - J. McAdoo,1610612744,2016-17
2561-201142-203110-203546-1627775,D. West - K. Durant - D. Green - I. Clark - P. McCaw,1610612744,2016-17
2561-2733-201142-203546-1627775,D. West - S. Livingston - K. Durant - I. Clark - P. McCaw,1610612744,2016-17
2561-2733-201142-201939-1627775,D. West - S. Livingston - K. Durant - S. Curry - P. McCaw,1610612744,2016-17
201142-201939-203110-203546-1627775,K. Durant - S. Curry - D. Green - I. Clark - P. McCaw,1610612744,2016-17
201142-201939-203546-203949-1627775,K. Durant - S. Curry - I. Clark - J. McAdoo - P. McCaw,1610612744,2016-17
2440-201580-201939-202691-1627775,M. Barnes - J. McGee - S. Curry - K. Thompson - P. McCaw,1610612744,2016-17
2440-201939-202691-203110-1627775,M. Barnes - S. Curry - K. Thompson - D. Green - P. McCaw,1610612744,2016-17
2440-2733-201580-201939-203546,M. Barnes - S. Livingston - J. McGee - S. Curry - I. Clark,1610612744,2016-17
2733-201580-201939-203110-203546,S. Livingston - J. McGee - S. Curry - D. Green - I. Clark,1610612744,2016-17
2733-201939-203110-203949-1627775,S. Livingston - S. Curry - D. Green - J. McAdoo - P. McCaw,1610612744,2016-17
2733-201939-203110-1626172-1627775,S. Livingston - S. Curry - D. Green - K. Looney - P. McCaw,1610612744,2016-17
2585-2738-201142-202691-203110,Z. Pachulia - A. Iguodala - K. Durant - K. Thompson - D. Green,1610612744,2016-17
2585-201939-203110-203546-1627775,Z. Pachulia - S. Curry - D. Green - I. Clark - P. McCaw,1610612744,2016-17
2585-2733-201142-201939-203546,Z. Pachulia - S. Livingston - K. Durant - S. Curry - I. Clark,1610612744,2016-17
2738-2760-201142-201939-203546,A. Iguodala - A. Varejao - K. Durant - S. Curry - I. Clark,1610612744,2016-17
2738-2760-201939-202691-203110,A. Iguodala - A. Varejao - S. Curry - K. Thompson - D. Green,1610612744,2016-17
2738-201580-201939-202691-1626172,A. Iguodala - J. McGee - S. Curry - K. Thompson - K. Looney,1610612744,2016-17
2738-201142-202691-203546-1626172,A. Iguodala - K. Durant - K. Thompson - I. Clark - K. Looney,1610612744,2016-17
2738-201939-203546-203949-1627775,A. Iguodala - S. Curry - I. Clark - J. McAdoo - P. McCaw,1610612744,2016-17
2738-201939-202691-203110-203546,A. Iguodala - S. Curry - K. Thompson - D. Green - I. Clark,1610612744,2016-17
2738-201939-202691-1626172-1627775,A. Iguodala - S. Curry - K. Thompson - K. Looney - P. McCaw,1610612744,2016-17
2561-2738-201939-203110-1627775,D. West - A. Iguodala - S. Curry - D. Green - P. McCaw,1610612744,2016-17
2561-2733-2738-201580-201939,D. West - S. Livingston - A. Iguodala - J. McGee - S. Curry,1610612744,2016-17
2561-2733-2738-201142-1627775,D. West - S. Livingston - A. Iguodala - K. Durant - P. McCaw,1610612744,2016-17
201580-201939-203110-203546-1627775,J. McGee - S. Curry - D. Green - I. Clark - P. McCaw,1610612744,2016-17
201142-201580-201939-202691-1626172,K. Durant - J. McGee - S. Curry - K. Thompson - K. Looney,1610612744,2016-17
201142-201939-202691-203110-1627775,K. Durant - S. Curry - K. Thompson - D. Green - P. McCaw,1610612744,2016-17
2440-2738-201580-201939-202691,M. Barnes - A. Iguodala - J. McGee - S. Curry - K. Thompson,1610612744,2016-17
2440-2561-2733-201939-203110,M. Barnes - D. West - S. Livingston - S. Curry - D. Green,1610612744,2016-17
2440-201580-201939-203110-203546,M. Barnes - J. McGee - S. Curry - D. Green - I. Clark,1610612744,2016-17
2440-2733-201580-201939-202691,M. Barnes - S. Livingston - J. McGee - S. Curry - K. Thompson,1610612744,2016-17
2440-2585-201939-203110-1627775,M. Barnes - Z. Pachulia - S. Curry - D. Green - P. McCaw,1610612744,2016-17
2440-2585-201939-202691-1627775,M. Barnes - Z. Pachulia - S. Curry - K. Thompson - P. McCaw,1610612744,2016-17
2733-201142-202691-203949-1627775,S. Livingston - K. Durant - K. Thompson - J. McAdoo - P. McCaw,1610612744,2016-17
2733-201142-202691-1626172-1627775,S. Livingston - K. Durant - K. Thompson - K. Looney - P. McCaw,1610612744,2016-17
2733-201939-203110-203546-1627775,S. Livingston - S. Curry - D. Green - I. Clark - P. McCaw,1610612744,2016-17
2733-201939-202691-203110-1626172,S. Livingston - S. Curry - K. Thompson - D. Green - K. Looney,1610612744,2016-17
2585-2733-201142-202691-1627775,Z. Pachulia - S. Livingston - K. Durant - K. Thompson - P. McCaw,1610612744,2016-17
2585-2733-201939-203546-203949,Z. Pachulia - S. Livingston - S. Curry - I. Clark - J. McAdoo,1610612744,2016-17
2585-2733-201939-203949-1627775,Z. Pachulia - S. Livingston - S. Curry - J. McAdoo - P. McCaw,1610612744,2016-17
2738-2760-201142-202691-203546,A. Iguodala - A. Varejao - K. Durant - K. Thompson - I. Clark,1610612744,2016-17
2738-2760-201939-202691-1626172,A. Iguodala - A. Varejao - S. Curry - K. Thompson - K. Looney,1610612744,2016-17
2738-201580-201939-1626172-1627775,A. Iguodala - J. McGee - S. Curry - K. Looney - P. McCaw,1610612744,2016-17
2738-201142-203546-1626172-1627362,A. Iguodala - K. Durant - I. Clark - K. Looney - B. Weber,1610612744,2016-17
2738-201142-201580-202691-1627775,A. Iguodala - K. Durant - J. McGee - K. Thompson - P. McCaw,1610612744,2016-17
2738-201142-201939-202691-203949,A. Iguodala - K. Durant - S. Curry - K. Thompson - J. McAdoo,1610612744,2016-17
2738-201142-201939-202691-1627775,A. Iguodala - K. Durant - S. Curry - K. Thompson - P. McCaw,1610612744,2016-17
2738-201939-203546-203949-1626172,A. Iguodala - S. Curry - I. Clark - J. McAdoo - K. Looney,1610612744,2016-17
2561-201142-201939-202691-1627775,D. West - K. Durant - S. Curry - K. Thompson - P. McCaw,1610612744,2016-17
2561-2733-2738-201939-1627775,D. West - S. Livingston - A. Iguodala - S. Curry - P. McCaw,1610612744,2016-17
2561-2733-201142-202691-203110,D. West - S. Livingston - K. Durant - K. Thompson - D. Green,1610612744,2016-17
2561-2733-201142-201939-202691,D. West - S. Livingston - K. Durant - S. Curry - K. Thompson,1610612744,2016-17
2561-2585-201142-201939-1627775,D. West - Z. Pachulia - K. Durant - S. Curry - P. McCaw,1610612744,2016-17
201142-201580-201939-1627362-1627775,K. Durant - J. McGee - S. Curry - B. Weber - P. McCaw,1610612744,2016-17
201142-201939-202691-203949-1627775,K. Durant - S. Curry - K. Thompson - J. McAdoo - P. McCaw,1610612744,2016-17
2440-2561-201939-203110-203546,M. Barnes - D. West - S. Curry - D. Green - I. Clark,1610612744,2016-17
2440-2561-2733-2738-201939,M. Barnes - D. West - S. Livingston - A. Iguodala - S. Curry,1610612744,2016-17
2440-201580-201939-202691-203110,M. Barnes - J. McGee - S. Curry - K. Thompson - D. Green,1610612744,2016-17
2440-201939-202691-203110-203949,M. Barnes - S. Curry - K. Thompson - D. Green - J. McAdoo,1610612744,2016-17
2440-2585-2733-2738-201939,M. Barnes - Z. Pachulia - S. Livingston - A. Iguodala - S. Curry,1610612744,2016-17
201939-203110-203546-1626172-1627775,S. Curry - D. Green - I. Clark - K. Looney - P. McCaw,1610612744,2016-17
2733-2738-2760-201142-202691,S. Livingston - A. Iguodala - A. Varejao - K. Durant - K. Thompson,1610612744,2016-17
2733-2738-201580-201939-1627775,S. Livingston - A. Iguodala - J. McGee - S. Curry - P. McCaw,1610612744,2016-17
2733-2738-201142-203110-1627775,S. Livingston - A. Iguodala - K. Durant - D. Green - P. McCaw,1610612744,2016-17
2733-2738-201142-202691-1627775,S. Livingston - A. Iguodala - K. Durant - K. Thompson - P. McCaw,1610612744,2016-17
2733-2738-201939-202691-203949,S. Livingston - A. Iguodala - S. Curry - K. Thompson - J. McAdoo,1610612744,2016-17
2733-201142-201939-203110-203546,S. Livingston - K. Durant - S. Curry - D. Green - I. Clark,1610612744,2016-17
2733-201142-201939-203949-1627775,S. Livingston - K. Durant - S. Curry - J. McAdoo - P. McCaw,1610612744,2016-17
2733-201939-203110-203546-1626172,S. Livingston - S. Curry - D. Green - I. Clark - K. Looney,1610612744,2016-17
2733-201939-202691-203110-203949,S. Livingston - S. Curry - K. Thompson - D. Green - J. McAdoo,1610612744,2016-17
2585-2738-201142-203110-1627775,Z. Pachulia - A. Iguodala - K. Durant - D. Green - P. McCaw,1610612744,2016-17
2585-2738-201939-202691-203949,Z. Pachulia - A. Iguodala - S. Curry - K. Thompson - J. McAdoo,1610612744,2016-17
2585-201142-201939-202691-1627775,Z. Pachulia - K. Durant - S. Curry - K. Thompson - P. McCaw,1610612744,2016-17
2585-2733-2738-201939-203546,Z. Pachulia - S. Livingston - A. Iguodala - S. Curry - I. Clark,1610612744,2016-17
2585-2733-201142-203110-1627775,Z. Pachulia - S. Livingston - K. Durant - D. Green - P. McCaw,1610612744,2016-17
2585-2733-201142-202691-203546,Z. Pachulia - S. Livingston - K. Durant - K. Thompson - I. Clark,1610612744,2016-17
2585-2733-201939-202691-1626172,Z. Pachulia - S. Livingston - S. Curry - K. Thompson - K. Looney,1610612744,2016-17
2561-2733-201142-203110-203546,D. West - S. Livingston - K. Durant - D. Green - I. Clark,1610612744,2016-17
2440-2733-201939-203110-1627775,M. Barnes - S. Livingston - S. Curry - D. Green - P. McCaw,1610612744,2016-17
2440-2585-2738-201939-202691,M. Barnes - Z. Pachulia - A. Iguodala - S. Curry - K. Thompson,1610612744,2016-17
201939-202691-203110-203949-1627775,S. Curry - K. Thompson - D. Green - J. McAdoo - P. McCaw,1610612744,2016-17
2733-201142-203546-203949-1627775,S. Livingston - K. Durant - I. Clark - J. McAdoo - P. McCaw,1610612744,2016-17
2733-201142-202691-203546-1626172,S. Livingston - K. Durant - K. Thompson - I. Clark - K. Looney,1610612744,2016-17
2585-201142-202691-203546-1627775,Z. Pachulia - K. Durant - K. Thompson - I. Clark - P. McCaw,1610612744,2016-17
2585-2733-201939-1626172-1627775,Z. Pachulia - S. Livingston - S. Curry - K. Looney - P. McCaw,1610612744,2016-17
2585-2733-201939-202691-203546,Z. Pachulia - S. Livingston - S. Curry - K. Thompson - I. Clark,1610612744,2016-17
101106-201939-202691-203084-203110,A. Bogut - S. Curry - K. Thompson - H. Barnes - D. Green,1610612744,2015-16
101106-201575-201939-202691-203110,A. Bogut - B. Rush - S. Curry - K. Thompson - D. Green,1610612744,2015-16
2738-201939-202691-203084-203110,A. Iguodala - S. Curry - K. Thompson - H. Barnes - D. Green,1610612744,2015-16
2738-101106-201939-202691-203110,A. Iguodala - A. Bogut - S. Curry - K. Thompson - D. Green,1610612744,2015-16
201939-202691-203084-203105-203110,S. Curry - K. Thompson - H. Barnes - F. Ezeli - D. Green,1610612744,2015-16
2738-201939-202691-203105-203110,A. Iguodala - S. Curry - K. Thompson - F. Ezeli - D. Green,1610612744,2015-16
2733-201939-202691-203084-203110,S. Livingston - S. Curry - K. Thompson - H. Barnes - D. Green,1610612744,2015-16
2733-2738-201939-203105-203110,S. Livingston - A. Iguodala - S. Curry - F. Ezeli - D. Green,1610612744,2015-16
201575-201939-202691-203084-203110,B. Rush - S. Curry - K. Thompson - H. Barnes - D. Green,1610612744,2015-16
2733-101106-201939-202691-203110,S. Livingston - A. Bogut - S. Curry - K. Thompson - D. Green,1610612744,2015-16
2733-2738-201939-202691-203110,S. Livingston - A. Iguodala - S. Curry - K. Thompson - D. Green,1610612744,2015-16
201939-202691-203084-203110-203949,S. Curry - K. Thompson - H. Barnes - D. Green - J. McAdoo,1610612744,2015-16
2571-2738-201939-203105-203110,L. Barbosa - A. Iguodala - S. Curry - F. Ezeli - D. Green,1610612744,2015-16
201575-201939-202691-203105-203110,B. Rush - S. Curry - K. Thompson - F. Ezeli - D. Green,1610612744,2015-16
2571-2738-201578-201939-203110,L. Barbosa - A. Iguodala - M. Speights - S. Curry - D. Green,1610612744,2015-16
2571-2733-201578-201939-203110,L. Barbosa - S. Livingston - M. Speights - S. Curry - D. Green,1610612744,2015-16
2733-2738-101106-201939-203110,S. Livingston - A. Iguodala - A. Bogut - S. Curry - D. Green,1610612744,2015-16
101106-201939-202691-203110-203546,A. Bogut - S. Curry - K. Thompson - D. Green - I. Clark,1610612744,2015-16
2571-2738-201575-201939-203110,L. Barbosa - A. Iguodala - B. Rush - S. Curry - D. Green,1610612744,2015-16
2571-2733-2760-201939-203110,L. Barbosa - S. Livingston - A. Varejao - S. Curry - D. Green,1610612744,2015-16
2738-101106-201939-202691-203084,A. Iguodala - A. Bogut - S. Curry - K. Thompson - H. Barnes,1610612744,2015-16
2571-2738-2760-201939-203110,L. Barbosa - A. Iguodala - A. Varejao - S. Curry - D. Green,1610612744,2015-16
2733-201939-202691-203105-203110,S. Livingston - S. Curry - K. Thompson - F. Ezeli - D. Green,1610612744,2015-16
2571-2738-101106-201939-203110,L. Barbosa - A. Iguodala - A. Bogut - S. Curry - D. Green,1610612744,2015-16
2571-2738-201578-201939-203084,L. Barbosa - A. Iguodala - M. Speights - S. Curry - H. Barnes,1610612744,2015-16
2571-2738-201939-203084-203105,L. Barbosa - A. Iguodala - S. Curry - H. Barnes - F. Ezeli,1610612744,2015-16
2738-201575-201939-202691-203110,A. Iguodala - B. Rush - S. Curry - K. Thompson - D. Green,1610612744,2015-16
2738-201578-201939-202691-203110,A. Iguodala - M. Speights - S. Curry - K. Thompson - D. Green,1610612744,2015-16
2733-201578-201939-202691-203110,S. Livingston - M. Speights - S. Curry - K. Thompson - D. Green,1610612744,2015-16
101106-201575-201939-203110-203546,A. Bogut - B. Rush - S. Curry - D. Green - I. Clark,1610612744,2015-16
101106-201574-201575-201939-202691,A. Bogut - J. Thompson - B. Rush - S. Curry - K. Thompson,1610612744,2015-16
2571-2738-2760-201939-203084,L. Barbosa - A. Iguodala - A. Varejao - S. Curry - H. Barnes,1610612744,2015-16
2571-2760-201939-203084-203110,L. Barbosa - A. Varejao - S. Curry - H. Barnes - D. Green,1610612744,2015-16
2571-201575-201939-202691-203110,L. Barbosa - B. Rush - S. Curry - K. Thompson - D. Green,1610612744,2015-16
201578-201939-202691-203084-203110,M. Speights - S. Curry - K. Thompson - H. Barnes - D. Green,1610612744,2015-16
2733-2738-101106-201939-203084,S. Livingston - A. Iguodala - A. Bogut - S. Curry - H. Barnes,1610612744,2015-16
2733-2738-201939-203084-203110,S. Livingston - A. Iguodala - S. Curry - H. Barnes - D. Green,1610612744,2015-16
201575-201939-203084-203105-203110,B. Rush - S. Curry - H. Barnes - F. Ezeli - D. Green,1610612744,2015-16
2733-2738-201578-201939-203110,S. Livingston - A. Iguodala - M. Speights - S. Curry - D. Green,1610612744,2015-16
201939-202691-203084-203110-203546,S. Curry - K. Thompson - H. Barnes - D. Green - I. Clark,1610612744,2015-16
2733-2738-201939-203084-203105,S. Livingston - A. Iguodala - S. Curry - H. Barnes - F. Ezeli,1610612744,2015-16
101106-201575-201939-202691-203084,A. Bogut - B. Rush - S. Curry - K. Thompson - H. Barnes,1610612744,2015-16
2760-201575-201939-202691-203110,A. Varejao - B. Rush - S. Curry - K. Thompson - D. Green,1610612744,2015-16
201575-201939-202691-203110-203949,B. Rush - S. Curry - K. Thompson - D. Green - J. McAdoo,1610612744,2015-16
2571-2733-201575-201939-203110,L. Barbosa - S. Livingston - B. Rush - S. Curry - D. Green,1610612744,2015-16
2733-201575-201939-202691-203110,S. Livingston - B. Rush - S. Curry - K. Thompson - D. Green,1610612744,2015-16
2738-201939-202691-203110-203546,A. Iguodala - S. Curry - K. Thompson - D. Green - I. Clark,1610612744,2015-16
2760-201939-202691-203084-203110,A. Varejao - S. Curry - K. Thompson - H. Barnes - D. Green,1610612744,2015-16
2571-2760-201575-201939-203110,L. Barbosa - A. Varejao - B. Rush - S. Curry - D. Green,1610612744,2015-16
2571-201575-201578-201939-203110,L. Barbosa - B. Rush - M. Speights - S. Curry - D. Green,1610612744,2015-16
2571-201939-202691-203084-203110,L. Barbosa - S. Curry - K. Thompson - H. Barnes - D. Green,1610612744,2015-16
2733-101106-201939-202691-203084,S. Livingston - A. Bogut - S. Curry - K. Thompson - H. Barnes,1610612744,2015-16
2738-201575-201939-203105-203110,A. Iguodala - B. Rush - S. Curry - F. Ezeli - D. Green,1610612744,2015-16
2738-101106-201575-201939-203110,A. Iguodala - A. Bogut - B. Rush - S. Curry - D. Green,1610612744,2015-16
2738-201939-202691-203110-203949,A. Iguodala - S. Curry - K. Thompson - D. Green - J. McAdoo,1610612744,2015-16
2738-201939-202691-203084-203105,A. Iguodala - S. Curry - K. Thompson - H. Barnes - F. Ezeli,1610612744,2015-16
201574-201939-202691-203110-203546,J. Thompson - S. Curry - K. Thompson - D. Green - I. Clark,1610612744,2015-16
2571-201578-201939-203084-203110,L. Barbosa - M. Speights - S. Curry - H. Barnes - D. Green,1610612744,2015-16
2571-2733-201939-203110-203949,L. Barbosa - S. Livingston - S. Curry - D. Green - J. McAdoo,1610612744,2015-16
2733-2738-201578-201939-203084,S. Livingston - A. Iguodala - M. Speights - S. Curry - H. Barnes,1610612744,2015-16
201574-201575-201939-202691-203110,J. Thompson - B. Rush - S. Curry - K. Thompson - D. Green,1610612744,2015-16
2571-101106-201939-203084-203110,L. Barbosa - A. Bogut - S. Curry - H. Barnes - D. Green,1610612744,2015-16
2571-201578-201939-202691-203110,L. Barbosa - M. Speights - S. Curry - K. Thompson - D. Green,1610612744,2015-16
2571-2733-2738-201939-203110,L. Barbosa - S. Livingston - A. Iguodala - S. Curry - D. Green,1610612744,2015-16
2733-2738-201575-201939-203110,S. Livingston - A. Iguodala - B. Rush - S. Curry - D. Green,1610612744,2015-16
2738-201939-203105-203110-203546,A. Iguodala - S. Curry - F. Ezeli - D. Green - I. Clark,1610612744,2015-16
201575-201578-201939-202691-203110,B. Rush - M. Speights - S. Curry - K. Thompson - D. Green,1610612744,2015-16
2571-2738-101106-201939-203084,L. Barbosa - A. Iguodala - A. Bogut - S. Curry - H. Barnes,1610612744,2015-16
2571-2738-201939-203084-203110,L. Barbosa - A. Iguodala - S. Curry - H. Barnes - D. Green,1610612744,2015-16
2738-101106-201939-203110-203546,A. Iguodala - A. Bogut - S. Curry - D. Green - I. Clark,1610612744,2015-16
2738-201575-201578-201939-203084,A. Iguodala - B. Rush - M. Speights - S. Curry - H. Barnes,1610612744,2015-16
2738-201575-201578-201939-202691,A. Iguodala - B. Rush - M. Speights - S. Curry - K. Thompson,1610612744,2015-16
2571-2738-201575-201578-201939,L. Barbosa - A. Iguodala - B. Rush - M. Speights - S. Curry,1610612744,2015-16
2571-2738-201939-203110-203546,L. Barbosa - A. Iguodala - S. Curry - D. Green - I. Clark,1610612744,2015-16
2571-201939-202691-203110-203949,L. Barbosa - S. Curry - K. Thompson - D. Green - J. McAdoo,1610612744,2015-16
2571-201939-202691-203105-203110,L. Barbosa - S. Curry - K. Thompson - F. Ezeli - D. Green,1610612744,2015-16
2571-2733-201578-201939-203084,L. Barbosa - S. Livingston - M. Speights - S. Curry - H. Barnes,1610612744,2015-16
2733-2738-201575-201939-203105,S. Livingston - A. Iguodala - B. Rush - S. Curry - F. Ezeli,1610612744,2015-16
101106-201574-201939-202691-203084,A. Bogut - J. Thompson - S. Curry - K. Thompson - H. Barnes,1610612744,2015-16
2738-201939-202691-203105-203949,A. Iguodala - S. Curry - K. Thompson - F. Ezeli - J. McAdoo,1610612744,2015-16
201575-201939-202691-203110-203546,B. Rush - S. Curry - K. Thompson - D. Green - I. Clark,1610612744,2015-16
2571-101106-201575-201939-203110,L. Barbosa - A. Bogut - B. Rush - S. Curry - D. Green,1610612744,2015-16
2571-2738-101106-201575-201939,L. Barbosa - A. Iguodala - A. Bogut - B. Rush - S. Curry,1610612744,2015-16
2571-2738-201575-201939-203105,L. Barbosa - A. Iguodala - B. Rush - S. Curry - F. Ezeli,1610612744,2015-16
2571-2760-201575-201939-203084,L. Barbosa - A. Varejao - B. Rush - S. Curry - H. Barnes,1610612744,2015-16
2571-201575-201578-201939-203084,L. Barbosa - B. Rush - M. Speights - S. Curry - H. Barnes,1610612744,2015-16
2571-201575-201939-203110-203949,L. Barbosa - B. Rush - S. Curry - D. Green - J. McAdoo,1610612744,2015-16
2571-201575-201939-203084-203110,L. Barbosa - B. Rush - S. Curry - H. Barnes - D. Green,1610612744,2015-16
2571-201939-202691-203084-1626172,L. Barbosa - S. Curry - K. Thompson - H. Barnes - K. Looney,1610612744,2015-16
2571-2733-101106-201939-203110,L. Barbosa - S. Livingston - A. Bogut - S. Curry - D. Green,1610612744,2015-16
2571-2733-201578-201939-203949,L. Barbosa - S. Livingston - M. Speights - S. Curry - J. McAdoo,1610612744,2015-16
2733-101106-201939-203084-203110,S. Livingston - A. Bogut - S. Curry - H. Barnes - D. Green,1610612744,2015-16
2733-2738-201574-201939-203110,S. Livingston - A. Iguodala - J. Thompson - S. Curry - D. Green,1610612744,2015-16
2733-2738-201578-201939-203105,S. Livingston - A. Iguodala - M. Speights - S. Curry - F. Ezeli,1610612744,2015-16
2733-2738-201939-203110-203949,S. Livingston - A. Iguodala - S. Curry - D. Green - J. McAdoo,1610612744,2015-16
2733-2760-201939-202691-203110,S. Livingston - A. Varejao - S. Curry - K. Thompson - D. Green,1610612744,2015-16
101106-201575-201939-203084-203110,A. Bogut - B. Rush - S. Curry - H. Barnes - D. Green,1610612744,2015-16
2738-101106-201575-201939-203084,A. Iguodala - A. Bogut - B. Rush - S. Curry - H. Barnes,1610612744,2015-16
2738-101106-201939-203084-203110,A. Iguodala - A. Bogut - S. Curry - H. Barnes - D. Green,1610612744,2015-16
2738-201574-201939-202691-203110,A. Iguodala - J. Thompson - S. Curry - K. Thompson - D. Green,1610612744,2015-16
2571-101106-201939-202691-203110,L. Barbosa - A. Bogut - S. Curry - K. Thompson - D. Green,1610612744,2015-16
2571-2738-101106-201939-202691,L. Barbosa - A. Iguodala - A. Bogut - S. Curry - K. Thompson,1610612744,2015-16
2571-2738-201939-203110-203949,L. Barbosa - A. Iguodala - S. Curry - D. Green - J. McAdoo,1610612744,2015-16
2571-2738-201939-202691-203110,L. Barbosa - A. Iguodala - S. Curry - K. Thompson - D. Green,1610612744,2015-16
2571-201578-201939-202691-203084,L. Barbosa - M. Speights - S. Curry - K. Thompson - H. Barnes,1610612744,2015-16
2571-201939-203084-203110-203546,L. Barbosa - S. Curry - H. Barnes - D. Green - I. Clark,1610612744,2015-16
2571-201939-202691-203084-203105,L. Barbosa - S. Curry - K. Thompson - H. Barnes - F. Ezeli,1610612744,2015-16
2571-2733-2738-201939-203084,L. Barbosa - S. Livingston - A. Iguodala - S. Curry - H. Barnes,1610612744,2015-16
2571-2733-2760-201575-201939,L. Barbosa - S. Livingston - A. Varejao - B. Rush - S. Curry,1610612744,2015-16
2733-101106-201575-201939-203110,S. Livingston - A. Bogut - B. Rush - S. Curry - D. Green,1610612744,2015-16
2733-101106-201575-201939-202691,S. Livingston - A. Bogut - B. Rush - S. Curry - K. Thompson,1610612744,2015-16
2733-201574-201939-202691-203110,S. Livingston - J. Thompson - S. Curry - K. Thompson - D. Green,1610612744,2015-16
2733-201939-202691-203110-203949,S. Livingston - S. Curry - K. Thompson - D. Green - J. McAdoo,1610612744,2015-16
201935-202331-202695-1627826-1629611,J. Harden - P. George - K. Leonard - I. Zubac - T. Mann,1610612746,2023-24
201935-202331-202695-203486-1629611,J. Harden - P. George - K. Leonard - M. Plumlee - T. Mann,1610612746,2023-24
201935-202331-202695-1626181-1627826,J. Harden - P. George - K. Leonard - N. Powell - I. Zubac,1610612746,2023-24
201566-202695-1626181-1628464-1629599,R. Westbrook - K. Leonard - N. Powell - D. Theis - A. Coffey,1610612746,2023-24
201935-202331-1627826-1629599-1629611,J. Harden - P. George - I. Zubac - A. Coffey - T. Mann,1610612746,2023-24
201566-201935-1626181-1628464-1629599,R. Westbrook - J. Harden - N. Powell - D. Theis - A. Coffey,1610612746,2023-24
201566-201935-202331-202695-1627826,R. Westbrook - J. Harden - P. George - K. Leonard - I. Zubac,1610612746,2023-24
201935-202331-202695-1628464-1629611,J. Harden - P. George - K. Leonard - D. Theis - T. Mann,1610612746,2023-24
201935-202695-1626181-1627826-1629611,J. Harden - K. Leonard - N. Powell - I. Zubac - T. Mann,1610612746,2023-24
201566-202331-202695-1627826-1629611,R. Westbrook - P. George - K. Leonard - I. Zubac - T. Mann,1610612746,2023-24
201935-202331-1626181-1627826-1629611,J. Harden - P. George - N. Powell - I. Zubac - T. Mann,1610612746,2023-24
201935-202331-1626181-1627826-1629599,J. Harden - P. George - N. Powell - I. Zubac - A. Coffey,1610612746,2023-24
201566-202331-202695-203496-1627826,R. Westbrook - P. George - K. Leonard - R. Covington - I. Zubac,1610612746,2023-24
200782-201935-202331-1627826-1629611,P. Tucker - J. Harden - P. George - I. Zubac - T. Mann,1610612746,2023-24
201566-202695-203486-1626181-1629599,R. Westbrook - K. Leonard - M. Plumlee - N. Powell - A. Coffey,1610612746,2023-24
201935-202331-1626181-1628464-1629599,J. Harden - P. George - N. Powell - D. Theis - A. Coffey,1610612746,2023-24
201566-201935-203486-1626181-1629599,R. Westbrook - J. Harden - M. Plumlee - N. Powell - A. Coffey,1610612746,2023-24
201566-201935-202695-1626181-1628464,R. Westbrook - J. Harden - K. Leonard - N. Powell - D. Theis,1610612746,2023-24
201935-202695-1627826-1629599-1629611,J. Harden - K. Leonard - I. Zubac - A. Coffey - T. Mann,1610612746,2023-24
201935-202331-202695-1626181-1629599,J. Harden - P. George - K. Leonard - N. Powell - A. Coffey,1610612746,2023-24
201566-201935-1626181-1628464-1641738,R. Westbrook - J. Harden - N. Powell - D. Theis - K. Brown,1610612746,2023-24
201566-201935-202331-1626181-1627826,R. Westbrook - J. Harden - P. George - N. Powell - I. Zubac,1610612746,2023-24
201566-202331-202695-1627826-1630538,R. Westbrook - P. George - K. Leonard - I. Zubac - B. Hyland,1610612746,2023-24
201566-201935-202331-202695-1629611,R. Westbrook - J. Harden - P. George - K. Leonard - T. Mann,1610612746,2023-24
201566-201935-202331-1626181-1628464,R. Westbrook - J. Harden - P. George - N. Powell - D. Theis,1610612746,2023-24
202331-202695-1627826-1629611-1630538,P. George - K. Leonard - I. Zubac - T. Mann - B. Hyland,1610612746,2023-24
201935-202331-202695-1627826-1629599,J. Harden - P. George - K. Leonard - I. Zubac - A. Coffey,1610612746,2023-24
201935-202331-202695-1626181-1629611,J. Harden - P. George - K. Leonard - N. Powell - T. Mann,1610612746,2023-24
201935-202331-203486-1626181-1629599,J. Harden - P. George - M. Plumlee - N. Powell - A. Coffey,1610612746,2023-24
201566-202331-202695-1626181-1627826,R. Westbrook - P. George - K. Leonard - N. Powell - I. Zubac,1610612746,2023-24
201935-202695-1626181-1627826-1629599,J. Harden - K. Leonard - N. Powell - I. Zubac - A. Coffey,1610612746,2023-24
201566-201935-202331-1626181-1629599,R. Westbrook - J. Harden - P. George - N. Powell - A. Coffey,1610612746,2023-24
201935-202695-1626181-1628464-1629611,J. Harden - K. Leonard - N. Powell - D. Theis - T. Mann,1610612746,2023-24
201935-202695-1626181-1628464-1629599,J. Harden - K. Leonard - N. Powell - D. Theis - A. Coffey,1610612746,2023-24
202695-1626181-1628464-1629599-1630538,K. Leonard - N. Powell - D. Theis - A. Coffey - B. Hyland,1610612746,2023-24
201566-201935-202331-202695-1626181,R. Westbrook - J. Harden - P. George - K. Leonard - N. Powell,1610612746,2023-24
201566-202695-1626181-1627826-1629599,R. Westbrook - K. Leonard - N. Powell - I. Zubac - A. Coffey,1610612746,2023-24
201935-1626181-1628464-1629599-1629611,J. Harden - N. Powell - D. Theis - A. Coffey - T. Mann,1610612746,2023-24
201935-202695-1628464-1629599-1629611,J. Harden - K. Leonard - D. Theis - A. Coffey - T. Mann,1610612746,2023-24
201935-202331-202695-1626181-1628464,J. Harden - P. George - K. Leonard - N. Powell - D. Theis,1610612746,2023-24
201566-201935-202695-1626181-1627826,R. Westbrook - J. Harden - K. Leonard - N. Powell - I. Zubac,1610612746,2023-24
202331-202695-1626181-1627826-1630538,P. George - K. Leonard - N. Powell - I. Zubac - B. Hyland,1610612746,2023-24
201566-201935-202331-202695-1629599,R. Westbrook - J. Harden - P. George - K. Leonard - A. Coffey,1610612746,2023-24
201935-202695-203486-1629599-1629611,J. Harden - K. Leonard - M. Plumlee - A. Coffey - T. Mann,1610612746,2023-24
201935-1626181-1627826-1629599-1629611,J. Harden - N. Powell - I. Zubac - A. Coffey - T. Mann,1610612746,2023-24
201935-202331-1626181-1628464-1629611,J. Harden - P. George - N. Powell - D. Theis - T. Mann,1610612746,2023-24
201566-202695-1626181-1628464-1641738,R. Westbrook - K. Leonard - N. Powell - D. Theis - K. Brown,1610612746,2023-24
201935-202695-1626181-1629599-1629611,J. Harden - K. Leonard - N. Powell - A. Coffey - T. Mann,1610612746,2023-24
201566-201935-202331-203486-1626181,R. Westbrook - J. Harden - P. George - M. Plumlee - N. Powell,1610612746,2023-24
201566-202331-202695-1626181-1628464,R. Westbrook - P. George - K. Leonard - N. Powell - D. Theis,1610612746,2023-24
201935-202331-202695-203486-1626181,J. Harden - P. George - K. Leonard - M. Plumlee - N. Powell,1610612746,2023-24
201935-202331-202695-1629599-1629611,J. Harden - P. George - K. Leonard - A. Coffey - T. Mann,1610612746,2023-24
201935-202331-1626181-1628464-1641738,J. Harden - P. George - N. Powell - D. Theis - K. Brown,1610612746,2023-24
200782-201935-202331-202695-1627826,P. Tucker - J. Harden - P. George - K. Leonard - I. Zubac,1610612746,2023-24
200782-201566-201935-202331-202695,P. Tucker - R. Westbrook - J. Harden - P. George - K. Leonard,1610612746,2023-24
201566-202695-1626181-1628464-1629611,R. Westbrook - K. Leonard - N. Powell - D. Theis - T. Mann,1610612746,2023-24
202331-202695-203486-1626181-1630538,P. George - K. Leonard - M. Plumlee - N. Powell - B. Hyland,1610612746,2023-24
200782-201935-202331-1628464-1630527,P. Tucker - J. Harden - P. George - D. Theis - B. Boston Jr.,1610612746,2023-24
201566-201935-202695-1626181-1629599,R. Westbrook - J. Harden - K. Leonard - N. Powell - A. Coffey,1610612746,2023-24
201566-201935-1626181-1627826-1629599,R. Westbrook - J. Harden - N. Powell - I. Zubac - A. Coffey,1610612746,2023-24
201566-201935-202331-202695-203486,R. Westbrook - J. Harden - P. George - K. Leonard - M. Plumlee,1610612746,2023-24
201566-202695-1626181-1627826-1629611,R. Westbrook - K. Leonard - N. Powell - I. Zubac - T. Mann,1610612746,2023-24
201566-202331-202695-1626181-1629599,R. Westbrook - P. George - K. Leonard - N. Powell - A. Coffey,1610612746,2023-24
201566-202331-202695-1626181-1629611,R. Westbrook - P. George - K. Leonard - N. Powell - T. Mann,1610612746,2023-24
200782-201935-1627826-1629599-1629611,P. Tucker - J. Harden - I. Zubac - A. Coffey - T. Mann,1610612746,2023-24
200782-202331-202695-1626181-1627826,P. Tucker - P. George - K. Leonard - N. Powell - I. Zubac,1610612746,2023-24
201566-201935-202695-203486-1626181,R. Westbrook - J. Harden - K. Leonard - M. Plumlee - N. Powell,1610612746,2023-24
201566-202331-202695-203486-1626181,R. Westbrook - P. George - K. Leonard - M. Plumlee - N. Powell,1610612746,2023-24
201935-202331-202695-1627826-1630538,J. Harden - P. George - K. Leonard - I. Zubac - B. Hyland,1610612746,2023-24
201566-201935-1626181-1628464-1630527,R. Westbrook - J. Harden - N. Powell - D. Theis - B. Boston Jr.,1610612746,2023-24
201566-201935-1626181-1628464-1629611,R. Westbrook - J. Harden - N. Powell - D. Theis - T. Mann,1610612746,2023-24
201566-201935-202331-1627826-1629599,R. Westbrook - J. Harden - P. George - I. Zubac - A. Coffey,1610612746,2023-24
201566-201935-202331-202695-1628464,R. Westbrook - J. Harden - P. George - K. Leonard - D. Theis,1610612746,2023-24
201566-201587-202331-202695-1626181,R. Westbrook - N. Batum - P. George - K. Leonard - N. Powell,1610612746,2023-24
201566-202331-202695-203486-1629611,R. Westbrook - P. George - K. Leonard - M. Plumlee - T. Mann,1610612746,2023-24
201935-203486-1626181-1629599-1629611,J. Harden - M. Plumlee - N. Powell - A. Coffey - T. Mann,1610612746,2023-24
201566-202695-203486-1626181-1629611,R. Westbrook - K. Leonard - M. Plumlee - N. Powell - T. Mann,1610612746,2023-24
201566-202695-1626181-1629599-1629611,R. Westbrook - K. Leonard - N. Powell - A. Coffey - T. Mann,1610612746,2023-24
201566-202331-202695-203486-1630538,R. Westbrook - P. George - K. Leonard - M. Plumlee - B. Hyland,1610612746,2023-24
201935-202331-1628464-1629599-1629611,J. Harden - P. George - D. Theis - A. Coffey - T. Mann,1610612746,2023-24
202331-202695-1626181-1627826-1629611,P. George - K. Leonard - N. Powell - I. Zubac - T. Mann,1610612746,2023-24
200782-201935-202695-1626181-1629611,P. Tucker - J. Harden - K. Leonard - N. Powell - T. Mann,1610612746,2023-24
200782-201566-201935-203486-1626181,P. Tucker - R. Westbrook - J. Harden - M. Plumlee - N. Powell,1610612746,2023-24
201566-202331-202695-1627826-1641738,R. Westbrook - P. George - K. Leonard - I. Zubac - K. Brown,1610612746,2023-24
201935-1627826-1629599-1630527-1630538,J. Harden - I. Zubac - A. Coffey - B. Boston Jr. - B. Hyland,1610612746,2023-24
201935-202695-1627826-1629611-1630538,J. Harden - K. Leonard - I. Zubac - T. Mann - B. Hyland,1610612746,2023-24
201935-203486-1629599-1629611-1630527,J. Harden - M. Plumlee - A. Coffey - T. Mann - B. Boston Jr.,1610612746,2023-24
202331-202695-203496-1627826-1630538,P. George - K. Leonard - R. Covington - I. Zubac - B. Hyland,1610612746,2023-24
200782-201935-202695-1626181-1631217,P. Tucker - J. Harden - K. Leonard - N. Powell - M. Diabate,1610612746,2023-24
200782-201935-202331-202695-1629599,P. Tucker - J. Harden - P. George - K. Leonard - A. Coffey,1610612746,2023-24
200782-201935-202331-202695-1629611,P. Tucker - J. Harden - P. George - K. Leonard - T. Mann,1610612746,2023-24
200782-201935-202331-1626181-1627826,P. Tucker - J. Harden - P. George - N. Powell - I. Zubac,1610612746,2023-24
200782-202695-1628464-1629599-1630538,P. Tucker - K. Leonard - D. Theis - A. Coffey - B. Hyland,1610612746,2023-24
200782-202331-202695-1627826-1630538,P. Tucker - P. George - K. Leonard - I. Zubac - B. Hyland,1610612746,2023-24
200782-201566-202695-1626181-1629599,P. Tucker - R. Westbrook - K. Leonard - N. Powell - A. Coffey,1610612746,2023-24
201566-201935-1628464-1629599-1630527,R. Westbrook - J. Harden - D. Theis - A. Coffey - B. Boston Jr.,1610612746,2023-24
201566-201935-202695-1628464-1629599,R. Westbrook - J. Harden - K. Leonard - D. Theis - A. Coffey,1610612746,2023-24
201566-201935-1626181-1629599-1629611,R. Westbrook - J. Harden - N. Powell - A. Coffey - T. Mann,1610612746,2023-24
201566-201935-1626181-1629611-1630527,R. Westbrook - J. Harden - N. Powell - T. Mann - B. Boston Jr.,1610612746,2023-24
201566-201935-202331-1627826-1629611,R. Westbrook - J. Harden - P. George - I. Zubac - T. Mann,1610612746,2023-24
201566-201587-202331-202695-203496,R. Westbrook - N. Batum - P. George - K. Leonard - R. Covington,1610612746,2023-24
201566-202331-202695-1628464-1629611,R. Westbrook - P. George - K. Leonard - D. Theis - T. Mann,1610612746,2023-24
201935-1626181-1627826-1629611-1630527,J. Harden - N. Powell - I. Zubac - T. Mann - B. Boston Jr.,1610612746,2023-24
201935-1626181-1627826-1629611-1641738,J. Harden - N. Powell - I. Zubac - T. Mann - K. Brown,1610612746,2023-24
201935-202331-202695-1627826-1630527,J. Harden - P. George - K. Leonard - I. Zubac - B. Boston Jr.,1610612746,2023-24
201935-202331-1626181-1627826-1641738,J. Harden - P. George - N. Powell - I. Zubac - K. Brown,1610612746,2023-24
202695-1628464-1629599-1629611-1630527,K. Leonard - D. Theis - A. Coffey - T. Mann - B. Boston Jr.,1610612746,2023-24
202695-203486-1626181-1629599-1630538,K. Leonard - M. Plumlee - N. Powell - A. Coffey - B. Hyland,1610612746,2023-24
200782-201935-1627826-1630527-1630538,P. Tucker - J. Harden - I. Zubac - B. Boston Jr. - B. Hyland,1610612746,2023-24
200782-201935-1626181-1627826-1630538,P. Tucker - J. Harden - N. Powell - I. Zubac - B. Hyland,1610612746,2023-24
200782-201935-202331-1629599-1629611,P. Tucker - J. Harden - P. George - A. Coffey - T. Mann,1610612746,2023-24
200782-201935-202331-1628464-1629599,P. Tucker - J. Harden - P. George - D. Theis - A. Coffey,1610612746,2023-24
200782-201935-202331-1626181-1628464,P. Tucker - J. Harden - P. George - N. Powell - D. Theis,1610612746,2023-24
200782-202695-1628464-1629599-1630527,P. Tucker - K. Leonard - D. Theis - A. Coffey - B. Boston Jr.,1610612746,2023-24
200782-201566-202695-1626181-1627826,P. Tucker - R. Westbrook - K. Leonard - N. Powell - I. Zubac,1610612746,2023-24
200782-201566-202331-202695-1627826,P. Tucker - R. Westbrook - P. George - K. Leonard - I. Zubac,1610612746,2023-24
200782-201566-202331-202695-1626181,P. Tucker - R. Westbrook - P. George - K. Leonard - N. Powell,1610612746,2023-24
200782-201566-202331-202695-1629611,P. Tucker - R. Westbrook - P. George - K. Leonard - T. Mann,1610612746,2023-24
201566-201935-1628464-1629599-1629611,R. Westbrook - J. Harden - D. Theis - A. Coffey - T. Mann,1610612746,2023-24
201566-201935-203486-1629599-1629611,R. Westbrook - J. Harden - M. Plumlee - A. Coffey - T. Mann,1610612746,2023-24
201566-201935-1626181-1627826-1629611,R. Westbrook - J. Harden - N. Powell - I. Zubac - T. Mann,1610612746,2023-24
201566-201935-202331-1626181-1629611,R. Westbrook - J. Harden - P. George - N. Powell - T. Mann,1610612746,2023-24
201566-202695-203486-1626181-1630527,R. Westbrook - K. Leonard - M. Plumlee - N. Powell - B. Boston Jr.,1610612746,2023-24
201566-202695-1626181-1627826-1641738,R. Westbrook - K. Leonard - N. Powell - I. Zubac - K. Brown,1610612746,2023-24
201566-202331-202695-1628464-1641738,R. Westbrook - P. George - K. Leonard - D. Theis - K. Brown,1610612746,2023-24
201935-1628464-1629599-1629611-1630527,J. Harden - D. Theis - A. Coffey - T. Mann - B. Boston Jr.,1610612746,2023-24
201935-202695-1626181-1629611-1630527,J. Harden - K. Leonard - N. Powell - T. Mann - B. Boston Jr.,1610612746,2023-24
201935-202331-1627826-1629611-1641738,J. Harden - P. George - I. Zubac - T. Mann - K. Brown,1610612746,2023-24
201935-202331-202695-1628464-1629599,J. Harden - P. George - K. Leonard - D. Theis - A. Coffey,1610612746,2023-24
202695-203486-1626181-1629599-1629611,K. Leonard - M. Plumlee - N. Powell - A. Coffey - T. Mann,1610612746,2023-24
202695-203486-1626181-1630538-1641738,K. Leonard - M. Plumlee - N. Powell - B. Hyland - K. Brown,1610612746,2023-24
202695-1626181-1628464-1629611-1630538,K. Leonard - N. Powell - D. Theis - T. Mann - B. Hyland,1610612746,2023-24
202695-1626181-1627826-1629599-1630527,K. Leonard - N. Powell - I. Zubac - A. Coffey - B. Boston Jr.,1610612746,2023-24
202331-202695-1627826-1629599-1630538,P. George - K. Leonard - I. Zubac - A. Coffey - B. Hyland,1610612746,2023-24
202331-202695-1626181-1628464-1629599,P. George - K. Leonard - N. Powell - D. Theis - A. Coffey,1610612746,2023-24
202331-202695-1626181-1627826-1629599,P. George - K. Leonard - N. Powell - I. Zubac - A. Coffey,1610612746,2023-24
200782-201935-1628464-1629599-1629611,P. Tucker - J. Harden - D. Theis - A. Coffey - T. Mann,1610612746,2023-24
200782-201935-202695-1628464-1629611,P. Tucker - J. Harden - K. Leonard - D. Theis - T. Mann,1610612746,2023-24
200782-201935-203486-1626181-1630538,P. Tucker - J. Harden - M. Plumlee - N. Powell - B. Hyland,1610612746,2023-24
200782-201935-203486-1626181-1629611,P. Tucker - J. Harden - M. Plumlee - N. Powell - T. Mann,1610612746,2023-24
200782-202695-203486-1629599-1630538,P. Tucker - K. Leonard - M. Plumlee - A. Coffey - B. Hyland,1610612746,2023-24
200782-202695-1626181-1628464-1629599,P. Tucker - K. Leonard - N. Powell - D. Theis - A. Coffey,1610612746,2023-24
200782-201566-201935-202695-203486,P. Tucker - R. Westbrook - J. Harden - K. Leonard - M. Plumlee,1610612746,2023-24
200782-201566-201935-1626181-1629599,P. Tucker - R. Westbrook - J. Harden - N. Powell - A. Coffey,1610612746,2023-24
200782-201566-201935-202331-1627826,P. Tucker - R. Westbrook - J. Harden - P. George - I. Zubac,1610612746,2023-24
200782-201566-202695-203486-1626181,P. Tucker - R. Westbrook - K. Leonard - M. Plumlee - N. Powell,1610612746,2023-24
200782-201566-202695-1626181-1629611,P. Tucker - R. Westbrook - K. Leonard - N. Powell - T. Mann,1610612746,2023-24
201566-201935-202695-1627826-1629599,R. Westbrook - J. Harden - K. Leonard - I. Zubac - A. Coffey,1610612746,2023-24
201566-201935-202695-1627826-1629611,R. Westbrook - J. Harden - K. Leonard - I. Zubac - T. Mann,1610612746,2023-24
201566-201935-202695-1626181-1630538,R. Westbrook - J. Harden - K. Leonard - N. Powell - B. Hyland,1610612746,2023-24
201566-201935-202695-1626181-1631217,R. Westbrook - J. Harden - K. Leonard - N. Powell - M. Diabate,1610612746,2023-24
201566-201935-202695-1626181-1629611,R. Westbrook - J. Harden - K. Leonard - N. Powell - T. Mann,1610612746,2023-24
201566-201935-1626181-1629599-1630527,R. Westbrook - J. Harden - N. Powell - A. Coffey - B. Boston Jr.,1610612746,2023-24
201566-201935-1626181-1627826-1641738,R. Westbrook - J. Harden - N. Powell - I. Zubac - K. Brown,1610612746,2023-24
201566-201935-202331-1626181-1630527,R. Westbrook - J. Harden - P. George - N. Powell - B. Boston Jr.,1610612746,2023-24
201566-202695-1626181-1629611-1641738,R. Westbrook - K. Leonard - N. Powell - T. Mann - K. Brown,1610612746,2023-24
201566-201587-202695-1626181-1630538,R. Westbrook - N. Batum - K. Leonard - N. Powell - B. Hyland,1610612746,2023-24
201566-202331-202695-1626181-1630538,R. Westbrook - P. George - K. Leonard - N. Powell - B. Hyland,1610612746,2023-24
201566-202331-202695-1629611-1631217,R. Westbrook - P. George - K. Leonard - T. Mann - M. Diabate,1610612746,2023-24
201935-1627826-1629599-1629611-1630538,J. Harden - I. Zubac - A. Coffey - T. Mann - B. Hyland,1610612746,2023-24
201935-202331-202695-1626181-1631217,J. Harden - P. George - K. Leonard - N. Powell - M. Diabate,1610612746,2023-24
201935-202331-1626181-1629599-1629611,J. Harden - P. George - N. Powell - A. Coffey - T. Mann,1610612746,2023-24
202695-1626181-1627826-1629599-1629611,K. Leonard - N. Powell - I. Zubac - A. Coffey - T. Mann,1610612746,2023-24
200782-202695-203486-1626181-1630538,P. Tucker - K. Leonard - M. Plumlee - N. Powell - B. Hyland,1610612746,2023-24
200782-202695-1626181-1629611-1630538,P. Tucker - K. Leonard - N. Powell - T. Mann - B. Hyland,1610612746,2023-24
201566-201935-1627826-1629599-1641738,R. Westbrook - J. Harden - I. Zubac - A. Coffey - K. Brown,1610612746,2023-24
201566-202695-1626181-1628464-1630527,R. Westbrook - K. Leonard - N. Powell - D. Theis - B. Boston Jr.,1610612746,2023-24
201566-201587-202695-1627826-1630538,R. Westbrook - N. Batum - K. Leonard - I. Zubac - B. Hyland,1610612746,2023-24
200782-201935-202699-203954-1629001,P. Tucker - J. Harden - T. Harris - J. Embiid - D. Melton,1610612755,2022-23
200782-201935-202699-203954-1630178,P. Tucker - J. Harden - T. Harris - J. Embiid - T. Maxey,1610612755,2022-23
201935-202699-203954-1629001-1630178,J. Harden - T. Harris - J. Embiid - D. Melton - T. Maxey,1610612755,2022-23
200782-201935-202699-1629001-1630178,P. Tucker - J. Harden - T. Harris - D. Melton - T. Maxey,1610612755,2022-23
200782-201935-203954-1629001-1630178,P. Tucker - J. Harden - J. Embiid - D. Melton - T. Maxey,1610612755,2022-23
201935-202699-203954-1627777-1630178,J. Harden - T. Harris - J. Embiid - G. Niang - T. Maxey,1610612755,2022-23
201935-202699-203954-1627777-1629001,J. Harden - T. Harris - J. Embiid - G. Niang - D. Melton,1610612755,2022-23
200782-201935-202699-203954-1629003,P. Tucker - J. Harden - T. Harris - J. Embiid - S. Milton,1610612755,2022-23
201935-202699-1626149-1629001-1630178,J. Harden - T. Harris - M. Harrell - D. Melton - T. Maxey,1610612755,2022-23
201935-202699-1629001-1630178-1630194,J. Harden - T. Harris - D. Melton - T. Maxey - P. Reed,1610612755,2022-23
200782-201935-203954-1629001-1629003,P. Tucker - J. Harden - J. Embiid - D. Melton - S. Milton,1610612755,2022-23
201935-1627777-1629001-1629667-1630194,J. Harden - G. Niang - D. Melton - J. McDaniels - P. Reed,1610612755,2022-23
201935-203954-1629001-1629667-1630178,J. Harden - J. Embiid - D. Melton - J. McDaniels - T. Maxey,1610612755,2022-23
201935-1627777-1629001-1629003-1630194,J. Harden - G. Niang - D. Melton - S. Milton - P. Reed,1610612755,2022-23
201935-202699-203954-1627863-1630178,J. Harden - T. Harris - J. Embiid - D. House Jr. - T. Maxey,1610612755,2022-23
201935-203954-1627777-1629001-1630178,J. Harden - J. Embiid - G. Niang - D. Melton - T. Maxey,1610612755,2022-23
200782-201935-203954-1627777-1630178,P. Tucker - J. Harden - J. Embiid - G. Niang - T. Maxey,1610612755,2022-23
201935-1627863-1629003-1629667-1630194,J. Harden - D. House Jr. - S. Milton - J. McDaniels - P. Reed,1610612755,2022-23
201935-1627777-1629667-1630178-1630194,J. Harden - G. Niang - J. McDaniels - T. Maxey - P. Reed,1610612755,2022-23
201935-1626149-1627777-1627863-1629003,J. Harden - M. Harrell - G. Niang - D. House Jr. - S. Milton,1610612755,2022-23
201935-1626149-1627777-1629003-1629680,J. Harden - M. Harrell - G. Niang - S. Milton - M. Thybulle,1610612755,2022-23
200782-201935-202699-203954-1629680,P. Tucker - J. Harden - T. Harris - J. Embiid - M. Thybulle,1610612755,2022-23
200782-201935-202699-1626149-1630178,P. Tucker - J. Harden - T. Harris - M. Harrell - T. Maxey,1610612755,2022-23
201935-202699-1627777-1630178-1630194,J. Harden - T. Harris - G. Niang - T. Maxey - P. Reed,1610612755,2022-23
200782-201935-202699-1629001-1629680,P. Tucker - J. Harden - T. Harris - D. Melton - M. Thybulle,1610612755,2022-23
201935-1626149-1627777-1627863-1629680,J. Harden - M. Harrell - G. Niang - D. House Jr. - M. Thybulle,1610612755,2022-23
201935-202699-1629001-1629003-1630194,J. Harden - T. Harris - D. Melton - S. Milton - P. Reed,1610612755,2022-23
201935-202699-1626149-1627777-1630178,J. Harden - T. Harris - M. Harrell - G. Niang - T. Maxey,1610612755,2022-23
201935-202699-203954-1629001-1629680,J. Harden - T. Harris - J. Embiid - D. Melton - M. Thybulle,1610612755,2022-23
201935-202699-203954-1629001-1629003,J. Harden - T. Harris - J. Embiid - D. Melton - S. Milton,1610612755,2022-23
200782-201935-202699-1629680-1630178,P. Tucker - J. Harden - T. Harris - M. Thybulle - T. Maxey,1610612755,2022-23
201935-1626149-1627777-1627863-1629001,J. Harden - M. Harrell - G. Niang - D. House Jr. - D. Melton,1610612755,2022-23
200782-201935-203954-1629001-1629680,P. Tucker - J. Harden - J. Embiid - D. Melton - M. Thybulle,1610612755,2022-23
200782-201935-202699-1627777-1630178,P. Tucker - J. Harden - T. Harris - G. Niang - T. Maxey,1610612755,2022-23
200782-201935-202699-1630178-1630194,P. Tucker - J. Harden - T. Harris - T. Maxey - P. Reed,1610612755,2022-23
201935-1626149-1627777-1629680-1630178,J. Harden - M. Harrell - G. Niang - M. Thybulle - T. Maxey,1610612755,2022-23
201935-1626149-1627777-1629003-1630178,J. Harden - M. Harrell - G. Niang - S. Milton - T. Maxey,1610612755,2022-23
201935-202699-1626149-1627777-1629003,J. Harden - T. Harris - M. Harrell - G. Niang - S. Milton,1610612755,2022-23
200782-201935-202699-1629001-1629003,P. Tucker - J. Harden - T. Harris - D. Melton - S. Milton,1610612755,2022-23
200782-201935-202699-1626149-1629001,P. Tucker - J. Harden - T. Harris - M. Harrell - D. Melton,1610612755,2022-23
201935-1627777-1629003-1629667-1630194,J. Harden - G. Niang - S. Milton - J. McDaniels - P. Reed,1610612755,2022-23
201935-203954-1627777-1629667-1630178,J. Harden - J. Embiid - G. Niang - J. McDaniels - T. Maxey,1610612755,2022-23
201935-202699-1626149-1627777-1629001,J. Harden - T. Harris - M. Harrell - G. Niang - D. Melton,1610612755,2022-23
200782-201935-203954-1627777-1629003,P. Tucker - J. Harden - J. Embiid - G. Niang - S. Milton,1610612755,2022-23
200782-201935-202699-1627863-1630178,P. Tucker - J. Harden - T. Harris - D. House Jr. - T. Maxey,1610612755,2022-23
201935-1627777-1627863-1629001-1630194,J. Harden - G. Niang - D. House Jr. - D. Melton - P. Reed,1610612755,2022-23
201935-203954-1629001-1629003-1630178,J. Harden - J. Embiid - D. Melton - S. Milton - T. Maxey,1610612755,2022-23
201935-203954-1629003-1629667-1630178,J. Harden - J. Embiid - S. Milton - J. McDaniels - T. Maxey,1610612755,2022-23
201935-202699-1627777-1629003-1630194,J. Harden - T. Harris - G. Niang - S. Milton - P. Reed,1610612755,2022-23
201935-202699-1629003-1630178-1630194,J. Harden - T. Harris - S. Milton - T. Maxey - P. Reed,1610612755,2022-23
200782-201935-1627777-1627863-1629003,P. Tucker - J. Harden - G. Niang - D. House Jr. - S. Milton,1610612755,2022-23
200782-201935-202699-1627863-1629001,P. Tucker - J. Harden - T. Harris - D. House Jr. - D. Melton,1610612755,2022-23
200782-201935-202699-203954-1627863,P. Tucker - J. Harden - T. Harris - J. Embiid - D. House Jr.,1610612755,2022-23
201935-1627777-1627863-1629003-1630194,J. Harden - G. Niang - D. House Jr. - S. Milton - P. Reed,1610612755,2022-23
201935-203954-1627777-1627863-1629001,J. Harden - J. Embiid - G. Niang - D. House Jr. - D. Melton,1610612755,2022-23
201935-1626149-1629003-1629680-1630178,J. Harden - M. Harrell - S. Milton - M. Thybulle - T. Maxey,1610612755,2022-23
201935-202699-203954-1627777-1629003,J. Harden - T. Harris - J. Embiid - G. Niang - S. Milton,1610612755,2022-23
201935-202699-203954-1629680-1630178,J. Harden - T. Harris - J. Embiid - M. Thybulle - T. Maxey,1610612755,2022-23
201935-202699-1626149-1627863-1629001,J. Harden - T. Harris - M. Harrell - D. House Jr. - D. Melton,1610612755,2022-23
201935-202699-1626149-1629003-1629680,J. Harden - T. Harris - M. Harrell - S. Milton - M. Thybulle,1610612755,2022-23
201935-202699-1629680-1630178-1630194,J. Harden - T. Harris - M. Thybulle - T. Maxey - P. Reed,1610612755,2022-23
200782-201935-203954-1627863-1629001,P. Tucker - J. Harden - J. Embiid - D. House Jr. - D. Melton,1610612755,2022-23
200782-201935-203954-1627777-1629001,P. Tucker - J. Harden - J. Embiid - G. Niang - D. Melton,1610612755,2022-23
200782-201935-1626149-1627777-1629003,P. Tucker - J. Harden - M. Harrell - G. Niang - S. Milton,1610612755,2022-23
201935-203954-1627777-1627863-1629003,J. Harden - J. Embiid - G. Niang - D. House Jr. - S. Milton,1610612755,2022-23
201935-203954-1627777-1629003-1630178,J. Harden - J. Embiid - G. Niang - S. Milton - T. Maxey,1610612755,2022-23
201935-1629003-1629667-1630178-1630194,J. Harden - S. Milton - J. McDaniels - T. Maxey - P. Reed,1610612755,2022-23
201935-202699-203954-1627863-1629001,J. Harden - T. Harris - J. Embiid - D. House Jr. - D. Melton,1610612755,2022-23
201935-202699-1626149-1629001-1629680,J. Harden - T. Harris - M. Harrell - D. Melton - M. Thybulle,1610612755,2022-23
200782-201935-202699-1629001-1630194,P. Tucker - J. Harden - T. Harris - D. Melton - P. Reed,1610612755,2022-23
201935-1627863-1629001-1629003-1630194,J. Harden - D. House Jr. - D. Melton - S. Milton - P. Reed,1610612755,2022-23
201935-1627788-1627863-1629003-1630194,J. Harden - F. Korkmaz - D. House Jr. - S. Milton - P. Reed,1610612755,2022-23
201935-203954-1627777-1629001-1629667,J. Harden - J. Embiid - G. Niang - D. Melton - J. McDaniels,1610612755,2022-23
201935-203954-1627777-1629680-1630178,J. Harden - J. Embiid - G. Niang - M. Thybulle - T. Maxey,1610612755,2022-23
201935-203954-1627777-1629003-1629680,J. Harden - J. Embiid - G. Niang - S. Milton - M. Thybulle,1610612755,2022-23
201935-202699-1629001-1629667-1630194,J. Harden - T. Harris - D. Melton - J. McDaniels - P. Reed,1610612755,2022-23
201935-202699-1629667-1630178-1630194,J. Harden - T. Harris - J. McDaniels - T. Maxey - P. Reed,1610612755,2022-23
201935-202699-1626149-1627863-1629003,J. Harden - T. Harris - M. Harrell - D. House Jr. - S. Milton,1610612755,2022-23
200782-201935-203954-1627863-1630178,P. Tucker - J. Harden - J. Embiid - D. House Jr. - T. Maxey,1610612755,2022-23
200782-201935-1626149-1627863-1629001,P. Tucker - J. Harden - M. Harrell - D. House Jr. - D. Melton,1610612755,2022-23
200782-201935-1626149-1627777-1629680,P. Tucker - J. Harden - M. Harrell - G. Niang - M. Thybulle,1610612755,2022-23
200782-201935-202699-1629667-1630178,P. Tucker - J. Harden - T. Harris - J. McDaniels - T. Maxey,1610612755,2022-23
200782-201935-202699-1626149-1629003,P. Tucker - J. Harden - T. Harris - M. Harrell - S. Milton,1610612755,2022-23
201935-1629001-1629003-1629667-1630194,J. Harden - D. Melton - S. Milton - J. McDaniels - P. Reed,1610612755,2022-23
201935-1627777-1627863-1630178-1630194,J. Harden - G. Niang - D. House Jr. - T. Maxey - P. Reed,1610612755,2022-23
201935-203954-1627777-1627863-1630178,J. Harden - J. Embiid - G. Niang - D. House Jr. - T. Maxey,1610612755,2022-23
201935-203954-1627777-1629001-1629680,J. Harden - J. Embiid - G. Niang - D. Melton - M. Thybulle,1610612755,2022-23
201935-1626149-1627777-1627863-1630178,J. Harden - M. Harrell - G. Niang - D. House Jr. - T. Maxey,1610612755,2022-23
201935-202699-1627777-1629001-1630178,J. Harden - T. Harris - G. Niang - D. Melton - T. Maxey,1610612755,2022-23
201935-202699-203954-1629003-1630178,J. Harden - T. Harris - J. Embiid - S. Milton - T. Maxey,1610612755,2022-23
201935-202699-1626149-1629680-1630178,J. Harden - T. Harris - M. Harrell - M. Thybulle - T. Maxey,1610612755,2022-23
201935-202699-1626149-1629003-1630178,J. Harden - T. Harris - M. Harrell - S. Milton - T. Maxey,1610612755,2022-23
200782-201935-1627863-1629001-1630194,P. Tucker - J. Harden - D. House Jr. - D. Melton - P. Reed,1610612755,2022-23
200782-201935-1627777-1629001-1629003,P. Tucker - J. Harden - G. Niang - D. Melton - S. Milton,1610612755,2022-23
200782-201935-1627777-1629667-1630178,P. Tucker - J. Harden - G. Niang - J. McDaniels - T. Maxey,1610612755,2022-23
200782-201935-1626149-1627777-1630178,P. Tucker - J. Harden - M. Harrell - G. Niang - T. Maxey,1610612755,2022-23
201935-202699-203954-1629680-1630178,J. Harden - T. Harris - J. Embiid - M. Thybulle - T. Maxey,1610612755,2021-22
201935-201980-202699-203954-1630178,J. Harden - D. Green - T. Harris - J. Embiid - T. Maxey,1610612755,2021-22
201935-202699-203954-1627777-1630178,J. Harden - T. Harris - J. Embiid - G. Niang - T. Maxey,1610612755,2021-22
201935-201980-203954-1627777-1629003,J. Harden - D. Green - J. Embiid - G. Niang - S. Milton,1610612755,2021-22
201935-203954-1627777-1629680-1630178,J. Harden - J. Embiid - G. Niang - M. Thybulle - T. Maxey,1610612755,2021-22
201599-201935-201980-1627777-1629003,D. Jordan - J. Harden - D. Green - G. Niang - S. Milton,1610612755,2021-22
201599-201935-202699-1627777-1629003,D. Jordan - J. Harden - T. Harris - G. Niang - S. Milton,1610612755,2021-22
201599-201935-201980-202699-1629003,D. Jordan - J. Harden - D. Green - T. Harris - S. Milton,1610612755,2021-22
201935-201980-203954-1627777-1630178,J. Harden - D. Green - J. Embiid - G. Niang - T. Maxey,1610612755,2021-22
201935-201980-202699-203954-1629003,J. Harden - D. Green - T. Harris - J. Embiid - S. Milton,1610612755,2021-22
201935-202699-203954-1629003-1630178,J. Harden - T. Harris - J. Embiid - S. Milton - T. Maxey,1610612755,2021-22
200794-201935-201980-202699-1629003,P. Millsap - J. Harden - D. Green - T. Harris - S. Milton,1610612755,2021-22
201599-201935-201980-202699-1627777,D. Jordan - J. Harden - D. Green - T. Harris - G. Niang,1610612755,2021-22
201599-201935-202699-1627777-1630178,D. Jordan - J. Harden - T. Harris - G. Niang - T. Maxey,1610612755,2021-22
200794-201935-201980-1627777-1627788,P. Millsap - J. Harden - D. Green - G. Niang - F. Korkmaz,1610612755,2021-22
200794-201935-201980-1627777-1629003,P. Millsap - J. Harden - D. Green - G. Niang - S. Milton,1610612755,2021-22
201599-201935-202699-1629680-1630198,D. Jordan - J. Harden - T. Harris - M. Thybulle - I. Joe,1610612755,2021-22
201935-201980-202699-203954-1627777,J. Harden - D. Green - T. Harris - J. Embiid - G. Niang,1610612755,2021-22
200794-201935-201980-202699-1627788,P. Millsap - J. Harden - D. Green - T. Harris - F. Korkmaz,1610612755,2021-22
201935-203954-1627777-1629003-1629680,J. Harden - J. Embiid - G. Niang - S. Milton - M. Thybulle,1610612755,2021-22
201935-202699-203954-1627777-1629003,J. Harden - T. Harris - J. Embiid - G. Niang - S. Milton,1610612755,2021-22
200794-201935-201980-202699-1630178,P. Millsap - J. Harden - D. Green - T. Harris - T. Maxey,1610612755,2021-22
201599-201935-201980-1627777-1629680,D. Jordan - J. Harden - D. Green - G. Niang - M. Thybulle,1610612755,2021-22
201599-201935-201980-202699-1630178,D. Jordan - J. Harden - D. Green - T. Harris - T. Maxey,1610612755,2021-22
201599-201935-202699-1627788-1630178,D. Jordan - J. Harden - T. Harris - F. Korkmaz - T. Maxey,1610612755,2021-22
201935-201980-202699-1630178-1630194,J. Harden - D. Green - T. Harris - T. Maxey - P. Reed,1610612755,2021-22
201935-202699-203954-1627777-1629680,J. Harden - T. Harris - J. Embiid - G. Niang - M. Thybulle,1610612755,2021-22
201599-201935-1627777-1629680-1630178,D. Jordan - J. Harden - G. Niang - M. Thybulle - T. Maxey,1610612755,2021-22
201599-201935-1627777-1629003-1630198,D. Jordan - J. Harden - G. Niang - S. Milton - I. Joe,1610612755,2021-22
201935-201980-203954-1629680-1630178,J. Harden - D. Green - J. Embiid - M. Thybulle - T. Maxey,1610612755,2021-22
201935-201980-202699-203954-1629680,J. Harden - D. Green - T. Harris - J. Embiid - M. Thybulle,1610612755,2021-22
201935-203954-1627777-1627788-1629680,J. Harden - J. Embiid - G. Niang - F. Korkmaz - M. Thybulle,1610612755,2021-22
201599-201935-201980-202699-1627788,D. Jordan - J. Harden - D. Green - T. Harris - F. Korkmaz,1610612755,2021-22
201935-201980-202699-1627777-1629003,J. Harden - D. Green - T. Harris - G. Niang - S. Milton,1610612755,2021-22
201935-202699-203954-1627788-1629680,J. Harden - T. Harris - J. Embiid - F. Korkmaz - M. Thybulle,1610612755,2021-22
201935-202699-1629003-1629680-1630194,J. Harden - T. Harris - S. Milton - M. Thybulle - P. Reed,1610612755,2021-22
201142-201933-201935-203925-1628971,K. Durant - B. Griffin - J. Harden - J. Harris - B. Brown,1610612751,2021-22
201142-202681-203083-203552-1628971,K. Durant - K. Irving - A. Drummond - S. Curry - B. Brown,1610612751,2021-22
200746-201142-201935-201988-1627761,L. Aldridge - K. Durant - J. Harden - P. Mills - D. Bembry,1610612751,2021-22
201142-201933-201935-201988-1628971,K. Durant - B. Griffin - J. Harden - P. Mills - B. Brown,1610612751,2021-22
201935-201988-202681-1630549-1630556,J. Harden - P. Mills - K. Irving - D. Sharpe - K. Edwards,1610612751,2021-22
200746-201142-201935-201988-1628971,L. Aldridge - K. Durant - J. Harden - P. Mills - B. Brown,1610612751,2021-22
201142-202681-203083-1628971-1630556,K. Durant - K. Irving - A. Drummond - B. Brown - K. Edwards,1610612751,2021-22
201935-201949-201988-1627761-1629651,J. Harden - J. Johnson - P. Mills - D. Bembry - N. Claxton,1610612751,2021-22
201142-201933-201935-201988-203925,K. Durant - B. Griffin - J. Harden - P. Mills - J. Harris,1610612751,2021-22
200746-201142-201935-201988-203925,L. Aldridge - K. Durant - J. Harden - P. Mills - J. Harris,1610612751,2021-22
201142-201609-203083-203552-1628971,K. Durant - G. Dragic - A. Drummond - S. Curry - B. Brown,1610612751,2021-22
200746-201142-201988-1627761-1628975,L. Aldridge - K. Durant - P. Mills - D. Bembry - J. Carter,1610612751,2021-22
201935-201988-1627761-1628971-1629651,J. Harden - P. Mills - D. Bembry - B. Brown - N. Claxton,1610612751,2021-22
200746-201142-201935-1627761-1630560,L. Aldridge - K. Durant - J. Harden - D. Bembry - C. Thomas,1610612751,2021-22
201142-201935-201988-1627761-1629651,K. Durant - J. Harden - P. Mills - D. Bembry - N. Claxton,1610612751,2021-22
200746-201142-201935-201949-201988,L. Aldridge - K. Durant - J. Harden - J. Johnson - P. Mills,1610612751,2021-22
201142-201609-201988-203083-1628971,K. Durant - G. Dragic - P. Mills - A. Drummond - B. Brown,1610612751,2021-22
201142-201935-201988-1629651-1630561,K. Durant - J. Harden - P. Mills - N. Claxton - D. Duke Jr.,1610612751,2021-22
201142-201988-202681-1628971-1629651,K. Durant - P. Mills - K. Irving - B. Brown - N. Claxton,1610612751,2021-22
200746-201935-201988-202681-1630556,L. Aldridge - J. Harden - P. Mills - K. Irving - K. Edwards,1610612751,2021-22
200746-201142-201949-201988-1630560,L. Aldridge - K. Durant - J. Johnson - P. Mills - C. Thomas,1610612751,2021-22
201142-201609-203552-1628971-1629651,K. Durant - G. Dragic - S. Curry - B. Brown - N. Claxton,1610612751,2021-22
201142-201988-1628971-1629651-1630560,K. Durant - P. Mills - B. Brown - N. Claxton - C. Thomas,1610612751,2021-22
201142-201933-201935-203925-1629651,K. Durant - B. Griffin - J. Harden - J. Harris - N. Claxton,1610612751,2021-22
201142-202681-203552-1628971-1629651,K. Durant - K. Irving - S. Curry - B. Brown - N. Claxton,1610612751,2021-22
201142-201609-201949-201988-1629651,K. Durant - G. Dragic - J. Johnson - P. Mills - N. Claxton,1610612751,2021-22
201142-201609-202681-203083-1628971,K. Durant - G. Dragic - K. Irving - A. Drummond - B. Brown,1610612751,2021-22
201142-201988-202681-203083-1630556,K. Durant - P. Mills - K. Irving - A. Drummond - K. Edwards,1610612751,2021-22
200746-201142-201935-1628971-1630560,L. Aldridge - K. Durant - J. Harden - B. Brown - C. Thomas,1610612751,2021-22
200794-201142-201988-1628971-1630560,P. Millsap - K. Durant - P. Mills - B. Brown - C. Thomas,1610612751,2021-22
201142-201988-202681-203083-1628971,K. Durant - P. Mills - K. Irving - A. Drummond - B. Brown,1610612751,2021-22
201935-201988-202681-1629651-1630556,J. Harden - P. Mills - K. Irving - N. Claxton - K. Edwards,1610612751,2021-22
201142-201933-201988-1629651-1630561,K. Durant - B. Griffin - P. Mills - N. Claxton - D. Duke Jr.,1610612751,2021-22
201142-201988-202681-1629651-1630556,K. Durant - P. Mills - K. Irving - N. Claxton - K. Edwards,1610612751,2021-22
200746-201142-201935-201949-1627761,L. Aldridge - K. Durant - J. Harden - J. Johnson - D. Bembry,1610612751,2021-22
201142-201609-201988-1628971-1629651,K. Durant - G. Dragic - P. Mills - B. Brown - N. Claxton,1610612751,2021-22
201142-201935-201949-201988-1629651,K. Durant - J. Harden - J. Johnson - P. Mills - N. Claxton,1610612751,2021-22
201935-201949-201988-1628971-1629651,J. Harden - J. Johnson - P. Mills - B. Brown - N. Claxton,1610612751,2021-22
201142-201933-201988-1630556-1630561,K. Durant - B. Griffin - P. Mills - K. Edwards - D. Duke Jr.,1610612751,2021-22
201142-201609-202681-203083-203552,K. Durant - G. Dragic - K. Irving - A. Drummond - S. Curry,1610612751,2021-22
201142-202681-1628971-1629651-1630556,K. Durant - K. Irving - B. Brown - N. Claxton - K. Edwards,1610612751,2021-22
201142-201988-203552-1628971-1629651,K. Durant - P. Mills - S. Curry - B. Brown - N. Claxton,1610612751,2021-22
200746-201142-201935-201988-1629651,L. Aldridge - K. Durant - J. Harden - P. Mills - N. Claxton,1610612751,2021-22
200746-201142-201935-203925-1628971,L. Aldridge - K. Durant - J. Harden - J. Harris - B. Brown,1610612751,2021-22
200794-201935-201949-201988-1628975,P. Millsap - J. Harden - J. Johnson - P. Mills - J. Carter,1610612751,2021-22
201935-201988-1627761-1630549-1630556,J. Harden - P. Mills - D. Bembry - D. Sharpe - K. Edwards,1610612751,2021-22
201935-201988-1630549-1630556-1630560,J. Harden - P. Mills - D. Sharpe - K. Edwards - C. Thomas,1610612751,2021-22
201142-201933-201935-201988-1627761,K. Durant - B. Griffin - J. Harden - P. Mills - D. Bembry,1610612751,2021-22
201142-201988-1628971-1629651-1630556,K. Durant - P. Mills - B. Brown - N. Claxton - K. Edwards,1610612751,2021-22
200746-201142-201949-201988-1627761,L. Aldridge - K. Durant - J. Johnson - P. Mills - D. Bembry,1610612751,2021-22
201142-201609-1628971-1629651-1630556,K. Durant - G. Dragic - B. Brown - N. Claxton - K. Edwards,1610612751,2021-22
201142-201935-201949-1627761-1629651,K. Durant - J. Harden - J. Johnson - D. Bembry - N. Claxton,1610612751,2021-22
201142-201935-201949-201988-1627761,K. Durant - J. Harden - J. Johnson - P. Mills - D. Bembry,1610612751,2021-22
201142-201935-202681-1630549-1630556,K. Durant - J. Harden - K. Irving - D. Sharpe - K. Edwards,1610612751,2021-22
200746-201935-201949-201988-1627761,L. Aldridge - J. Harden - J. Johnson - P. Mills - D. Bembry,1610612751,2021-22
200746-201142-201988-1627761-1628971,L. Aldridge - K. Durant - P. Mills - D. Bembry - B. Brown,1610612751,2021-22
200746-200794-201142-201988-1628975,L. Aldridge - P. Millsap - K. Durant - P. Mills - J. Carter,1610612751,2021-22
201935-201949-201988-203925-1629651,J. Harden - J. Johnson - P. Mills - J. Harris - N. Claxton,1610612751,2021-22
201935-201949-201988-202681-1629651,J. Harden - J. Johnson - P. Mills - K. Irving - N. Claxton,1610612751,2021-22
201935-201949-201988-1629651-1630560,J. Harden - J. Johnson - P. Mills - N. Claxton - C. Thomas,1610612751,2021-22
201142-201935-203925-1628975-1629651,K. Durant - J. Harden - J. Harris - J. Carter - N. Claxton,1610612751,2021-22
201142-202681-1627761-1629651-1630561,K. Durant - K. Irving - D. Bembry - N. Claxton - D. Duke Jr.,1610612751,2021-22
201142-201988-202681-1628971-1630556,K. Durant - P. Mills - K. Irving - B. Brown - K. Edwards,1610612751,2021-22
201142-201988-202681-1630549-1630560,K. Durant - P. Mills - K. Irving - D. Sharpe - C. Thomas,1610612751,2021-22
200746-200794-201935-201988-1628975,L. Aldridge - P. Millsap - J. Harden - P. Mills - J. Carter,1610612751,2021-22
201142-201935-1627761-1629651-1630560,K. Durant - J. Harden - D. Bembry - N. Claxton - C. Thomas,1610612751,2021-22
201142-201949-202681-1629651-1630560,K. Durant - J. Johnson - K. Irving - N. Claxton - C. Thomas,1610612751,2021-22
200746-201935-201988-1627761-1628971,L. Aldridge - J. Harden - P. Mills - D. Bembry - B. Brown,1610612751,2021-22
200746-201142-201988-203925-1627761,L. Aldridge - K. Durant - P. Mills - J. Harris - D. Bembry,1610612751,2021-22
200746-200794-201935-201988-203925,L. Aldridge - P. Millsap - J. Harden - P. Mills - J. Harris,1610612751,2021-22
200794-201935-201988-1630560-1630561,P. Millsap - J. Harden - P. Mills - C. Thomas - D. Duke Jr.,1610612751,2021-22
201933-201935-201988-202681-1630556,B. Griffin - J. Harden - P. Mills - K. Irving - K. Edwards,1610612751,2021-22
201935-1627761-1630549-1630556-1630560,J. Harden - D. Bembry - D. Sharpe - K. Edwards - C. Thomas,1610612751,2021-22
201142-201609-201949-1628971-1629651,K. Durant - G. Dragic - J. Johnson - B. Brown - N. Claxton,1610612751,2021-22
201142-201609-202681-1628971-1629651,K. Durant - G. Dragic - K. Irving - B. Brown - N. Claxton,1610612751,2021-22
201142-201609-201988-1629651-1630556,K. Durant - G. Dragic - P. Mills - N. Claxton - K. Edwards,1610612751,2021-22
201142-201935-202681-1629651-1630561,K. Durant - J. Harden - K. Irving - N. Claxton - D. Duke Jr.,1610612751,2021-22
201142-201935-201988-1629651-1630560,K. Durant - J. Harden - P. Mills - N. Claxton - C. Thomas,1610612751,2021-22
201142-201949-201988-202681-1629651,K. Durant - J. Johnson - P. Mills - K. Irving - N. Claxton,1610612751,2021-22
201142-201949-201988-1629651-1630560,K. Durant - J. Johnson - P. Mills - N. Claxton - C. Thomas,1610612751,2021-22
201142-202681-1629651-1630556-1630560,K. Durant - K. Irving - N. Claxton - K. Edwards - C. Thomas,1610612751,2021-22
201142-201988-203083-203552-1628971,K. Durant - P. Mills - A. Drummond - S. Curry - B. Brown,1610612751,2021-22
200746-201935-201988-1630556-1630560,L. Aldridge - J. Harden - P. Mills - K. Edwards - C. Thomas,1610612751,2021-22
200746-200794-201935-201988-1627761,L. Aldridge - P. Millsap - J. Harden - P. Mills - D. Bembry,1610612751,2021-22
201933-201935-201949-201988-1628971,B. Griffin - J. Harden - J. Johnson - P. Mills - B. Brown,1610612751,2021-22
201933-201935-201949-201988-1627761,B. Griffin - J. Harden - J. Johnson - P. Mills - D. Bembry,1610612751,2021-22
201933-201935-201988-1628971-1630556,B. Griffin - J. Harden - P. Mills - B. Brown - K. Edwards,1610612751,2021-22
201935-1627761-1628971-1630549-1630556,J. Harden - D. Bembry - B. Brown - D. Sharpe - K. Edwards,1610612751,2021-22
201142-201933-201935-201949-1628971,K. Durant - B. Griffin - J. Harden - J. Johnson - B. Brown,1610612751,2021-22
201142-201933-201949-201988-1628971,K. Durant - B. Griffin - J. Johnson - P. Mills - B. Brown,1610612751,2021-22
201142-201609-202681-203552-1629651,K. Durant - G. Dragic - K. Irving - S. Curry - N. Claxton,1610612751,2021-22
201142-201935-201949-1629651-1630560,K. Durant - J. Harden - J. Johnson - N. Claxton - C. Thomas,1610612751,2021-22
201142-201935-201988-202681-1627761,K. Durant - J. Harden - P. Mills - K. Irving - D. Bembry,1610612751,2021-22
201142-201949-201988-1628971-1629651,K. Durant - J. Johnson - P. Mills - B. Brown - N. Claxton,1610612751,2021-22
201142-201988-203083-1628971-1630556,K. Durant - P. Mills - A. Drummond - B. Brown - K. Edwards,1610612751,2021-22
200746-201935-201949-201988-1628971,L. Aldridge - J. Harden - J. Johnson - P. Mills - B. Brown,1610612751,2021-22
200746-201935-201988-1627761-1628975,L. Aldridge - J. Harden - P. Mills - D. Bembry - J. Carter,1610612751,2021-22
200746-201142-201988-1627761-1630560,L. Aldridge - K. Durant - P. Mills - D. Bembry - C. Thomas,1610612751,2021-22
201933-201935-201988-1627761-1628971,B. Griffin - J. Harden - P. Mills - D. Bembry - B. Brown,1610612751,2021-22
201935-201988-1627761-1629651-1630556,J. Harden - P. Mills - D. Bembry - N. Claxton - K. Edwards,1610612751,2021-22
201142-201933-201988-1630556-1630560,K. Durant - B. Griffin - P. Mills - K. Edwards - C. Thomas,1610612751,2021-22
201142-201933-201988-1629651-1630556,K. Durant - B. Griffin - P. Mills - N. Claxton - K. Edwards,1610612751,2021-22
201142-1630549-1630556-1630560-1630561,K. Durant - D. Sharpe - K. Edwards - C. Thomas - D. Duke Jr.,1610612751,2021-22
201142-201609-203083-1628971-1630556,K. Durant - G. Dragic - A. Drummond - B. Brown - K. Edwards,1610612751,2021-22
201142-201609-201949-203083-1628971,K. Durant - G. Dragic - J. Johnson - A. Drummond - B. Brown,1610612751,2021-22
201142-201935-1628971-1629651-1630560,K. Durant - J. Harden - B. Brown - N. Claxton - C. Thomas,1610612751,2021-22
201142-201935-201988-203925-1628971,K. Durant - J. Harden - P. Mills - J. Harris - B. Brown,1610612751,2021-22
201142-201949-201988-1627761-1629651,K. Durant - J. Johnson - P. Mills - D. Bembry - N. Claxton,1610612751,2021-22
201142-201988-202681-203552-1628971,K. Durant - P. Mills - K. Irving - S. Curry - B. Brown,1610612751,2021-22
200746-201935-201988-1628971-1630556,L. Aldridge - J. Harden - P. Mills - B. Brown - K. Edwards,1610612751,2021-22
200794-201935-201949-201988-1630560,P. Millsap - J. Harden - J. Johnson - P. Mills - C. Thomas,1610612751,2021-22
200794-201142-201935-201949-1627761,P. Millsap - K. Durant - J. Harden - J. Johnson - D. Bembry,1610612751,2021-22
200794-201142-201935-201949-201988,P. Millsap - K. Durant - J. Harden - J. Johnson - P. Mills,1610612751,2021-22
201933-201935-1628975-1630556-1630560,B. Griffin - J. Harden - J. Carter - K. Edwards - C. Thomas,1610612751,2021-22
201933-201935-202681-1627761-1630556,B. Griffin - J. Harden - K. Irving - D. Bembry - K. Edwards,1610612751,2021-22
201142-201933-201949-201988-1627761,K. Durant - B. Griffin - J. Johnson - P. Mills - D. Bembry,1610612751,2021-22
201142-201933-1630556-1630560-1630561,K. Durant - B. Griffin - K. Edwards - C. Thomas - D. Duke Jr.,1610612751,2021-22
201142-201933-201988-1627761-1628971,K. Durant - B. Griffin - P. Mills - D. Bembry - B. Brown,1610612751,2021-22
201142-201609-203083-1628971-1630560,K. Durant - G. Dragic - A. Drummond - B. Brown - C. Thomas,1610612751,2021-22
201142-201949-201988-202681-1630560,K. Durant - J. Johnson - P. Mills - K. Irving - C. Thomas,1610612751,2021-22
201142-201988-1630549-1630556-1630560,K. Durant - P. Mills - D. Sharpe - K. Edwards - C. Thomas,1610612751,2021-22
201142-201988-1629651-1630556-1630561,K. Durant - P. Mills - N. Claxton - K. Edwards - D. Duke Jr.,1610612751,2021-22
200746-201935-201949-1627761-1630560,L. Aldridge - J. Harden - J. Johnson - D. Bembry - C. Thomas,1610612751,2021-22
200746-201935-201949-1627761-1628975,L. Aldridge - J. Harden - J. Johnson - D. Bembry - J. Carter,1610612751,2021-22
200746-201935-202681-1628971-1630556,L. Aldridge - J. Harden - K. Irving - B. Brown - K. Edwards,1610612751,2021-22
200746-201935-202681-1630556-1630560,L. Aldridge - J. Harden - K. Irving - K. Edwards - C. Thomas,1610612751,2021-22
200746-201142-201935-201949-1628971,L. Aldridge - K. Durant - J. Harden - J. Johnson - B. Brown,1610612751,2021-22
200746-201142-202681-203552-1628971,L. Aldridge - K. Durant - K. Irving - S. Curry - B. Brown,1610612751,2021-22
200746-201142-201988-1628971-1630560,L. Aldridge - K. Durant - P. Mills - B. Brown - C. Thomas,1610612751,2021-22
200746-200794-201935-203925-1628975,L. Aldridge - P. Millsap - J. Harden - J. Harris - J. Carter,1610612751,2021-22
200794-201935-1628971-1630556-1630560,P. Millsap - J. Harden - B. Brown - K. Edwards - C. Thomas,1610612751,2021-22
200794-201142-201933-201935-1628975,P. Millsap - K. Durant - B. Griffin - J. Harden - J. Carter,1610612751,2021-22
201933-201935-201949-1628971-1628975,B. Griffin - J. Harden - J. Johnson - B. Brown - J. Carter,1610612751,2021-22
201933-201935-201988-1628971-1630560,B. Griffin - J. Harden - P. Mills - B. Brown - C. Thomas,1610612751,2021-22
201935-201949-203925-1628975-1629651,J. Harden - J. Johnson - J. Harris - J. Carter - N. Claxton,1610612751,2021-22
201935-201949-201988-1630549-1630560,J. Harden - J. Johnson - P. Mills - D. Sharpe - C. Thomas,1610612751,2021-22
201935-201949-201988-1630556-1630560,J. Harden - J. Johnson - P. Mills - K. Edwards - C. Thomas,1610612751,2021-22
201935-202681-1629651-1630556-1630560,J. Harden - K. Irving - N. Claxton - K. Edwards - C. Thomas,1610612751,2021-22
201935-201988-1627761-1629651-1630560,J. Harden - P. Mills - D. Bembry - N. Claxton - C. Thomas,1610612751,2021-22
201142-201933-201935-1628971-1628975,K. Durant - B. Griffin - J. Harden - B. Brown - J. Carter,1610612751,2021-22
201142-201933-201935-1627761-1628971,K. Durant - B. Griffin - J. Harden - D. Bembry - B. Brown,1610612751,2021-22
201142-201933-201935-203925-1627761,K. Durant - B. Griffin - J. Harden - J. Harris - D. Bembry,1610612751,2021-22
201142-201933-201935-201949-1627761,K. Durant - B. Griffin - J. Harden - J. Johnson - D. Bembry,1610612751,2021-22
201142-201933-201988-1627761-1630560,K. Durant - B. Griffin - P. Mills - D. Bembry - C. Thomas,1610612751,2021-22
201142-201933-201988-202681-1627761,K. Durant - B. Griffin - P. Mills - K. Irving - D. Bembry,1610612751,2021-22
201142-201609-201949-202681-1629651,K. Durant - G. Dragic - J. Johnson - K. Irving - N. Claxton,1610612751,2021-22
201142-201609-201949-201988-203083,K. Durant - G. Dragic - J. Johnson - P. Mills - A. Drummond,1610612751,2021-22
201142-201609-202681-203552-1628971,K. Durant - G. Dragic - K. Irving - S. Curry - B. Brown,1610612751,2021-22
201142-201935-201949-201988-1630560,K. Durant - J. Harden - J. Johnson - P. Mills - C. Thomas,1610612751,2021-22
201142-201935-201988-1630549-1630556,K. Durant - J. Harden - P. Mills - D. Sharpe - K. Edwards,1610612751,2021-22
201142-201949-201988-203083-1628971,K. Durant - J. Johnson - P. Mills - A. Drummond - B. Brown,1610612751,2021-22
201142-202681-203083-1628971-1630560,K. Durant - K. Irving - A. Drummond - B. Brown - C. Thomas,1610612751,2021-22
201142-202681-203083-1630556-1630560,K. Durant - K. Irving - A. Drummond - K. Edwards - C. Thomas,1610612751,2021-22
201142-201988-202681-1630549-1630556,K. Durant - P. Mills - K. Irving - D. Sharpe - K. Edwards,1610612751,2021-22
200746-201935-201949-1628971-1630560,L. Aldridge - J. Harden - J. Johnson - B. Brown - C. Thomas,1610612751,2021-22
200746-201935-201949-1628971-1628975,L. Aldridge - J. Harden - J. Johnson - B. Brown - J. Carter,1610612751,2021-22
200746-201142-201933-201988-1628971,L. Aldridge - K. Durant - B. Griffin - P. Mills - B. Brown,1610612751,2021-22
200746-201142-201933-201988-203925,L. Aldridge - K. Durant - B. Griffin - P. Mills - J. Harris,1610612751,2021-22
200746-201142-201935-203925-1627761,L. Aldridge - K. Durant - J. Harden - J. Harris - D. Bembry,1610612751,2021-22
200746-201142-201935-201988-1628975,L. Aldridge - K. Durant - J. Harden - P. Mills - J. Carter,1610612751,2021-22
200746-200794-201142-201988-1628971,L. Aldridge - P. Millsap - K. Durant - P. Mills - B. Brown,1610612751,2021-22
200794-201935-203925-1628975-1629651,P. Millsap - J. Harden - J. Harris - J. Carter - N. Claxton,1610612751,2021-22
200794-201935-204038-1628971-1629651,P. Millsap - J. Harden - L. Galloway - B. Brown - N. Claxton,1610612751,2021-22
200794-201142-201949-201988-1628971,P. Millsap - K. Durant - J. Johnson - P. Mills - B. Brown,1610612751,2021-22
201933-201935-201949-1628971-1630560,B. Griffin - J. Harden - J. Johnson - B. Brown - C. Thomas,1610612751,2021-22
201935-201988-202681-1629651-1630561,J. Harden - P. Mills - K. Irving - N. Claxton - D. Duke Jr.,1610612751,2021-22
201142-201609-201949-203552-1629651,K. Durant - G. Dragic - J. Johnson - S. Curry - N. Claxton,1610612751,2021-22
201142-201988-203552-1629651-1630556,K. Durant - P. Mills - S. Curry - N. Claxton - K. Edwards,1610612751,2021-22
200746-201935-201988-1627761-1630556,L. Aldridge - J. Harden - P. Mills - D. Bembry - K. Edwards,1610612751,2021-22
200746-201142-201935-1628971-1628975,L. Aldridge - K. Durant - J. Harden - B. Brown - J. Carter,1610612751,2021-22
200794-201935-1628971-1630560-1630561,P. Millsap - J. Harden - B. Brown - C. Thomas - D. Duke Jr.,1610612751,2021-22
201599-201935-202681-203925-1628971,D. Jordan - J. Harden - K. Irving - J. Harris - B. Brown,1610612751,2020-21
201145-201599-201935-202681-203925,J. Green - D. Jordan - J. Harden - K. Irving - J. Harris,1610612751,2020-21
201142-201145-201935-202681-203925,K. Durant - J. Green - J. Harden - K. Irving - J. Harris,1610612751,2020-21
201145-201935-202681-203925-1628971,J. Green - J. Harden - K. Irving - J. Harris - B. Brown,1610612751,2020-21
201142-201599-201935-202681-203925,K. Durant - D. Jordan - J. Harden - K. Irving - J. Harris,1610612751,2020-21
201142-201145-201599-202681-203925,K. Durant - J. Green - D. Jordan - K. Irving - J. Harris,1610612751,2020-21
201142-201599-202681-203915-203925,K. Durant - D. Jordan - K. Irving - S. Dinwiddie - J. Harris,1610612751,2020-21
201142-201145-201599-201935-203925,K. Durant - J. Green - D. Jordan - J. Harden - J. Harris,1610612751,2020-21
201142-201599-202681-203925-1627789,K. Durant - D. Jordan - K. Irving - J. Harris - T. Luwawu-Cabarrot,1610612751,2020-21
201142-201933-202681-203925-1628971,K. Durant - B. Griffin - K. Irving - J. Harris - B. Brown,1610612751,2020-21
201599-201935-203925-1628971-1629013,D. Jordan - J. Harden - J. Harris - B. Brown - L. Shamet,1610612751,2020-21
201145-201599-201935-203925-1628971,J. Green - D. Jordan - J. Harden - J. Harris - B. Brown,1610612751,2020-21
201145-201935-203925-204020-1629651,J. Green - J. Harden - J. Harris - T. Johnson - N. Claxton,1610612751,2020-21
201145-201935-204020-1629013-1629651,J. Green - J. Harden - T. Johnson - L. Shamet - N. Claxton,1610612751,2020-21
201142-201933-202681-1628971-1629013,K. Durant - B. Griffin - K. Irving - B. Brown - L. Shamet,1610612751,2020-21
201142-202681-203925-1627789-1628386,K. Durant - K. Irving - J. Harris - T. Luwawu-Cabarrot - J. Allen,1610612751,2020-21
201142-201599-202681-203925-1628971,K. Durant - D. Jordan - K. Irving - J. Harris - B. Brown,1610612751,2020-21
201142-201145-201933-202681-203925,K. Durant - J. Green - B. Griffin - K. Irving - J. Harris,1610612751,2020-21
201145-201599-201935-203925-1627789,J. Green - D. Jordan - J. Harden - J. Harris - T. Luwawu-Cabarrot,1610612751,2020-21
201142-202681-1627747-1628386-1629013,K. Durant - K. Irving - C. LeVert - J. Allen - L. Shamet,1610612751,2020-21
201599-201935-202681-1628971-1629013,D. Jordan - J. Harden - K. Irving - B. Brown - L. Shamet,1610612751,2020-21
201142-201145-201599-203925-1628971,K. Durant - J. Green - D. Jordan - J. Harris - B. Brown,1610612751,2020-21
201145-201935-203925-1627789-1629617,J. Green - J. Harden - J. Harris - T. Luwawu-Cabarrot - R. Perry,1610612751,2020-21
201142-201145-203925-1627747-1628386,K. Durant - J. Green - J. Harris - C. LeVert - J. Allen,1610612751,2020-21
201142-201145-202681-203925-1629013,K. Durant - J. Green - K. Irving - J. Harris - L. Shamet,1610612751,2020-21
200746-201142-201145-202681-203925,L. Aldridge - K. Durant - J. Green - K. Irving - J. Harris,1610612751,2020-21
201933-201935-204020-1627789-1629651,B. Griffin - J. Harden - T. Johnson - T. Luwawu-Cabarrot - N. Claxton,1610612751,2020-21
201145-201935-203925-1627789-1628971,J. Green - J. Harden - J. Harris - T. Luwawu-Cabarrot - B. Brown,1610612751,2020-21
201935-203460-204020-1629013-1629651,J. Harden - A. Roberson - T. Johnson - L. Shamet - N. Claxton,1610612751,2020-21
201142-201145-201933-202681-1629013,K. Durant - J. Green - B. Griffin - K. Irving - L. Shamet,1610612751,2020-21
201599-201935-203925-204020-1628971,D. Jordan - J. Harden - J. Harris - T. Johnson - B. Brown,1610612751,2020-21
201599-201935-202681-203925-1629013,D. Jordan - J. Harden - K. Irving - J. Harris - L. Shamet,1610612751,2020-21
201145-201935-203925-204020-1629013,J. Green - J. Harden - J. Harris - T. Johnson - L. Shamet,1610612751,2020-21
201142-201145-201935-203925-1628971,K. Durant - J. Green - J. Harden - J. Harris - B. Brown,1610612751,2020-21
201935-202681-203925-1628971-1629651,J. Harden - K. Irving - J. Harris - B. Brown - N. Claxton,1610612751,2020-21
201142-201933-1628455-1628971-1629013,K. Durant - B. Griffin - A. James - B. Brown - L. Shamet,1610612751,2020-21
201142-201933-201935-202681-1628971,K. Durant - B. Griffin - J. Harden - K. Irving - B. Brown,1610612751,2020-21
201142-201933-202681-203925-1629013,K. Durant - B. Griffin - K. Irving - J. Harris - L. Shamet,1610612751,2020-21
201142-1627747-1627752-1628386-1629013,K. Durant - C. LeVert - T. Prince - J. Allen - L. Shamet,1610612751,2020-21
201142-201145-202681-203925-1628971,K. Durant - J. Green - K. Irving - J. Harris - B. Brown,1610612751,2020-21
201142-201145-201599-201935-202681,K. Durant - J. Green - D. Jordan - J. Harden - K. Irving,1610612751,2020-21
201142-201145-203925-1628386-1628971,K. Durant - J. Green - J. Harris - J. Allen - B. Brown,1610612751,2020-21
201142-201145-203925-204020-1629013,K. Durant - J. Green - J. Harris - T. Johnson - L. Shamet,1610612751,2020-21
201142-201145-202681-203925-1627747,K. Durant - J. Green - K. Irving - J. Harris - C. LeVert,1610612751,2020-21
201142-201935-202681-203925-1628971,K. Durant - J. Harden - K. Irving - J. Harris - B. Brown,1610612751,2020-21
201142-203925-1627747-1627752-1628386,K. Durant - J. Harris - C. LeVert - T. Prince - J. Allen,1610612751,2020-21
201935-203925-204020-1629013-1629651,J. Harden - J. Harris - T. Johnson - L. Shamet - N. Claxton,1610612751,2020-21
201935-1627789-1628971-1629013-1629617,J. Harden - T. Luwawu-Cabarrot - B. Brown - L. Shamet - R. Perry,1610612751,2020-21
201142-201145-202681-203925-1627789,K. Durant - J. Green - K. Irving - J. Harris - T. Luwawu-Cabarrot,1610612751,2020-21
201142-201145-202681-1627789-1629013,K. Durant - J. Green - K. Irving - T. Luwawu-Cabarrot - L. Shamet,1610612751,2020-21
201933-201935-203925-204020-1629651,B. Griffin - J. Harden - J. Harris - T. Johnson - N. Claxton,1610612751,2020-21
201142-201599-202681-203925-1629013,K. Durant - D. Jordan - K. Irving - J. Harris - L. Shamet,1610612751,2020-21
201142-201145-204020-1628993-1629013,K. Durant - J. Green - T. Johnson - A. Johnson - L. Shamet,1610612751,2020-21
201145-201599-201935-203925-1629013,J. Green - D. Jordan - J. Harden - J. Harris - L. Shamet,1610612751,2020-21
201145-201599-201935-202681-1627789,J. Green - D. Jordan - J. Harden - K. Irving - T. Luwawu-Cabarrot,1610612751,2020-21
201145-201935-203925-1628971-1629013,J. Green - J. Harden - J. Harris - B. Brown - L. Shamet,1610612751,2020-21
201145-201935-202681-203925-1629013,J. Green - J. Harden - K. Irving - J. Harris - L. Shamet,1610612751,2020-21
201935-204020-1627789-1629013-1629651,J. Harden - T. Johnson - T. Luwawu-Cabarrot - L. Shamet - N. Claxton,1610612751,2020-21
201142-201933-202681-1628455-1628971,K. Durant - B. Griffin - K. Irving - A. James - B. Brown,1610612751,2020-21
201142-201145-201933-203925-1628455,K. Durant - J. Green - B. Griffin - J. Harris - A. James,1610612751,2020-21
201599-201935-204020-1627789-1629013,D. Jordan - J. Harden - T. Johnson - T. Luwawu-Cabarrot - L. Shamet,1610612751,2020-21
201145-201935-203925-1627789-1629013,J. Green - J. Harden - J. Harris - T. Luwawu-Cabarrot - L. Shamet,1610612751,2020-21
201145-201935-202681-203925-1627789,J. Green - J. Harden - K. Irving - J. Harris - T. Luwawu-Cabarrot,1610612751,2020-21
201145-201935-204020-1627789-1629013,J. Green - J. Harden - T. Johnson - T. Luwawu-Cabarrot - L. Shamet,1610612751,2020-21
201142-201145-201935-202681-1627789,K. Durant - J. Green - J. Harden - K. Irving - T. Luwawu-Cabarrot,1610612751,2020-21
201142-201145-203925-1629013-1629651,K. Durant - J. Green - J. Harris - L. Shamet - N. Claxton,1610612751,2020-21
201142-201145-202681-1629013-1629651,K. Durant - J. Green - K. Irving - L. Shamet - N. Claxton,1610612751,2020-21
201142-202681-1628971-1629013-1629651,K. Durant - K. Irving - B. Brown - L. Shamet - N. Claxton,1610612751,2020-21
201145-201935-203925-1629013-1629617,J. Green - J. Harden - J. Harris - L. Shamet - R. Perry,1610612751,2020-21
201145-201935-202681-203925-1629651,J. Green - J. Harden - K. Irving - J. Harris - N. Claxton,1610612751,2020-21
201142-201933-203925-1628455-1628971,K. Durant - B. Griffin - J. Harris - A. James - B. Brown,1610612751,2020-21
201142-201599-201935-202681-1628971,K. Durant - D. Jordan - J. Harden - K. Irving - B. Brown,1610612751,2020-21
201142-201599-202681-203925-1627747,K. Durant - D. Jordan - K. Irving - J. Harris - C. LeVert,1610612751,2020-21
201142-201599-202681-1627789-1628971,K. Durant - D. Jordan - K. Irving - T. Luwawu-Cabarrot - B. Brown,1610612751,2020-21
201142-201145-202681-1627789-1628971,K. Durant - J. Green - K. Irving - T. Luwawu-Cabarrot - B. Brown,1610612751,2020-21
201142-202681-203925-1627747-1628386,K. Durant - K. Irving - J. Harris - C. LeVert - J. Allen,1610612751,2020-21
201142-202681-203915-203925-1628386,K. Durant - K. Irving - S. Dinwiddie - J. Harris - J. Allen,1610612751,2020-21
201599-201935-203925-1627789-1629013,D. Jordan - J. Harden - J. Harris - T. Luwawu-Cabarrot - L. Shamet,1610612751,2020-21
201145-201933-201935-204020-1627789,J. Green - B. Griffin - J. Harden - T. Johnson - T. Luwawu-Cabarrot,1610612751,2020-21
201145-201599-201935-204020-1627789,J. Green - D. Jordan - J. Harden - T. Johnson - T. Luwawu-Cabarrot,1610612751,2020-21
201145-201935-203925-1629013-1629651,J. Green - J. Harden - J. Harris - L. Shamet - N. Claxton,1610612751,2020-21
201145-201935-203925-1627789-1629651,J. Green - J. Harden - J. Harris - T. Luwawu-Cabarrot - N. Claxton,1610612751,2020-21
201145-201935-1627789-1628971-1629617,J. Green - J. Harden - T. Luwawu-Cabarrot - B. Brown - R. Perry,1610612751,2020-21
201145-201935-1627789-1629013-1629617,J. Green - J. Harden - T. Luwawu-Cabarrot - L. Shamet - R. Perry,1610612751,2020-21
201142-201145-201599-202681-1629013,K. Durant - J. Green - D. Jordan - K. Irving - L. Shamet,1610612751,2020-21
201142-201145-201935-202681-1628971,K. Durant - J. Green - J. Harden - K. Irving - B. Brown,1610612751,2020-21
201142-201145-202681-203925-1629651,K. Durant - J. Green - K. Irving - J. Harris - N. Claxton,1610612751,2020-21
201933-201935-203925-204020-1628971,B. Griffin - J. Harden - J. Harris - T. Johnson - B. Brown,1610612751,2020-21
201599-201935-202681-1627789-1628971,D. Jordan - J. Harden - K. Irving - T. Luwawu-Cabarrot - B. Brown,1610612751,2020-21
201599-201935-1627789-1628971-1629013,D. Jordan - J. Harden - T. Luwawu-Cabarrot - B. Brown - L. Shamet,1610612751,2020-21
201145-201935-202681-204020-1628971,J. Green - J. Harden - K. Irving - T. Johnson - B. Brown,1610612751,2020-21
201145-201935-202681-1627789-1628971,J. Green - J. Harden - K. Irving - T. Luwawu-Cabarrot - B. Brown,1610612751,2020-21
201145-201935-202681-1627789-1629013,J. Green - J. Harden - K. Irving - T. Luwawu-Cabarrot - L. Shamet,1610612751,2020-21
201935-203925-204020-1628971-1629651,J. Harden - J. Harris - T. Johnson - B. Brown - N. Claxton,1610612751,2020-21
201935-204020-1628971-1629013-1629651,J. Harden - T. Johnson - B. Brown - L. Shamet - N. Claxton,1610612751,2020-21
201142-201145-203925-1629185-1629651,K. Durant - J. Green - J. Harris - C. Chiozza - N. Claxton,1610612751,2020-21
201142-201935-204020-1629013-1629651,K. Durant - J. Harden - T. Johnson - L. Shamet - N. Claxton,1610612751,2020-21
200746-201142-201145-203925-1629013,L. Aldridge - K. Durant - J. Green - J. Harris - L. Shamet,1610612751,2020-21
201599-201935-203925-204020-1627789,D. Jordan - J. Harden - J. Harris - T. Johnson - T. Luwawu-Cabarrot,1610612751,2020-21
201599-201935-202681-204020-1628971,D. Jordan - J. Harden - K. Irving - T. Johnson - B. Brown,1610612751,2020-21
201145-201599-201935-1628971-1629013,J. Green - D. Jordan - J. Harden - B. Brown - L. Shamet,1610612751,2020-21
201145-201599-201935-204020-1628971,J. Green - D. Jordan - J. Harden - T. Johnson - B. Brown,1610612751,2020-21
201145-201599-201935-204020-1629013,J. Green - D. Jordan - J. Harden - T. Johnson - L. Shamet,1610612751,2020-21
201145-201935-202681-1628971-1629013,J. Green - J. Harden - K. Irving - B. Brown - L. Shamet,1610612751,2020-21
201935-202681-204020-1628971-1629651,J. Harden - K. Irving - T. Johnson - B. Brown - N. Claxton,1610612751,2020-21
201142-201933-203925-1628455-1629013,K. Durant - B. Griffin - J. Harris - A. James - L. Shamet,1610612751,2020-21
201142-201933-203925-1628971-1629185,K. Durant - B. Griffin - J. Harris - B. Brown - C. Chiozza,1610612751,2020-21
201142-201933-202681-1629013-1629651,K. Durant - B. Griffin - K. Irving - L. Shamet - N. Claxton,1610612751,2020-21
201142-201599-201935-202681-1627789,K. Durant - D. Jordan - J. Harden - K. Irving - T. Luwawu-Cabarrot,1610612751,2020-21
201142-201145-1628455-1628993-1629013,K. Durant - J. Green - A. James - A. Johnson - L. Shamet,1610612751,2020-21
201142-201145-201599-203925-1629185,K. Durant - J. Green - D. Jordan - J. Harris - C. Chiozza,1610612751,2020-21
201142-201145-201935-1628971-1629013,K. Durant - J. Green - J. Harden - B. Brown - L. Shamet,1610612751,2020-21
201142-201145-203925-1628455-1629651,K. Durant - J. Green - J. Harris - A. James - N. Claxton,1610612751,2020-21
201142-201145-202681-203915-203925,K. Durant - J. Green - K. Irving - S. Dinwiddie - J. Harris,1610612751,2020-21
201142-201935-1628971-1629013-1629651,K. Durant - J. Harden - B. Brown - L. Shamet - N. Claxton,1610612751,2020-21
201142-201935-1627789-1629013-1629617,K. Durant - J. Harden - T. Luwawu-Cabarrot - L. Shamet - R. Perry,1610612751,2020-21
201599-201935-202681-204020-1629013,D. Jordan - J. Harden - K. Irving - T. Johnson - L. Shamet,1610612751,2020-21
201599-201935-204020-1628971-1629013,D. Jordan - J. Harden - T. Johnson - B. Brown - L. Shamet,1610612751,2020-21
201145-201599-201935-202681-1629013,J. Green - D. Jordan - J. Harden - K. Irving - L. Shamet,1610612751,2020-21
201145-201935-1628455-1628971-1629013,J. Green - J. Harden - A. James - B. Brown - L. Shamet,1610612751,2020-21
201145-201935-204020-1628971-1629013,J. Green - J. Harden - T. Johnson - B. Brown - L. Shamet,1610612751,2020-21
201145-201935-204020-1627789-1629651,J. Green - J. Harden - T. Johnson - T. Luwawu-Cabarrot - N. Claxton,1610612751,2020-21
201145-201935-1627789-1628971-1629651,J. Green - J. Harden - T. Luwawu-Cabarrot - B. Brown - N. Claxton,1610612751,2020-21
201935-203460-203925-204020-1629651,J. Harden - A. Roberson - J. Harris - T. Johnson - N. Claxton,1610612751,2020-21
201935-203925-1628971-1629013-1629651,J. Harden - J. Harris - B. Brown - L. Shamet - N. Claxton,1610612751,2020-21
201142-201933-201935-1628971-1629013,K. Durant - B. Griffin - J. Harden - B. Brown - L. Shamet,1610612751,2020-21
201142-1627747-1627752-1627789-1628386,K. Durant - C. LeVert - T. Prince - T. Luwawu-Cabarrot - J. Allen,1610612751,2020-21
201142-201599-1627789-1628971-1629013,K. Durant - D. Jordan - T. Luwawu-Cabarrot - B. Brown - L. Shamet,1610612751,2020-21
201142-201145-201933-203925-204020,K. Durant - J. Green - B. Griffin - J. Harris - T. Johnson,1610612751,2020-21
201142-201145-201599-202681-204020,K. Durant - J. Green - D. Jordan - K. Irving - T. Johnson,1610612751,2020-21
201142-201145-202681-1628971-1629013,K. Durant - J. Green - K. Irving - B. Brown - L. Shamet,1610612751,2020-21
201142-201145-202681-203925-1628455,K. Durant - J. Green - K. Irving - J. Harris - A. James,1610612751,2020-21
201142-203925-1627747-1627789-1628386,K. Durant - J. Harris - C. LeVert - T. Luwawu-Cabarrot - J. Allen,1610612751,2020-21
201142-202681-203925-1628971-1629651,K. Durant - K. Irving - J. Harris - B. Brown - N. Claxton,1610612751,2020-21
201142-202681-204020-1628971-1629651,K. Durant - K. Irving - T. Johnson - B. Brown - N. Claxton,1610612751,2020-21
201142-1627752-1628386-1628971-1629013,K. Durant - T. Prince - J. Allen - B. Brown - L. Shamet,1610612751,2020-21
200746-201145-201935-202681-203925,L. Aldridge - J. Green - J. Harden - K. Irving - J. Harris,1610612751,2020-21
200782-201935-202322-1626174-1628021,P. Tucker - J. Harden - J. Wall - C. Wood - D. Nwaba,1610612745,2020-21
200782-201935-1626174-1627863-1628021,P. Tucker - J. Harden - C. Wood - D. House Jr. - D. Nwaba,1610612745,2020-21
200782-201569-201935-202322-1626174,P. Tucker - E. Gordon - J. Harden - J. Wall - C. Wood,1610612745,2020-21
200782-201935-202322-1626174-1627863,P. Tucker - J. Harden - J. Wall - C. Wood - D. House Jr.,1610612745,2020-21
201569-201935-202326-1628425-1630256,E. Gordon - J. Harden - D. Cousins - S. Brown - J. Tate,1610612745,2020-21
200782-201935-202322-202326-1628021,P. Tucker - J. Harden - J. Wall - D. Cousins - D. Nwaba,1610612745,2020-21
200782-201935-1626174-1627863-1630256,P. Tucker - J. Harden - C. Wood - D. House Jr. - J. Tate,1610612745,2020-21
200782-201569-201935-1628021-1630256,P. Tucker - E. Gordon - J. Harden - D. Nwaba - J. Tate,1610612745,2020-21
200782-201569-201935-202322-1628021,P. Tucker - E. Gordon - J. Harden - J. Wall - D. Nwaba,1610612745,2020-21
200782-201935-1626174-1628425-1630256,P. Tucker - J. Harden - C. Wood - S. Brown - J. Tate,1610612745,2020-21
201569-201935-1626174-1628425-1630256,E. Gordon - J. Harden - C. Wood - S. Brown - J. Tate,1610612745,2020-21
200782-201569-201935-202322-1630256,P. Tucker - E. Gordon - J. Harden - J. Wall - J. Tate,1610612745,2020-21
201935-202322-203463-1626174-1630256,J. Harden - J. Wall - B. McLemore - C. Wood - J. Tate,1610612745,2020-21
200782-201569-201935-1626174-1628021,P. Tucker - E. Gordon - J. Harden - C. Wood - D. Nwaba,1610612745,2020-21
200782-201569-201935-1628425-1630256,P. Tucker - E. Gordon - J. Harden - S. Brown - J. Tate,1610612745,2020-21
200782-201935-1626174-1628021-1628425,P. Tucker - J. Harden - C. Wood - D. Nwaba - S. Brown,1610612745,2020-21
200782-201935-1627863-1628425-1630256,P. Tucker - J. Harden - D. House Jr. - S. Brown - J. Tate,1610612745,2020-21
201935-1626174-1627863-1628021-1630256,J. Harden - C. Wood - D. House Jr. - D. Nwaba - J. Tate,1610612745,2020-21
200782-201935-1627863-1628021-1630256,P. Tucker - J. Harden - D. House Jr. - D. Nwaba - J. Tate,1610612745,2020-21
200782-201566-201935-203991-1627863,P. Tucker - R. Westbrook - J. Harden - C. Capela - D. House Jr.,1610612745,2019-20
200782-201566-201935-203496-1627863,P. Tucker - R. Westbrook - J. Harden - R. Covington - D. House Jr.,1610612745,2019-20
200782-201566-201935-203463-203991,P. Tucker - R. Westbrook - J. Harden - B. McLemore - C. Capela,1610612745,2019-20
200782-201566-201569-201935-203991,P. Tucker - R. Westbrook - E. Gordon - J. Harden - C. Capela,1610612745,2019-20
200782-201566-201569-201935-1627863,P. Tucker - R. Westbrook - E. Gordon - J. Harden - D. House Jr.,1610612745,2019-20
200782-201566-201935-203085-203991,P. Tucker - R. Westbrook - J. Harden - A. Rivers - C. Capela,1610612745,2019-20
200782-201935-203463-203991-1627863,P. Tucker - J. Harden - B. McLemore - C. Capela - D. House Jr.,1610612745,2019-20
200782-201569-201935-203991-1627863,P. Tucker - E. Gordon - J. Harden - C. Capela - D. House Jr.,1610612745,2019-20
200782-201935-203085-203496-1627863,P. Tucker - J. Harden - A. Rivers - R. Covington - D. House Jr.,1610612745,2019-20
200782-201566-201935-203463-1627863,P. Tucker - R. Westbrook - J. Harden - B. McLemore - D. House Jr.,1610612745,2019-20
200782-201935-203085-203463-203991,P. Tucker - J. Harden - A. Rivers - B. McLemore - C. Capela,1610612745,2019-20
200782-201935-203463-203496-1627863,P. Tucker - J. Harden - B. McLemore - R. Covington - D. House Jr.,1610612745,2019-20
200782-201566-201569-201935-203496,P. Tucker - R. Westbrook - E. Gordon - J. Harden - R. Covington,1610612745,2019-20
200782-201935-203085-203463-1627863,P. Tucker - J. Harden - A. Rivers - B. McLemore - D. House Jr.,1610612745,2019-20
200782-201566-201935-203085-1627863,P. Tucker - R. Westbrook - J. Harden - A. Rivers - D. House Jr.,1610612745,2019-20
2199-200782-201566-201935-203463,T. Chandler - P. Tucker - R. Westbrook - J. Harden - B. McLemore,1610612745,2019-20
200782-201935-203085-203991-1627863,P. Tucker - J. Harden - A. Rivers - C. Capela - D. House Jr.,1610612745,2019-20
200782-201569-201935-203463-203991,P. Tucker - E. Gordon - J. Harden - B. McLemore - C. Capela,1610612745,2019-20
200782-201569-201935-203463-1627863,P. Tucker - E. Gordon - J. Harden - B. McLemore - D. House Jr.,1610612745,2019-20
2199-200782-201566-201935-1627863,T. Chandler - P. Tucker - R. Westbrook - J. Harden - D. House Jr.,1610612745,2019-20
201935-203085-203463-203991-1627863,J. Harden - A. Rivers - B. McLemore - C. Capela - D. House Jr.,1610612745,2019-20
200782-201935-203085-203463-203496,P. Tucker - J. Harden - A. Rivers - B. McLemore - R. Covington,1610612745,2019-20
201566-201569-201935-203991-1627863,R. Westbrook - E. Gordon - J. Harden - C. Capela - D. House Jr.,1610612745,2019-20
200782-201569-201935-203496-1627863,P. Tucker - E. Gordon - J. Harden - R. Covington - D. House Jr.,1610612745,2019-20
200782-201935-203085-203463-1629109,P. Tucker - J. Harden - A. Rivers - B. McLemore - G. Clark,1610612745,2019-20
2199-200782-201935-203085-203463,T. Chandler - P. Tucker - J. Harden - A. Rivers - B. McLemore,1610612745,2019-20
201145-201935-203085-203463-203496,J. Green - J. Harden - A. Rivers - B. McLemore - R. Covington,1610612745,2019-20
200782-201569-201935-203085-1627863,P. Tucker - E. Gordon - J. Harden - A. Rivers - D. House Jr.,1610612745,2019-20
200782-201569-201935-203463-203496,P. Tucker - E. Gordon - J. Harden - B. McLemore - R. Covington,1610612745,2019-20
200782-201935-203085-203463-1628392,P. Tucker - J. Harden - A. Rivers - B. McLemore - I. Hartenstein,1610612745,2019-20
200782-201566-201935-203463-203496,P. Tucker - R. Westbrook - J. Harden - B. McLemore - R. Covington,1610612745,2019-20
201569-201935-203085-203991-1627863,E. Gordon - J. Harden - A. Rivers - C. Capela - D. House Jr.,1610612745,2019-20
200782-201145-201569-201935-203496,P. Tucker - J. Green - E. Gordon - J. Harden - R. Covington,1610612745,2019-20
200782-201145-201566-201935-203496,P. Tucker - J. Green - R. Westbrook - J. Harden - R. Covington,1610612745,2019-20
200757-201935-203085-203463-1627863,T. Sefolosha - J. Harden - A. Rivers - B. McLemore - D. House Jr.,1610612745,2019-20
200782-201145-201935-203085-203496,P. Tucker - J. Green - J. Harden - A. Rivers - R. Covington,1610612745,2019-20
200782-201566-201935-203463-1629109,P. Tucker - R. Westbrook - J. Harden - B. McLemore - G. Clark,1610612745,2019-20
200757-201935-203085-203463-203991,T. Sefolosha - J. Harden - A. Rivers - B. McLemore - C. Capela,1610612745,2019-20
201569-201935-203463-203991-1627863,E. Gordon - J. Harden - B. McLemore - C. Capela - D. House Jr.,1610612745,2019-20
200782-201569-201935-203085-203463,P. Tucker - E. Gordon - J. Harden - A. Rivers - B. McLemore,1610612745,2019-20
200782-201566-201569-201935-203085,P. Tucker - R. Westbrook - E. Gordon - J. Harden - A. Rivers,1610612745,2019-20
200782-201566-201935-203085-203463,P. Tucker - R. Westbrook - J. Harden - A. Rivers - B. McLemore,1610612745,2019-20
200782-201566-201935-1627863-1629109,P. Tucker - R. Westbrook - J. Harden - D. House Jr. - G. Clark,1610612745,2019-20
201566-201935-203085-203991-1627863,R. Westbrook - J. Harden - A. Rivers - C. Capela - D. House Jr.,1610612745,2019-20
201566-201935-203463-203991-1627863,R. Westbrook - J. Harden - B. McLemore - C. Capela - D. House Jr.,1610612745,2019-20
2199-200782-201566-201935-203085,T. Chandler - P. Tucker - R. Westbrook - J. Harden - A. Rivers,1610612745,2019-20
201145-201566-201935-203496-1627863,J. Green - R. Westbrook - J. Harden - R. Covington - D. House Jr.,1610612745,2019-20
200782-201566-201569-201935-203463,P. Tucker - R. Westbrook - E. Gordon - J. Harden - B. McLemore,1610612745,2019-20
200782-201566-201935-203463-1628392,P. Tucker - R. Westbrook - J. Harden - B. McLemore - I. Hartenstein,1610612745,2019-20
200782-201145-201935-203085-203463,P. Tucker - J. Green - J. Harden - A. Rivers - B. McLemore,1610612745,2019-20
200782-201145-201935-203496-1627863,P. Tucker - J. Green - J. Harden - R. Covington - D. House Jr.,1610612745,2019-20
200782-201566-201935-1627863-1628392,P. Tucker - R. Westbrook - J. Harden - D. House Jr. - I. Hartenstein,1610612745,2019-20
201566-201935-203463-1627863-1628392,R. Westbrook - J. Harden - B. McLemore - D. House Jr. - I. Hartenstein,1610612745,2019-20
2199-200757-201935-203085-203463,T. Chandler - T. Sefolosha - J. Harden - A. Rivers - B. McLemore,1610612745,2019-20
201935-203085-203463-1627863-1628392,J. Harden - A. Rivers - B. McLemore - D. House Jr. - I. Hartenstein,1610612745,2019-20
200782-201935-203085-203991-1629598,P. Tucker - J. Harden - A. Rivers - C. Capela - C. Clemons,1610612745,2019-20
200782-201935-201960-203496-1627863,P. Tucker - J. Harden - D. Carroll - R. Covington - D. House Jr.,1610612745,2019-20
200757-200782-201569-201935-1627863,T. Sefolosha - P. Tucker - E. Gordon - J. Harden - D. House Jr.,1610612745,2019-20
200782-201145-201935-201960-203085,P. Tucker - J. Green - J. Harden - D. Carroll - A. Rivers,1610612745,2019-20
2199-200757-201569-201935-203085,T. Chandler - T. Sefolosha - E. Gordon - J. Harden - A. Rivers,1610612745,2019-20
200757-200782-201566-201935-203463,T. Sefolosha - P. Tucker - R. Westbrook - J. Harden - B. McLemore,1610612745,2019-20
200757-201566-201935-203463-203991,T. Sefolosha - R. Westbrook - J. Harden - B. McLemore - C. Capela,1610612745,2019-20
201145-201569-201935-203085-203463,J. Green - E. Gordon - J. Harden - A. Rivers - B. McLemore,1610612745,2019-20
200782-201569-201935-203085-203991,P. Tucker - E. Gordon - J. Harden - A. Rivers - C. Capela,1610612745,2019-20
200782-201935-203463-1627863-1629109,P. Tucker - J. Harden - B. McLemore - D. House Jr. - G. Clark,1610612745,2019-20
201566-201569-201935-203463-203991,R. Westbrook - E. Gordon - J. Harden - B. McLemore - C. Capela,1610612745,2019-20
2199-201935-203085-203463-1627863,T. Chandler - J. Harden - A. Rivers - B. McLemore - D. House Jr.,1610612745,2019-20
2199-200782-201935-203085-1629598,T. Chandler - P. Tucker - J. Harden - A. Rivers - C. Clemons,1610612745,2019-20
200757-201935-203085-203463-1628392,T. Sefolosha - J. Harden - A. Rivers - B. McLemore - I. Hartenstein,1610612745,2019-20
200757-201935-203463-1628392-1629598,T. Sefolosha - J. Harden - B. McLemore - I. Hartenstein - C. Clemons,1610612745,2019-20
201569-201935-203463-1627863-1628392,E. Gordon - J. Harden - B. McLemore - D. House Jr. - I. Hartenstein,1610612745,2019-20
201145-201935-201960-203085-203463,J. Green - J. Harden - D. Carroll - A. Rivers - B. McLemore,1610612745,2019-20
201935-203085-203463-203991-1629109,J. Harden - A. Rivers - B. McLemore - C. Capela - G. Clark,1610612745,2019-20
200782-201145-201935-203085-1627863,P. Tucker - J. Green - J. Harden - A. Rivers - D. House Jr.,1610612745,2019-20
200782-201935-203085-1629109-1629598,P. Tucker - J. Harden - A. Rivers - G. Clark - C. Clemons,1610612745,2019-20
200782-201935-203463-203991-1629109,P. Tucker - J. Harden - B. McLemore - C. Capela - G. Clark,1610612745,2019-20
2199-201569-201935-203085-203463,T. Chandler - E. Gordon - J. Harden - A. Rivers - B. McLemore,1610612745,2019-20
200757-200782-201935-203085-203463,T. Sefolosha - P. Tucker - J. Harden - A. Rivers - B. McLemore,1610612745,2019-20
201145-201935-203085-203496-1626187,J. Green - J. Harden - A. Rivers - R. Covington - M. Frazier,1610612745,2019-20
201145-201935-203463-203496-1627863,J. Green - J. Harden - B. McLemore - R. Covington - D. House Jr.,1610612745,2019-20
201145-201935-201960-203085-203496,J. Green - J. Harden - D. Carroll - A. Rivers - R. Covington,1610612745,2019-20
201145-201935-203496-1626187-1629598,J. Green - J. Harden - R. Covington - M. Frazier - C. Clemons,1610612745,2019-20
201935-203463-203991-1627863-1629109,J. Harden - B. McLemore - C. Capela - D. House Jr. - G. Clark,1610612745,2019-20
200782-201569-201935-203085-203496,P. Tucker - E. Gordon - J. Harden - A. Rivers - R. Covington,1610612745,2019-20
201566-201569-201935-203085-203991,R. Westbrook - E. Gordon - J. Harden - A. Rivers - C. Capela,1610612745,2019-20
2199-200782-201569-201935-203085,T. Chandler - P. Tucker - E. Gordon - J. Harden - A. Rivers,1610612745,2019-20
200757-201569-201935-203991-1627863,T. Sefolosha - E. Gordon - J. Harden - C. Capela - D. House Jr.,1610612745,2019-20
200757-201145-201935-203085-1627863,T. Sefolosha - J. Green - J. Harden - A. Rivers - D. House Jr.,1610612745,2019-20
200757-200782-201569-201935-203085,T. Sefolosha - P. Tucker - E. Gordon - J. Harden - A. Rivers,1610612745,2019-20
200757-200782-201935-203463-203991,T. Sefolosha - P. Tucker - J. Harden - B. McLemore - C. Capela,1610612745,2019-20
200757-201566-201935-203463-1627863,T. Sefolosha - R. Westbrook - J. Harden - B. McLemore - D. House Jr.,1610612745,2019-20
201569-201935-203085-203463-203991,E. Gordon - J. Harden - A. Rivers - B. McLemore - C. Capela,1610612745,2019-20
201145-201935-203085-203496-1627863,J. Green - J. Harden - A. Rivers - R. Covington - D. House Jr.,1610612745,2019-20
201145-201935-201960-203085-1627863,J. Green - J. Harden - D. Carroll - A. Rivers - D. House Jr.,1610612745,2019-20
201145-201566-201935-203463-203496,J. Green - R. Westbrook - J. Harden - B. McLemore - R. Covington,1610612745,2019-20
201935-201960-203463-203496-1627863,J. Harden - D. Carroll - B. McLemore - R. Covington - D. House Jr.,1610612745,2019-20
200782-201569-201935-203463-1628392,P. Tucker - E. Gordon - J. Harden - B. McLemore - I. Hartenstein,1610612745,2019-20
200782-201145-201935-203085-1626187,P. Tucker - J. Green - J. Harden - A. Rivers - M. Frazier,1610612745,2019-20
200782-201935-203085-1628392-1629598,P. Tucker - J. Harden - A. Rivers - I. Hartenstein - C. Clemons,1610612745,2019-20
200782-201935-201960-203085-203496,P. Tucker - J. Harden - D. Carroll - A. Rivers - R. Covington,1610612745,2019-20
201566-201569-201935-203463-1628392,R. Westbrook - E. Gordon - J. Harden - B. McLemore - I. Hartenstein,1610612745,2019-20
201566-201935-203085-203463-1627863,R. Westbrook - J. Harden - A. Rivers - B. McLemore - D. House Jr.,1610612745,2019-20
201566-201935-203463-203496-1627863,R. Westbrook - J. Harden - B. McLemore - R. Covington - D. House Jr.,1610612745,2019-20
2199-201569-201935-203085-1627863,T. Chandler - E. Gordon - J. Harden - A. Rivers - D. House Jr.,1610612745,2019-20
2199-201569-201935-203463-1627863,T. Chandler - E. Gordon - J. Harden - B. McLemore - D. House Jr.,1610612745,2019-20
2199-200782-201569-201935-1627863,T. Chandler - P. Tucker - E. Gordon - J. Harden - D. House Jr.,1610612745,2019-20
2199-200782-201935-203463-1629598,T. Chandler - P. Tucker - J. Harden - B. McLemore - C. Clemons,1610612745,2019-20
2199-201566-201569-201935-203463,T. Chandler - R. Westbrook - E. Gordon - J. Harden - B. McLemore,1610612745,2019-20
200757-201569-201935-203991-1629598,T. Sefolosha - E. Gordon - J. Harden - C. Capela - C. Clemons,1610612745,2019-20
200757-201145-201935-203085-203463,T. Sefolosha - J. Green - J. Harden - A. Rivers - B. McLemore,1610612745,2019-20
200757-201935-203085-203463-203496,T. Sefolosha - J. Harden - A. Rivers - B. McLemore - R. Covington,1610612745,2019-20
200757-201935-203085-1628392-1629598,T. Sefolosha - J. Harden - A. Rivers - I. Hartenstein - C. Clemons,1610612745,2019-20
200757-201935-203463-203991-1627863,T. Sefolosha - J. Harden - B. McLemore - C. Capela - D. House Jr.,1610612745,2019-20
200757-201566-201935-203085-203991,T. Sefolosha - R. Westbrook - J. Harden - A. Rivers - C. Capela,1610612745,2019-20
200757-201566-201935-203085-1627863,T. Sefolosha - R. Westbrook - J. Harden - A. Rivers - D. House Jr.,1610612745,2019-20
201569-201935-203085-1627863-1628392,E. Gordon - J. Harden - A. Rivers - D. House Jr. - I. Hartenstein,1610612745,2019-20
200782-201145-201935-201960-203496,P. Tucker - J. Green - J. Harden - D. Carroll - R. Covington,1610612745,2019-20
200782-201935-203463-1627863-1628392,P. Tucker - J. Harden - B. McLemore - D. House Jr. - I. Hartenstein,1610612745,2019-20
200782-201935-203463-1628392-1629598,P. Tucker - J. Harden - B. McLemore - I. Hartenstein - C. Clemons,1610612745,2019-20
201566-201569-201935-1627863-1628392,R. Westbrook - E. Gordon - J. Harden - D. House Jr. - I. Hartenstein,1610612745,2019-20
201566-201935-203085-203463-203991,R. Westbrook - J. Harden - A. Rivers - B. McLemore - C. Capela,1610612745,2019-20
201566-201935-203463-1629109-1629598,R. Westbrook - J. Harden - B. McLemore - G. Clark - C. Clemons,1610612745,2019-20
2199-200782-201935-203463-1627863,T. Chandler - P. Tucker - J. Harden - B. McLemore - D. House Jr.,1610612745,2019-20
200757-201935-203085-1627863-1628392,T. Sefolosha - J. Harden - A. Rivers - D. House Jr. - I. Hartenstein,1610612745,2019-20
200757-201935-203463-1626187-1627863,T. Sefolosha - J. Harden - B. McLemore - M. Frazier - D. House Jr.,1610612745,2019-20
200757-200782-201566-201935-203085,T. Sefolosha - P. Tucker - R. Westbrook - J. Harden - A. Rivers,1610612745,2019-20
101108-200782-201569-201935-203991,C. Paul - P. Tucker - E. Gordon - J. Harden - C. Capela,1610612745,2018-19
101108-200782-201935-203516-203991,C. Paul - P. Tucker - J. Harden - J. Ennis III - C. Capela,1610612745,2018-19
200782-201569-201935-203991-1627863,P. Tucker - E. Gordon - J. Harden - C. Capela - D. House Jr.,1610612745,2018-19
200782-201569-201935-203516-203991,P. Tucker - E. Gordon - J. Harden - J. Ennis III - C. Capela,1610612745,2018-19
200782-201935-203085-203991-1627863,P. Tucker - J. Harden - A. Rivers - C. Capela - D. House Jr.,1610612745,2018-19
101108-200782-201569-201935-202702,C. Paul - P. Tucker - E. Gordon - J. Harden - K. Faried,1610612745,2018-19
101123-200782-201935-203085-203991,G. Green - P. Tucker - J. Harden - A. Rivers - C. Capela,1610612745,2018-19
101123-200782-201569-201935-203991,G. Green - P. Tucker - E. Gordon - J. Harden - C. Capela,1610612745,2018-19
200782-201569-201935-202702-203085,P. Tucker - E. Gordon - J. Harden - K. Faried - A. Rivers,1610612745,2018-19
2403-101123-200782-201935-203085,Nene - G. Green - P. Tucker - J. Harden - A. Rivers,1610612745,2018-19
200782-201569-201935-203085-203991,P. Tucker - E. Gordon - J. Harden - A. Rivers - C. Capela,1610612745,2018-19
101123-200782-201935-203516-203991,G. Green - P. Tucker - J. Harden - J. Ennis III - C. Capela,1610612745,2018-19
101108-200782-201935-203991-1627863,C. Paul - P. Tucker - J. Harden - C. Capela - D. House Jr.,1610612745,2018-19
2403-101108-200782-201569-201935,Nene - C. Paul - P. Tucker - E. Gordon - J. Harden,1610612745,2018-19
200782-201569-201935-203085-203516,P. Tucker - E. Gordon - J. Harden - A. Rivers - J. Ennis III,1610612745,2018-19
101108-200782-201935-203085-203991,C. Paul - P. Tucker - J. Harden - A. Rivers - C. Capela,1610612745,2018-19
101108-200782-201935-203991-1629109,C. Paul - P. Tucker - J. Harden - C. Capela - G. Clark,1610612745,2018-19
200782-201569-201935-203991-1629109,P. Tucker - E. Gordon - J. Harden - C. Capela - G. Clark,1610612745,2018-19
101123-200782-201935-203085-203516,G. Green - P. Tucker - J. Harden - A. Rivers - J. Ennis III,1610612745,2018-19
2403-200782-201569-201935-203085,Nene - P. Tucker - E. Gordon - J. Harden - A. Rivers,1610612745,2018-19
101123-200782-201935-202702-203085,G. Green - P. Tucker - J. Harden - K. Faried - A. Rivers,1610612745,2018-19
201935-202697-203085-203991-1627863,J. Harden - I. Shumpert - A. Rivers - C. Capela - D. House Jr.,1610612745,2018-19
101108-200782-201935-202697-203991,C. Paul - P. Tucker - J. Harden - I. Shumpert - C. Capela,1610612745,2018-19
200782-201569-201935-202697-203991,P. Tucker - E. Gordon - J. Harden - I. Shumpert - C. Capela,1610612745,2018-19
200782-201569-201935-202702-203516,P. Tucker - E. Gordon - J. Harden - K. Faried - J. Ennis III,1610612745,2018-19
101108-200782-201935-202702-203516,C. Paul - P. Tucker - J. Harden - K. Faried - J. Ennis III,1610612745,2018-19
2546-200782-201569-201935-203991,C. Anthony - P. Tucker - E. Gordon - J. Harden - C. Capela,1610612745,2018-19
101123-200782-201569-201935-202702,G. Green - P. Tucker - E. Gordon - J. Harden - K. Faried,1610612745,2018-19
101123-200782-201935-203991-1627863,G. Green - P. Tucker - J. Harden - C. Capela - D. House Jr.,1610612745,2018-19
2403-101123-200782-201569-201935,Nene - G. Green - P. Tucker - E. Gordon - J. Harden,1610612745,2018-19
200782-201935-202697-203991-1627863,P. Tucker - J. Harden - I. Shumpert - C. Capela - D. House Jr.,1610612745,2018-19
2403-200782-201935-203085-1627863,Nene - P. Tucker - J. Harden - A. Rivers - D. House Jr.,1610612745,2018-19
200782-201935-202702-203085-203516,P. Tucker - J. Harden - K. Faried - A. Rivers - J. Ennis III,1610612745,2018-19
101123-201569-201935-203991-1627863,G. Green - E. Gordon - J. Harden - C. Capela - D. House Jr.,1610612745,2018-19
101123-201935-202697-202702-203085,G. Green - J. Harden - I. Shumpert - K. Faried - A. Rivers,1610612745,2018-19
2546-101108-200782-201935-203991,C. Anthony - C. Paul - P. Tucker - J. Harden - C. Capela,1610612745,2018-19
101123-200782-201569-201935-203085,G. Green - P. Tucker - E. Gordon - J. Harden - A. Rivers,1610612745,2018-19
101123-200782-201935-203516-1629109,G. Green - P. Tucker - J. Harden - J. Ennis III - G. Clark,1610612745,2018-19
2546-101123-201935-203991-1629109,C. Anthony - G. Green - J. Harden - C. Capela - G. Clark,1610612745,2018-19
201569-201935-203085-203991-1627863,E. Gordon - J. Harden - A. Rivers - C. Capela - D. House Jr.,1610612745,2018-19
201569-201935-202697-203991-1627863,E. Gordon - J. Harden - I. Shumpert - C. Capela - D. House Jr.,1610612745,2018-19
201569-201935-203516-203991-1629109,E. Gordon - J. Harden - J. Ennis III - C. Capela - G. Clark,1610612745,2018-19
101123-200782-201935-203085-1629109,G. Green - P. Tucker - J. Harden - A. Rivers - G. Clark,1610612745,2018-19
101123-200782-201935-203085-203263,G. Green - P. Tucker - J. Harden - A. Rivers - J. Nunnally,1610612745,2018-19
2403-101123-200782-201935-1627863,Nene - G. Green - P. Tucker - J. Harden - D. House Jr.,1610612745,2018-19
200782-201569-201935-1628392-1629109,P. Tucker - E. Gordon - J. Harden - I. Hartenstein - G. Clark,1610612745,2018-19
101108-101123-201569-201935-203991,C. Paul - G. Green - E. Gordon - J. Harden - C. Capela,1610612745,2018-19
101123-200782-201935-202702-203516,G. Green - P. Tucker - J. Harden - K. Faried - J. Ennis III,1610612745,2018-19
2403-101123-201935-203085-203516,Nene - G. Green - J. Harden - A. Rivers - J. Ennis III,1610612745,2018-19
2546-101108-200782-201569-201935,C. Anthony - C. Paul - P. Tucker - E. Gordon - J. Harden,1610612745,2018-19
101108-200782-201569-201935-1629109,C. Paul - P. Tucker - E. Gordon - J. Harden - G. Clark,1610612745,2018-19
201569-201935-203516-203991-1627863,E. Gordon - J. Harden - J. Ennis III - C. Capela - D. House Jr.,1610612745,2018-19
200782-201935-202697-202702-203085,P. Tucker - J. Harden - I. Shumpert - K. Faried - A. Rivers,1610612745,2018-19
2546-101123-201569-201935-203991,C. Anthony - G. Green - E. Gordon - J. Harden - C. Capela,1610612745,2018-19
101108-201569-201935-203516-203991,C. Paul - E. Gordon - J. Harden - J. Ennis III - C. Capela,1610612745,2018-19
101123-201569-201935-1628392-1629109,G. Green - E. Gordon - J. Harden - I. Hartenstein - G. Clark,1610612745,2018-19
101123-200782-201935-203263-1629109,G. Green - P. Tucker - J. Harden - J. Nunnally - G. Clark,1610612745,2018-19
2403-200782-201935-203085-203516,Nene - P. Tucker - J. Harden - A. Rivers - J. Ennis III,1610612745,2018-19
2546-101123-200782-201935-1628392,C. Anthony - G. Green - P. Tucker - J. Harden - I. Hartenstein,1610612745,2018-19
101108-201569-201935-203991-1627863,C. Paul - E. Gordon - J. Harden - C. Capela - D. House Jr.,1610612745,2018-19
101108-101123-200782-201935-203991,C. Paul - G. Green - P. Tucker - J. Harden - C. Capela,1610612745,2018-19
101108-200782-201935-202702-203991,C. Paul - P. Tucker - J. Harden - K. Faried - C. Capela,1610612745,2018-19
101123-201935-203991-1627863-1629109,G. Green - J. Harden - C. Capela - D. House Jr. - G. Clark,1610612745,2018-19
2403-101123-201935-203085-1627863,Nene - G. Green - J. Harden - A. Rivers - D. House Jr.,1610612745,2018-19
2546-200782-201569-201935-203487,C. Anthony - P. Tucker - E. Gordon - J. Harden - M. Carter-Williams,1610612745,2018-19
101123-201935-203085-203991-1627863,G. Green - J. Harden - A. Rivers - C. Capela - D. House Jr.,1610612745,2018-19
2403-101123-201569-201935-203085,Nene - G. Green - E. Gordon - J. Harden - A. Rivers,1610612745,2018-19
2403-101123-201935-202697-1627863,Nene - G. Green - J. Harden - I. Shumpert - D. House Jr.,1610612745,2018-19
2403-101123-200782-201935-202697,Nene - G. Green - P. Tucker - J. Harden - I. Shumpert,1610612745,2018-19
2403-201935-202697-203085-1627863,Nene - J. Harden - I. Shumpert - A. Rivers - D. House Jr.,1610612745,2018-19
2403-200782-201569-201935-1627863,Nene - P. Tucker - E. Gordon - J. Harden - D. House Jr.,1610612745,2018-19
2546-201569-201935-203487-203991,C. Anthony - E. Gordon - J. Harden - M. Carter-Williams - C. Capela,1610612745,2018-19
2546-101123-201935-1628392-1629109,C. Anthony - G. Green - J. Harden - I. Hartenstein - G. Clark,1610612745,2018-19
2546-101123-200782-201935-203487,C. Anthony - G. Green - P. Tucker - J. Harden - M. Carter-Williams,1610612745,2018-19
101108-101123-201935-203085-203991,C. Paul - G. Green - J. Harden - A. Rivers - C. Capela,1610612745,2018-19
101108-101123-201935-203991-1627863,C. Paul - G. Green - J. Harden - C. Capela - D. House Jr.,1610612745,2018-19
101108-200782-201569-201935-203516,C. Paul - P. Tucker - E. Gordon - J. Harden - J. Ennis III,1610612745,2018-19
201569-201935-203516-1628392-1629109,E. Gordon - J. Harden - J. Ennis III - I. Hartenstein - G. Clark,1610612745,2018-19
101123-201935-202697-203085-1628392,G. Green - J. Harden - I. Shumpert - A. Rivers - I. Hartenstein,1610612745,2018-19
101123-200782-201935-203085-1627863,G. Green - P. Tucker - J. Harden - A. Rivers - D. House Jr.,1610612745,2018-19
201935-202697-202702-203085-1627863,J. Harden - I. Shumpert - K. Faried - A. Rivers - D. House Jr.,1610612745,2018-19
2403-101123-201569-201935-1627863,Nene - G. Green - E. Gordon - J. Harden - D. House Jr.,1610612745,2018-19
2403-101123-201935-1627863-1629109,Nene - G. Green - J. Harden - D. House Jr. - G. Clark,1610612745,2018-19
2403-101123-201935-202697-203085,Nene - G. Green - J. Harden - I. Shumpert - A. Rivers,1610612745,2018-19
200782-201569-201935-203085-1629109,P. Tucker - E. Gordon - J. Harden - A. Rivers - G. Clark,1610612745,2018-19
200782-201569-201935-202688-203991,P. Tucker - E. Gordon - J. Harden - B. Knight - C. Capela,1610612745,2018-19
200782-201569-201935-202697-202702,P. Tucker - E. Gordon - J. Harden - I. Shumpert - K. Faried,1610612745,2018-19
200782-201935-203991-1627863-1629109,P. Tucker - J. Harden - C. Capela - D. House Jr. - G. Clark,1610612745,2018-19
200782-201935-1627863-1628392-1629109,P. Tucker - J. Harden - D. House Jr. - I. Hartenstein - G. Clark,1610612745,2018-19
200782-201935-202697-203085-203991,P. Tucker - J. Harden - I. Shumpert - A. Rivers - C. Capela,1610612745,2018-19
2546-101108-200782-201935-1629109,C. Anthony - C. Paul - P. Tucker - J. Harden - G. Clark,1610612745,2018-19
2546-101123-200782-201569-201935,C. Anthony - G. Green - P. Tucker - E. Gordon - J. Harden,1610612745,2018-19
2546-101123-200782-201935-203991,C. Anthony - G. Green - P. Tucker - J. Harden - C. Capela,1610612745,2018-19
101108-101123-201935-203085-1629109,C. Paul - G. Green - J. Harden - A. Rivers - G. Clark,1610612745,2018-19
101108-101123-201935-203991-1629109,C. Paul - G. Green - J. Harden - C. Capela - G. Clark,1610612745,2018-19
101108-101123-201935-202697-202702,C. Paul - G. Green - J. Harden - I. Shumpert - K. Faried,1610612745,2018-19
101108-200782-201935-203516-1628392,C. Paul - P. Tucker - J. Harden - J. Ennis III - I. Hartenstein,1610612745,2018-19
201569-201935-202702-203085-203991,E. Gordon - J. Harden - K. Faried - A. Rivers - C. Capela,1610612745,2018-19
101123-201935-203085-203991-1629109,G. Green - J. Harden - A. Rivers - C. Capela - G. Clark,1610612745,2018-19
2403-101123-201935-203085-1629109,Nene - G. Green - J. Harden - A. Rivers - G. Clark,1610612745,2018-19
2403-200782-201935-203085-1629109,Nene - P. Tucker - J. Harden - A. Rivers - G. Clark,1610612745,2018-19
200782-201935-203487-203516-203991,P. Tucker - J. Harden - M. Carter-Williams - J. Ennis III - C. Capela,1610612745,2018-19
2546-200782-201569-201935-1628392,C. Anthony - P. Tucker - E. Gordon - J. Harden - I. Hartenstein,1610612745,2018-19
101108-101123-201569-201935-202702,C. Paul - G. Green - E. Gordon - J. Harden - K. Faried,1610612745,2018-19
101108-101123-200782-201935-202702,C. Paul - G. Green - P. Tucker - J. Harden - K. Faried,1610612745,2018-19
101108-201935-203516-203991-1627863,C. Paul - J. Harden - J. Ennis III - C. Capela - D. House Jr.,1610612745,2018-19
201569-201935-202702-203085-203516,E. Gordon - J. Harden - K. Faried - A. Rivers - J. Ennis III,1610612745,2018-19
101123-201569-201935-203085-203991,G. Green - E. Gordon - J. Harden - A. Rivers - C. Capela,1610612745,2018-19
101123-201569-201935-203991-1629109,G. Green - E. Gordon - J. Harden - C. Capela - G. Clark,1610612745,2018-19
101123-201935-203516-203991-1629109,G. Green - J. Harden - J. Ennis III - C. Capela - G. Clark,1610612745,2018-19
101123-201935-202702-203085-203516,G. Green - J. Harden - K. Faried - A. Rivers - J. Ennis III,1610612745,2018-19
101123-200782-201569-201935-1629109,G. Green - P. Tucker - E. Gordon - J. Harden - G. Clark,1610612745,2018-19
101123-200782-201935-203516-1627863,G. Green - P. Tucker - J. Harden - J. Ennis III - D. House Jr.,1610612745,2018-19
2403-101108-101123-201935-203085,Nene - C. Paul - G. Green - J. Harden - A. Rivers,1610612745,2018-19
2403-101108-201935-202697-1627863,Nene - C. Paul - J. Harden - I. Shumpert - D. House Jr.,1610612745,2018-19
2403-101108-200782-201935-1627863,Nene - C. Paul - P. Tucker - J. Harden - D. House Jr.,1610612745,2018-19
2403-201569-201935-203085-203516,Nene - E. Gordon - J. Harden - A. Rivers - J. Ennis III,1610612745,2018-19
2403-101123-201935-202688-1627863,Nene - G. Green - J. Harden - B. Knight - D. House Jr.,1610612745,2018-19
2403-101123-200782-201935-203516,Nene - G. Green - P. Tucker - J. Harden - J. Ennis III,1610612745,2018-19
2403-200782-201569-201935-203516,Nene - P. Tucker - E. Gordon - J. Harden - J. Ennis III,1610612745,2018-19
2403-200782-201935-202688-1627863,Nene - P. Tucker - J. Harden - B. Knight - D. House Jr.,1610612745,2018-19
2403-200782-201935-202697-1627863,Nene - P. Tucker - J. Harden - I. Shumpert - D. House Jr.,1610612745,2018-19
200782-201569-201935-203516-1629109,P. Tucker - E. Gordon - J. Harden - J. Ennis III - G. Clark,1610612745,2018-19
200782-201569-201935-203487-203991,P. Tucker - E. Gordon - J. Harden - M. Carter-Williams - C. Capela,1610612745,2018-19
200782-201935-203085-203516-1627737,P. Tucker - J. Harden - A. Rivers - J. Ennis III - M. Chriss,1610612745,2018-19
2546-101123-201935-203487-1628392,C. Anthony - G. Green - J. Harden - M. Carter-Williams - I. Hartenstein,1610612745,2018-19
101108-201935-203085-203991-1629109,C. Paul - J. Harden - A. Rivers - C. Capela - G. Clark,1610612745,2018-19
101108-200782-201569-201935-202697,C. Paul - P. Tucker - E. Gordon - J. Harden - I. Shumpert,1610612745,2018-19
101123-200782-201569-201935-203516,G. Green - P. Tucker - E. Gordon - J. Harden - J. Ennis III,1610612745,2018-19
101123-200782-201935-203991-1629109,G. Green - P. Tucker - J. Harden - C. Capela - G. Clark,1610612745,2018-19
2403-101123-201569-201935-1629109,Nene - G. Green - E. Gordon - J. Harden - G. Clark,1610612745,2018-19
2403-200782-201569-201935-202688,Nene - P. Tucker - E. Gordon - J. Harden - B. Knight,1610612745,2018-19
200782-201935-202697-203085-1627863,P. Tucker - J. Harden - I. Shumpert - A. Rivers - D. House Jr.,1610612745,2018-19
2772-101108-200782-201935-203991,T. Ariza - C. Paul - P. Tucker - J. Harden - C. Capela,1610612745,2017-18
2772-201569-201583-201935-203991,T. Ariza - E. Gordon - R. Anderson - J. Harden - C. Capela,1610612745,2017-18
2772-101108-201583-201935-203991,T. Ariza - C. Paul - R. Anderson - J. Harden - C. Capela,1610612745,2017-18
2772-200782-201569-201935-203991,T. Ariza - P. Tucker - E. Gordon - J. Harden - C. Capela,1610612745,2017-18
101108-200782-201601-201935-203991,C. Paul - P. Tucker - L. Mbah a Moute - J. Harden - C. Capela,1610612745,2017-18
200782-201569-201601-201935-203991,P. Tucker - E. Gordon - L. Mbah a Moute - J. Harden - C. Capela,1610612745,2017-18
2403-200782-201569-201601-201935,Nene - P. Tucker - E. Gordon - L. Mbah a Moute - J. Harden,1610612745,2017-18
101108-201583-201601-201935-203991,C. Paul - R. Anderson - L. Mbah a Moute - J. Harden - C. Capela,1610612745,2017-18
2772-201569-201601-201935-203991,T. Ariza - E. Gordon - L. Mbah a Moute - J. Harden - C. Capela,1610612745,2017-18
2403-2772-200782-201601-201935,Nene - T. Ariza - P. Tucker - L. Mbah a Moute - J. Harden,1610612745,2017-18
2772-200782-201569-201583-201935,T. Ariza - P. Tucker - E. Gordon - R. Anderson - J. Harden,1610612745,2017-18
2403-2772-200782-201569-201935,Nene - T. Ariza - P. Tucker - E. Gordon - J. Harden,1610612745,2017-18
201569-201583-201601-201935-203991,E. Gordon - R. Anderson - L. Mbah a Moute - J. Harden - C. Capela,1610612745,2017-18
2403-2772-201569-201583-201935,Nene - T. Ariza - E. Gordon - R. Anderson - J. Harden,1610612745,2017-18
2772-101123-200782-201935-203991,T. Ariza - G. Green - P. Tucker - J. Harden - C. Capela,1610612745,2017-18
2772-200782-201601-201935-203991,T. Ariza - P. Tucker - L. Mbah a Moute - J. Harden - C. Capela,1610612745,2017-18
2772-101108-200782-201583-201935,T. Ariza - C. Paul - P. Tucker - R. Anderson - J. Harden,1610612745,2017-18
200782-201569-201583-201601-201935,P. Tucker - E. Gordon - R. Anderson - L. Mbah a Moute - J. Harden,1610612745,2017-18
2772-201583-201601-201935-203991,T. Ariza - R. Anderson - L. Mbah a Moute - J. Harden - C. Capela,1610612745,2017-18
2772-200782-201569-201601-201935,T. Ariza - P. Tucker - E. Gordon - L. Mbah a Moute - J. Harden,1610612745,2017-18
101108-200782-201569-201601-201935,C. Paul - P. Tucker - E. Gordon - L. Mbah a Moute - J. Harden,1610612745,2017-18
101108-200782-201569-201935-203991,C. Paul - P. Tucker - E. Gordon - J. Harden - C. Capela,1610612745,2017-18
2772-101108-201569-201935-203991,T. Ariza - C. Paul - E. Gordon - J. Harden - C. Capela,1610612745,2017-18
2772-200782-201583-201935-203991,T. Ariza - P. Tucker - R. Anderson - J. Harden - C. Capela,1610612745,2017-18
2403-200782-201583-201601-201935,Nene - P. Tucker - R. Anderson - L. Mbah a Moute - J. Harden,1610612745,2017-18
2772-101108-200782-201569-201935,T. Ariza - C. Paul - P. Tucker - E. Gordon - J. Harden,1610612745,2017-18
2772-200782-201601-201935-204028,T. Ariza - P. Tucker - L. Mbah a Moute - J. Harden - T. Black,1610612745,2017-18
101123-200782-201601-201935-203991,G. Green - P. Tucker - L. Mbah a Moute - J. Harden - C. Capela,1610612745,2017-18
2772-101108-200782-201935-204028,T. Ariza - C. Paul - P. Tucker - J. Harden - T. Black,1610612745,2017-18
2403-101123-200782-201601-201935,Nene - G. Green - P. Tucker - L. Mbah a Moute - J. Harden,1610612745,2017-18
2772-200782-201583-201601-201935,T. Ariza - P. Tucker - R. Anderson - L. Mbah a Moute - J. Harden,1610612745,2017-18
2772-101108-200782-201601-201935,T. Ariza - C. Paul - P. Tucker - L. Mbah a Moute - J. Harden,1610612745,2017-18
2207-2403-201569-201601-201935,J. Johnson - Nene - E. Gordon - L. Mbah a Moute - J. Harden,1610612745,2017-18
200782-201569-201583-201935-203991,P. Tucker - E. Gordon - R. Anderson - J. Harden - C. Capela,1610612745,2017-18
200782-201583-201601-201935-203991,P. Tucker - R. Anderson - L. Mbah a Moute - J. Harden - C. Capela,1610612745,2017-18
2403-101108-200782-201601-201935,Nene - C. Paul - P. Tucker - L. Mbah a Moute - J. Harden,1610612745,2017-18
2403-201569-201583-201601-201935,Nene - E. Gordon - R. Anderson - L. Mbah a Moute - J. Harden,1610612745,2017-18
200782-201569-201601-201935-204028,P. Tucker - E. Gordon - L. Mbah a Moute - J. Harden - T. Black,1610612745,2017-18
2772-200782-201569-201935-204028,T. Ariza - P. Tucker - E. Gordon - J. Harden - T. Black,1610612745,2017-18
101123-201583-201601-201935-203991,G. Green - R. Anderson - L. Mbah a Moute - J. Harden - C. Capela,1610612745,2017-18
2207-2403-101123-201601-201935,J. Johnson - Nene - G. Green - L. Mbah a Moute - J. Harden,1610612745,2017-18
2207-2772-200782-201935-203991,J. Johnson - T. Ariza - P. Tucker - J. Harden - C. Capela,1610612745,2017-18
2403-2772-200782-201583-201935,Nene - T. Ariza - P. Tucker - R. Anderson - J. Harden,1610612745,2017-18
2207-2772-200782-201569-201935,J. Johnson - T. Ariza - P. Tucker - E. Gordon - J. Harden,1610612745,2017-18
2403-101123-201569-201583-201935,Nene - G. Green - E. Gordon - R. Anderson - J. Harden,1610612745,2017-18
2403-2772-101108-200782-201935,Nene - T. Ariza - C. Paul - P. Tucker - J. Harden,1610612745,2017-18
2772-201569-201601-201935-204028,T. Ariza - E. Gordon - L. Mbah a Moute - J. Harden - T. Black,1610612745,2017-18
2772-201569-201583-201935-204028,T. Ariza - E. Gordon - R. Anderson - J. Harden - T. Black,1610612745,2017-18
101108-200782-201569-201583-201935,C. Paul - P. Tucker - E. Gordon - R. Anderson - J. Harden,1610612745,2017-18
101123-200782-201583-201935-203991,G. Green - P. Tucker - R. Anderson - J. Harden - C. Capela,1610612745,2017-18
2207-201569-201583-201601-201935,J. Johnson - E. Gordon - R. Anderson - L. Mbah a Moute - J. Harden,1610612745,2017-18
2403-101123-200782-201583-201935,Nene - G. Green - P. Tucker - R. Anderson - J. Harden,1610612745,2017-18
2207-101123-201583-201601-201935,J. Johnson - G. Green - R. Anderson - L. Mbah a Moute - J. Harden,1610612745,2017-18
2207-200782-201601-201935-203991,J. Johnson - P. Tucker - L. Mbah a Moute - J. Harden - C. Capela,1610612745,2017-18
2772-101108-201601-201935-203991,T. Ariza - C. Paul - L. Mbah a Moute - J. Harden - C. Capela,1610612745,2017-18
2772-101108-201583-201935-204028,T. Ariza - C. Paul - R. Anderson - J. Harden - T. Black,1610612745,2017-18
101123-201569-201583-201935-203991,G. Green - E. Gordon - R. Anderson - J. Harden - C. Capela,1610612745,2017-18
2207-201148-201583-201601-201935,J. Johnson - B. Wright - R. Anderson - L. Mbah a Moute - J. Harden,1610612745,2017-18
2403-101108-200782-201569-201935,Nene - C. Paul - P. Tucker - E. Gordon - J. Harden,1610612745,2017-18
2403-101123-200782-201569-201935,Nene - G. Green - P. Tucker - E. Gordon - J. Harden,1610612745,2017-18
2403-2772-101108-201583-201935,Nene - T. Ariza - C. Paul - R. Anderson - J. Harden,1610612745,2017-18
2772-200782-201935-204028-1627362,T. Ariza - P. Tucker - J. Harden - T. Black - B. Weber,1610612745,2017-18
101108-201569-201601-201935-203991,C. Paul - E. Gordon - L. Mbah a Moute - J. Harden - C. Capela,1610612745,2017-18
2207-2403-2772-101123-201935,J. Johnson - Nene - T. Ariza - G. Green - J. Harden,1610612745,2017-18
2207-201583-201601-201935-203991,J. Johnson - R. Anderson - L. Mbah a Moute - J. Harden - C. Capela,1610612745,2017-18
2772-101123-201569-201935-203991,T. Ariza - G. Green - E. Gordon - J. Harden - C. Capela,1610612745,2017-18
101108-200782-201569-201935-204028,C. Paul - P. Tucker - E. Gordon - J. Harden - T. Black,1610612745,2017-18
101123-201569-201583-201935-204028,G. Green - E. Gordon - R. Anderson - J. Harden - T. Black,1610612745,2017-18
101123-200782-201569-201583-201935,G. Green - P. Tucker - E. Gordon - R. Anderson - J. Harden,1610612745,2017-18
101123-200782-201583-201601-201935,G. Green - P. Tucker - R. Anderson - L. Mbah a Moute - J. Harden,1610612745,2017-18
2207-101123-201583-201935-203991,J. Johnson - G. Green - R. Anderson - J. Harden - C. Capela,1610612745,2017-18
2207-2403-201583-201601-201935,J. Johnson - Nene - R. Anderson - L. Mbah a Moute - J. Harden,1610612745,2017-18
2207-2772-101108-201935-203991,J. Johnson - T. Ariza - C. Paul - J. Harden - C. Capela,1610612745,2017-18
2403-2772-201569-201601-201935,Nene - T. Ariza - E. Gordon - L. Mbah a Moute - J. Harden,1610612745,2017-18
2403-2772-200782-201935-1627362,Nene - T. Ariza - P. Tucker - J. Harden - B. Weber,1610612745,2017-18
2772-101108-201569-201583-201935,T. Ariza - C. Paul - E. Gordon - R. Anderson - J. Harden,1610612745,2017-18
101123-201569-201583-201601-201935,G. Green - E. Gordon - R. Anderson - L. Mbah a Moute - J. Harden,1610612745,2017-18
2207-101123-200782-201583-201935,J. Johnson - G. Green - P. Tucker - R. Anderson - J. Harden,1610612745,2017-18
2207-2403-101123-201569-201935,J. Johnson - Nene - G. Green - E. Gordon - J. Harden,1610612745,2017-18
2207-2772-101108-201601-201935,J. Johnson - T. Ariza - C. Paul - L. Mbah a Moute - J. Harden,1610612745,2017-18
2207-2772-101123-201583-201935,J. Johnson - T. Ariza - G. Green - R. Anderson - J. Harden,1610612745,2017-18
2403-2772-101108-201569-201935,Nene - T. Ariza - C. Paul - E. Gordon - J. Harden,1610612745,2017-18
200782-201569-201583-201935-204028,P. Tucker - E. Gordon - R. Anderson - J. Harden - T. Black,1610612745,2017-18
200782-201583-201601-201935-204028,P. Tucker - R. Anderson - L. Mbah a Moute - J. Harden - T. Black,1610612745,2017-18
2772-101123-200782-201935-204028,T. Ariza - G. Green - P. Tucker - J. Harden - T. Black,1610612745,2017-18
101108-101123-201583-201935-203991,C. Paul - G. Green - R. Anderson - J. Harden - C. Capela,1610612745,2017-18
101108-200782-201601-201935-204028,C. Paul - P. Tucker - L. Mbah a Moute - J. Harden - T. Black,1610612745,2017-18
101108-200782-201583-201935-203991,C. Paul - P. Tucker - R. Anderson - J. Harden - C. Capela,1610612745,2017-18
101123-200782-201569-201935-203991,G. Green - P. Tucker - E. Gordon - J. Harden - C. Capela,1610612745,2017-18
101123-200782-201569-201935-204028,G. Green - P. Tucker - E. Gordon - J. Harden - T. Black,1610612745,2017-18
101123-200782-201935-204028-1627362,G. Green - P. Tucker - J. Harden - T. Black - B. Weber,1610612745,2017-18
2207-2772-201601-201935-203991,J. Johnson - T. Ariza - L. Mbah a Moute - J. Harden - C. Capela,1610612745,2017-18
2403-101123-201569-201601-201935,Nene - G. Green - E. Gordon - L. Mbah a Moute - J. Harden,1610612745,2017-18
2403-200782-201569-201583-201935,Nene - P. Tucker - E. Gordon - R. Anderson - J. Harden,1610612745,2017-18
2403-2772-200782-201628-201935,Nene - T. Ariza - P. Tucker - B. Brown - J. Harden,1610612745,2017-18
2403-2772-201583-201601-201935,Nene - T. Ariza - R. Anderson - L. Mbah a Moute - J. Harden,1610612745,2017-18
2772-201569-201583-201601-201935,T. Ariza - E. Gordon - R. Anderson - L. Mbah a Moute - J. Harden,1610612745,2017-18
2772-101123-201601-201935-203991,T. Ariza - G. Green - L. Mbah a Moute - J. Harden - C. Capela,1610612745,2017-18
2772-101123-200782-201569-201935,T. Ariza - G. Green - P. Tucker - E. Gordon - J. Harden,1610612745,2017-18
2772-101123-200782-201601-201935,T. Ariza - G. Green - P. Tucker - L. Mbah a Moute - J. Harden,1610612745,2017-18
101108-201569-201583-201935-203991,C. Paul - E. Gordon - R. Anderson - J. Harden - C. Capela,1610612745,2017-18
101108-200782-201583-201601-201935,C. Paul - P. Tucker - R. Anderson - L. Mbah a Moute - J. Harden,1610612745,2017-18
2207-101108-201583-201935-203991,J. Johnson - C. Paul - R. Anderson - J. Harden - C. Capela,1610612745,2017-18
2207-101123-201583-201935-204028,J. Johnson - G. Green - R. Anderson - J. Harden - T. Black,1610612745,2017-18
2207-2403-2772-201601-201935,J. Johnson - Nene - T. Ariza - L. Mbah a Moute - J. Harden,1610612745,2017-18
2207-2772-201583-201601-201935,J. Johnson - T. Ariza - R. Anderson - L. Mbah a Moute - J. Harden,1610612745,2017-18
2403-2772-101108-201601-201935,Nene - T. Ariza - C. Paul - L. Mbah a Moute - J. Harden,1610612745,2017-18
2403-2772-200782-201935-1627753,Nene - T. Ariza - P. Tucker - J. Harden - Zhou,1610612745,2017-18
200782-201569-201583-201628-201935,P. Tucker - E. Gordon - R. Anderson - B. Brown - J. Harden,1610612745,2017-18
200782-201583-201628-201935-204028,P. Tucker - R. Anderson - B. Brown - J. Harden - T. Black,1610612745,2017-18
200782-201583-201601-201628-201935,P. Tucker - R. Anderson - L. Mbah a Moute - B. Brown - J. Harden,1610612745,2017-18
2772-101108-201569-201935-204028,T. Ariza - C. Paul - E. Gordon - J. Harden - T. Black,1610612745,2017-18
2772-101108-101123-200782-201935,T. Ariza - C. Paul - G. Green - P. Tucker - J. Harden,1610612745,2017-18
2772-101108-201583-201601-201935,T. Ariza - C. Paul - R. Anderson - L. Mbah a Moute - J. Harden,1610612745,2017-18
2772-200782-201935-204028-1627753,T. Ariza - P. Tucker - J. Harden - T. Black - Zhou,1610612745,2017-18
2772-201583-201935-201976-203991,T. Ariza - R. Anderson - J. Harden - P. Beverley - C. Capela,1610612745,2016-17
2772-201569-201583-201935-203991,T. Ariza - E. Gordon - R. Anderson - J. Harden - C. Capela,1610612745,2016-17
2772-201583-201935-201976-1626149,T. Ariza - R. Anderson - J. Harden - P. Beverley - M. Harrell,1610612745,2016-17
2403-2772-201569-201583-201935,Nene - T. Ariza - E. Gordon - R. Anderson - J. Harden,1610612745,2016-17
2772-201569-201583-201935-1626149,T. Ariza - E. Gordon - R. Anderson - J. Harden - M. Harrell,1610612745,2016-17
2403-2772-201583-201935-201976,Nene - T. Ariza - R. Anderson - J. Harden - P. Beverley,1610612745,2016-17
2403-2772-201569-201935-1626155,Nene - T. Ariza - E. Gordon - J. Harden - S. Dekker,1610612745,2016-17
2772-201569-201935-201976-203991,T. Ariza - E. Gordon - J. Harden - P. Beverley - C. Capela,1610612745,2016-17
2772-201569-201935-1626149-1626155,T. Ariza - E. Gordon - J. Harden - M. Harrell - S. Dekker,1610612745,2016-17
2403-2772-101150-201569-201935,Nene - T. Ariza - L. Williams - E. Gordon - J. Harden,1610612745,2016-17
2403-2772-201569-201935-201976,Nene - T. Ariza - E. Gordon - J. Harden - P. Beverley,1610612745,2016-17
2772-201147-201583-201935-203991,T. Ariza - C. Brewer - R. Anderson - J. Harden - C. Capela,1610612745,2016-17
2772-201569-201583-201935-201976,T. Ariza - E. Gordon - R. Anderson - J. Harden - P. Beverley,1610612745,2016-17
2772-201147-201583-201935-1626149,T. Ariza - C. Brewer - R. Anderson - J. Harden - M. Harrell,1610612745,2016-17
2772-201569-201935-203991-1626155,T. Ariza - E. Gordon - J. Harden - C. Capela - S. Dekker,1610612745,2016-17
2403-101150-201569-201935-1626155,Nene - L. Williams - E. Gordon - J. Harden - S. Dekker,1610612745,2016-17
2772-101150-201569-201935-203991,T. Ariza - L. Williams - E. Gordon - J. Harden - C. Capela,1610612745,2016-17
2772-201569-201935-201976-1626149,T. Ariza - E. Gordon - J. Harden - P. Beverley - M. Harrell,1610612745,2016-17
2772-201583-201935-203991-1626155,T. Ariza - R. Anderson - J. Harden - C. Capela - S. Dekker,1610612745,2016-17
2403-201147-201569-201935-1626155,Nene - C. Brewer - E. Gordon - J. Harden - S. Dekker,1610612745,2016-17
2772-101150-201569-201935-1626149,T. Ariza - L. Williams - E. Gordon - J. Harden - M. Harrell,1610612745,2016-17
2403-2772-201147-201935-1626155,Nene - T. Ariza - C. Brewer - J. Harden - S. Dekker,1610612745,2016-17
2403-2772-201147-201583-201935,Nene - T. Ariza - C. Brewer - R. Anderson - J. Harden,1610612745,2016-17
2772-201935-201976-1626149-1626155,T. Ariza - J. Harden - P. Beverley - M. Harrell - S. Dekker,1610612745,2016-17
2772-201147-201935-201976-1626149,T. Ariza - C. Brewer - J. Harden - P. Beverley - M. Harrell,1610612745,2016-17
2403-201147-201935-203909-1626155,Nene - C. Brewer - J. Harden - K. McDaniels - S. Dekker,1610612745,2016-17
2403-201147-201583-201935-1626155,Nene - C. Brewer - R. Anderson - J. Harden - S. Dekker,1610612745,2016-17
2403-2772-101150-201935-1626155,Nene - T. Ariza - L. Williams - J. Harden - S. Dekker,1610612745,2016-17
201147-201569-201935-1626149-1626155,C. Brewer - E. Gordon - J. Harden - M. Harrell - S. Dekker,1610612745,2016-17
2403-2772-201583-201935-203909,Nene - T. Ariza - R. Anderson - J. Harden - K. McDaniels,1610612745,2016-17
2403-2772-201583-201935-1626155,Nene - T. Ariza - R. Anderson - J. Harden - S. Dekker,1610612745,2016-17
2772-101150-201935-1626149-1626155,T. Ariza - L. Williams - J. Harden - M. Harrell - S. Dekker,1610612745,2016-17
2772-201583-201935-203909-203991,T. Ariza - R. Anderson - J. Harden - K. McDaniels - C. Capela,1610612745,2016-17
2403-2772-201147-201569-201935,Nene - T. Ariza - C. Brewer - E. Gordon - J. Harden,1610612745,2016-17
2772-201147-201935-1626149-1626155,T. Ariza - C. Brewer - J. Harden - M. Harrell - S. Dekker,1610612745,2016-17
201147-201569-201935-203991-1626155,C. Brewer - E. Gordon - J. Harden - C. Capela - S. Dekker,1610612745,2016-17
201569-201935-201976-1626149-1626155,E. Gordon - J. Harden - P. Beverley - M. Harrell - S. Dekker,1610612745,2016-17
201569-201583-201935-201976-203991,E. Gordon - R. Anderson - J. Harden - P. Beverley - C. Capela,1610612745,2016-17
2772-101150-201935-203991-1626155,T. Ariza - L. Williams - J. Harden - C. Capela - S. Dekker,1610612745,2016-17
2403-201569-201583-201935-201976,Nene - E. Gordon - R. Anderson - J. Harden - P. Beverley,1610612745,2016-17
2403-101150-201569-201583-201935,Nene - L. Williams - E. Gordon - R. Anderson - J. Harden,1610612745,2016-17
2772-201569-201583-201935-1626155,T. Ariza - E. Gordon - R. Anderson - J. Harden - S. Dekker,1610612745,2016-17
201583-201935-201976-203991-1627786,R. Anderson - J. Harden - P. Beverley - C. Capela - T. Williams,1610612745,2016-17
2772-201147-201583-201935-1626155,T. Ariza - C. Brewer - R. Anderson - J. Harden - S. Dekker,1610612745,2016-17
2772-201569-201935-1626149-1627786,T. Ariza - E. Gordon - J. Harden - M. Harrell - T. Williams,1610612745,2016-17
201147-201583-201935-1626149-1626155,C. Brewer - R. Anderson - J. Harden - M. Harrell - S. Dekker,1610612745,2016-17
2403-201569-201935-203909-1626155,Nene - E. Gordon - J. Harden - K. McDaniels - S. Dekker,1610612745,2016-17
2403-2772-101150-201935-201976,Nene - T. Ariza - L. Williams - J. Harden - P. Beverley,1610612745,2016-17
2772-201147-201569-201583-201935,T. Ariza - C. Brewer - E. Gordon - R. Anderson - J. Harden,1610612745,2016-17
2772-201935-201976-203991-1626155,T. Ariza - J. Harden - P. Beverley - C. Capela - S. Dekker,1610612745,2016-17
2772-101150-201935-201976-203991,T. Ariza - L. Williams - J. Harden - P. Beverley - C. Capela,1610612745,2016-17
201569-201583-201935-203909-203991,E. Gordon - R. Anderson - J. Harden - K. McDaniels - C. Capela,1610612745,2016-17
2403-101150-201569-201935-1627786,Nene - L. Williams - E. Gordon - J. Harden - T. Williams,1610612745,2016-17
2403-2772-101150-201583-201935,Nene - T. Ariza - L. Williams - R. Anderson - J. Harden,1610612745,2016-17
2772-201147-201583-201935-201976,T. Ariza - C. Brewer - R. Anderson - J. Harden - P. Beverley,1610612745,2016-17
2772-101150-201583-201935-1626149,T. Ariza - L. Williams - R. Anderson - J. Harden - M. Harrell,1610612745,2016-17
2772-201583-201935-203909-1626149,T. Ariza - R. Anderson - J. Harden - K. McDaniels - M. Harrell,1610612745,2016-17
2772-201583-201935-201976-1626155,T. Ariza - R. Anderson - J. Harden - P. Beverley - S. Dekker,1610612745,2016-17
201147-201935-203909-203991-1626155,C. Brewer - J. Harden - K. McDaniels - C. Capela - S. Dekker,1610612745,2016-17
201147-201935-203909-1626149-1626155,C. Brewer - J. Harden - K. McDaniels - M. Harrell - S. Dekker,1610612745,2016-17
101150-201569-201583-201935-201976,L. Williams - E. Gordon - R. Anderson - J. Harden - P. Beverley,1610612745,2016-17
101150-201935-201976-1627778-1627786,L. Williams - J. Harden - P. Beverley - C. Onuaku - T. Williams,1610612745,2016-17
2772-201147-201935-201976-203991,T. Ariza - C. Brewer - J. Harden - P. Beverley - C. Capela,1610612745,2016-17
2772-201935-201976-1626149-1627786,T. Ariza - J. Harden - P. Beverley - M. Harrell - T. Williams,1610612745,2016-17
201147-201583-201935-201976-1626149,C. Brewer - R. Anderson - J. Harden - P. Beverley - M. Harrell,1610612745,2016-17
101150-201569-201935-203991-1626155,L. Williams - E. Gordon - J. Harden - C. Capela - S. Dekker,1610612745,2016-17
2403-2772-201147-201935-201976,Nene - T. Ariza - C. Brewer - J. Harden - P. Beverley,1610612745,2016-17
2772-201147-201569-201935-1626149,T. Ariza - C. Brewer - E. Gordon - J. Harden - M. Harrell,1610612745,2016-17
2772-201569-201583-201935-1627778,T. Ariza - E. Gordon - R. Anderson - J. Harden - C. Onuaku,1610612745,2016-17
2772-201935-201976-203991-1627786,T. Ariza - J. Harden - P. Beverley - C. Capela - T. Williams,1610612745,2016-17
2772-101150-201569-201583-201935,T. Ariza - L. Williams - E. Gordon - R. Anderson - J. Harden,1610612745,2016-17
2772-201583-201628-201935-1627778,T. Ariza - R. Anderson - B. Brown - J. Harden - C. Onuaku,1610612745,2016-17
2772-201583-201935-203898-203991,T. Ariza - R. Anderson - J. Harden - T. Ennis - C. Capela,1610612745,2016-17
101150-201628-201935-1626149-1627786,L. Williams - B. Brown - J. Harden - M. Harrell - T. Williams,1610612745,2016-17
101150-201569-201583-201935-203991,L. Williams - E. Gordon - R. Anderson - J. Harden - C. Capela,1610612745,2016-17
101150-201583-201628-201935-203991,L. Williams - R. Anderson - B. Brown - J. Harden - C. Capela,1610612745,2016-17
2403-201569-201935-201976-1626155,Nene - E. Gordon - J. Harden - P. Beverley - S. Dekker,1610612745,2016-17
2403-201583-201935-203909-1626155,Nene - R. Anderson - J. Harden - K. McDaniels - S. Dekker,1610612745,2016-17
2403-2772-201569-201935-203909,Nene - T. Ariza - E. Gordon - J. Harden - K. McDaniels,1610612745,2016-17
2403-2772-201935-201976-1627786,Nene - T. Ariza - J. Harden - P. Beverley - T. Williams,1610612745,2016-17
2772-201628-201935-1626149-1627786,T. Ariza - B. Brown - J. Harden - M. Harrell - T. Williams,1610612745,2016-17
2772-201935-203909-1626149-1626155,T. Ariza - J. Harden - K. McDaniels - M. Harrell - S. Dekker,1610612745,2016-17
201628-201935-1626149-1627786-1627819,B. Brown - J. Harden - M. Harrell - T. Williams - I. Taylor,1610612745,2016-17
201147-201569-201583-201935-1626149,C. Brewer - E. Gordon - R. Anderson - J. Harden - M. Harrell,1610612745,2016-17
201569-201935-201976-203991-1626155,E. Gordon - J. Harden - P. Beverley - C. Capela - S. Dekker,1610612745,2016-17
201569-201583-201935-203991-1626155,E. Gordon - R. Anderson - J. Harden - C. Capela - S. Dekker,1610612745,2016-17
201569-201583-201935-201976-1626149,E. Gordon - R. Anderson - J. Harden - P. Beverley - M. Harrell,1610612745,2016-17
101150-201628-201935-203991-1627786,L. Williams - B. Brown - J. Harden - C. Capela - T. Williams,1610612745,2016-17
101150-201569-201935-201976-203991,L. Williams - E. Gordon - J. Harden - P. Beverley - C. Capela,1610612745,2016-17
101150-201569-201935-201976-1626149,L. Williams - E. Gordon - J. Harden - P. Beverley - M. Harrell,1610612745,2016-17
101150-201935-201976-203991-1627786,L. Williams - J. Harden - P. Beverley - C. Capela - T. Williams,1610612745,2016-17
2403-201569-201935-1626149-1626155,Nene - E. Gordon - J. Harden - M. Harrell - S. Dekker,1610612745,2016-17
2403-2772-201935-201976-1626155,Nene - T. Ariza - J. Harden - P. Beverley - S. Dekker,1610612745,2016-17
201583-201935-201976-203991-1626155,R. Anderson - J. Harden - P. Beverley - C. Capela - S. Dekker,1610612745,2016-17
201583-201935-201976-1626149-1626155,R. Anderson - J. Harden - P. Beverley - M. Harrell - S. Dekker,1610612745,2016-17
2772-201569-201583-201628-201935,T. Ariza - E. Gordon - R. Anderson - B. Brown - J. Harden,1610612745,2016-17
2772-101150-201935-201976-1626149,T. Ariza - L. Williams - J. Harden - P. Beverley - M. Harrell,1610612745,2016-17
2772-101150-201583-201935-203991,T. Ariza - L. Williams - R. Anderson - J. Harden - C. Capela,1610612745,2016-17
2772-201583-201628-201935-1626149,T. Ariza - R. Anderson - B. Brown - J. Harden - M. Harrell,1610612745,2016-17
2772-201583-201935-1626149-1626155,T. Ariza - R. Anderson - J. Harden - M. Harrell - S. Dekker,1610612745,2016-17
201628-201935-203991-1627786-1627819,B. Brown - J. Harden - C. Capela - T. Williams - I. Taylor,1610612745,2016-17
201147-201569-201935-201976-1626149,C. Brewer - E. Gordon - J. Harden - P. Beverley - M. Harrell,1610612745,2016-17
201147-201935-201976-1626149-1626155,C. Brewer - J. Harden - P. Beverley - M. Harrell - S. Dekker,1610612745,2016-17
201147-201583-201935-203991-1626155,C. Brewer - R. Anderson - J. Harden - C. Capela - S. Dekker,1610612745,2016-17
201147-201583-201935-203909-203991,C. Brewer - R. Anderson - J. Harden - K. McDaniels - C. Capela,1610612745,2016-17
201147-201583-201935-201976-203991,C. Brewer - R. Anderson - J. Harden - P. Beverley - C. Capela,1610612745,2016-17
201569-201583-201935-1626149-1626155,E. Gordon - R. Anderson - J. Harden - M. Harrell - S. Dekker,1610612745,2016-17
101150-201569-201935-1627778-1627786,L. Williams - E. Gordon - J. Harden - C. Onuaku - T. Williams,1610612745,2016-17
101150-201569-201935-1626149-1626155,L. Williams - E. Gordon - J. Harden - M. Harrell - S. Dekker,1610612745,2016-17
101150-201935-201976-1626149-1627819,L. Williams - J. Harden - P. Beverley - M. Harrell - I. Taylor,1610612745,2016-17
2403-201569-201583-201935-1626155,Nene - E. Gordon - R. Anderson - J. Harden - S. Dekker,1610612745,2016-17
2403-2772-201569-201935-1627786,Nene - T. Ariza - E. Gordon - J. Harden - T. Williams,1610612745,2016-17
201583-201628-201935-201976-1626149,R. Anderson - B. Brown - J. Harden - P. Beverley - M. Harrell,1610612745,2016-17
2772-201147-201569-201935-203991,T. Ariza - C. Brewer - E. Gordon - J. Harden - C. Capela,1610612745,2016-17
2772-201147-201569-201935-1626155,T. Ariza - C. Brewer - E. Gordon - J. Harden - S. Dekker,1610612745,2016-17
2772-201147-201935-203991-1626155,T. Ariza - C. Brewer - J. Harden - C. Capela - S. Dekker,1610612745,2016-17
2772-201569-201935-203909-203991,T. Ariza - E. Gordon - J. Harden - K. McDaniels - C. Capela,1610612745,2016-17
2772-101150-201569-201935-1627778,T. Ariza - L. Williams - E. Gordon - J. Harden - C. Onuaku,1610612745,2016-17
2772-201583-201935-203898-1626149,T. Ariza - R. Anderson - J. Harden - T. Ennis - M. Harrell,1610612745,2016-17
201147-201569-201583-201935-203991,C. Brewer - E. Gordon - R. Anderson - J. Harden - C. Capela,1610612745,2016-17
201147-201569-201583-201935-201976,C. Brewer - E. Gordon - R. Anderson - J. Harden - P. Beverley,1610612745,2016-17
201147-201935-201976-203991-1626155,C. Brewer - J. Harden - P. Beverley - C. Capela - S. Dekker,1610612745,2016-17
101150-201583-201628-201935-1626149,L. Williams - R. Anderson - B. Brown - J. Harden - M. Harrell,1610612745,2016-17
101150-201583-201935-201976-203991,L. Williams - R. Anderson - J. Harden - P. Beverley - C. Capela,1610612745,2016-17
2403-201147-201569-201583-201935,Nene - C. Brewer - E. Gordon - R. Anderson - J. Harden,1610612745,2016-17
2403-201147-201583-201935-203909,Nene - C. Brewer - R. Anderson - J. Harden - K. McDaniels,1610612745,2016-17
2403-201147-201583-201935-201976,Nene - C. Brewer - R. Anderson - J. Harden - P. Beverley,1610612745,2016-17
2403-2772-201935-203909-1626155,Nene - T. Ariza - J. Harden - K. McDaniels - S. Dekker,1610612745,2016-17
2403-2772-201583-201935-203898,Nene - T. Ariza - R. Anderson - J. Harden - T. Ennis,1610612745,2016-17
201583-201628-201935-201976-203991,R. Anderson - B. Brown - J. Harden - P. Beverley - C. Capela,1610612745,2016-17
201583-201935-201976-1626149-1627786,R. Anderson - J. Harden - P. Beverley - M. Harrell - T. Williams,1610612745,2016-17
2772-201569-201935-1627778-1627786,T. Ariza - E. Gordon - J. Harden - C. Onuaku - T. Williams,1610612745,2016-17
2772-201583-201628-201935-1626155,T. Ariza - R. Anderson - B. Brown - J. Harden - S. Dekker,1610612745,2016-17
201935-203898-203909-1626149-1626155,J. Harden - T. Ennis - K. McDaniels - M. Harrell - S. Dekker,1610612745,2016-17
2772-201935-203909-203991-1626155,T. Ariza - J. Harden - K. McDaniels - C. Capela - S. Dekker,1610612745,2016-17
2730-2772-201935-201976-202700,D. Howard - T. Ariza - J. Harden - P. Beverley - D. Motiejunas,1610612745,2015-16
2730-2772-201147-201935-201976,D. Howard - T. Ariza - C. Brewer - J. Harden - P. Beverley,1610612745,2015-16
2730-2772-201935-201976-203991,D. Howard - T. Ariza - J. Harden - P. Beverley - C. Capela,1610612745,2015-16
2730-2746-2772-201935-201976,D. Howard - J. Smith - T. Ariza - J. Harden - P. Beverley,1610612745,2015-16
2730-2772-201935-201976-203093,D. Howard - T. Ariza - J. Harden - P. Beverley - T. Jones,1610612745,2015-16
2730-2772-201935-201951-201977,D. Howard - T. Ariza - J. Harden - T. Lawson - M. Thornton,1610612745,2015-16
1891-2730-2772-201935-203093,J. Terry - D. Howard - T. Ariza - J. Harden - T. Jones,1610612745,2015-16
2772-201935-201976-203093-203991,T. Ariza - J. Harden - P. Beverley - T. Jones - C. Capela,1610612745,2015-16
2772-201147-201935-201976-203991,T. Ariza - C. Brewer - J. Harden - P. Beverley - C. Capela,1610612745,2015-16
2730-2772-201935-201951-203093,D. Howard - T. Ariza - J. Harden - T. Lawson - T. Jones,1610612745,2015-16
2730-2772-201563-201935-201976,D. Howard - T. Ariza - M. Beasley - J. Harden - P. Beverley,1610612745,2015-16
2730-2772-201935-201976-201977,D. Howard - T. Ariza - J. Harden - P. Beverley - M. Thornton,1610612745,2015-16
2772-201935-201951-201977-203991,T. Ariza - J. Harden - T. Lawson - M. Thornton - C. Capela,1610612745,2015-16
1891-2730-2772-201935-201976,J. Terry - D. Howard - T. Ariza - J. Harden - P. Beverley,1610612745,2015-16
2772-201935-201951-203093-203991,T. Ariza - J. Harden - T. Lawson - T. Jones - C. Capela,1610612745,2015-16
1891-2730-2772-201147-201935,J. Terry - D. Howard - T. Ariza - C. Brewer - J. Harden,1610612745,2015-16
1891-2772-201935-203093-203991,J. Terry - T. Ariza - J. Harden - T. Jones - C. Capela,1610612745,2015-16
1891-2730-2772-201935-203991,J. Terry - D. Howard - T. Ariza - J. Harden - C. Capela,1610612745,2015-16
1891-2772-201563-201935-203991,J. Terry - T. Ariza - M. Beasley - J. Harden - C. Capela,1610612745,2015-16
2772-201935-201976-202700-203991,T. Ariza - J. Harden - P. Beverley - D. Motiejunas - C. Capela,1610612745,2015-16
1891-201147-201563-201935-203991,J. Terry - C. Brewer - M. Beasley - J. Harden - C. Capela,1610612745,2015-16
201147-201935-201951-203093-203991,C. Brewer - J. Harden - T. Lawson - T. Jones - C. Capela,1610612745,2015-16
1891-2772-201147-201935-203991,J. Terry - T. Ariza - C. Brewer - J. Harden - C. Capela,1610612745,2015-16
2730-2772-201935-201976-1626149,D. Howard - T. Ariza - J. Harden - P. Beverley - M. Harrell,1610612745,2015-16
2772-201147-201935-201951-203991,T. Ariza - C. Brewer - J. Harden - T. Lawson - C. Capela,1610612745,2015-16
1891-2730-2772-201935-1626149,J. Terry - D. Howard - T. Ariza - J. Harden - M. Harrell,1610612745,2015-16
1891-2730-2772-201935-201977,J. Terry - D. Howard - T. Ariza - J. Harden - M. Thornton,1610612745,2015-16
2730-2772-201147-201935-201951,D. Howard - T. Ariza - C. Brewer - J. Harden - T. Lawson,1610612745,2015-16
2730-2772-201935-201976-203909,D. Howard - T. Ariza - J. Harden - P. Beverley - K. McDaniels,1610612745,2015-16
2746-2772-201147-201935-201976,J. Smith - T. Ariza - C. Brewer - J. Harden - P. Beverley,1610612745,2015-16
2730-201147-201935-201951-203093,D. Howard - C. Brewer - J. Harden - T. Lawson - T. Jones,1610612745,2015-16
201147-201935-201976-203093-203991,C. Brewer - J. Harden - P. Beverley - T. Jones - C. Capela,1610612745,2015-16
1891-2730-2746-2772-201935,J. Terry - D. Howard - J. Smith - T. Ariza - J. Harden,1610612745,2015-16
1891-2772-201147-201935-203093,J. Terry - T. Ariza - C. Brewer - J. Harden - T. Jones,1610612745,2015-16
2730-201147-201935-201951-201977,D. Howard - C. Brewer - J. Harden - T. Lawson - M. Thornton,1610612745,2015-16
2772-201935-201976-201977-203991,T. Ariza - J. Harden - P. Beverley - M. Thornton - C. Capela,1610612745,2015-16
2772-201563-201935-201976-203991,T. Ariza - M. Beasley - J. Harden - P. Beverley - C. Capela,1610612745,2015-16
2746-2772-201935-201976-203991,J. Smith - T. Ariza - J. Harden - P. Beverley - C. Capela,1610612745,2015-16
1891-201147-201935-203991-1626149,J. Terry - C. Brewer - J. Harden - C. Capela - M. Harrell,1610612745,2015-16
1891-2746-201147-201935-203991,J. Terry - J. Smith - C. Brewer - J. Harden - C. Capela,1610612745,2015-16
2730-201147-201935-201976-203991,D. Howard - C. Brewer - J. Harden - P. Beverley - C. Capela,1610612745,2015-16
2730-2772-201935-201951-203991,D. Howard - T. Ariza - J. Harden - T. Lawson - C. Capela,1610612745,2015-16
1891-2730-201147-201935-201976,J. Terry - D. Howard - C. Brewer - J. Harden - P. Beverley,1610612745,2015-16
1891-2730-201147-201563-201935,J. Terry - D. Howard - C. Brewer - M. Beasley - J. Harden,1610612745,2015-16
2772-201147-201935-201976-203093,T. Ariza - C. Brewer - J. Harden - P. Beverley - T. Jones,1610612745,2015-16
2772-201935-201976-201977-203093,T. Ariza - J. Harden - P. Beverley - M. Thornton - T. Jones,1610612745,2015-16
2730-2772-201935-201951-1626149,D. Howard - T. Ariza - J. Harden - T. Lawson - M. Harrell,1610612745,2015-16
1891-2730-2772-201935-202700,J. Terry - D. Howard - T. Ariza - J. Harden - D. Motiejunas,1610612745,2015-16
1891-2772-201935-202700-203991,J. Terry - T. Ariza - J. Harden - D. Motiejunas - C. Capela,1610612745,2015-16
1891-2772-201935-201976-203991,J. Terry - T. Ariza - J. Harden - P. Beverley - C. Capela,1610612745,2015-16
2730-2772-201935-201951-201976,D. Howard - T. Ariza - J. Harden - T. Lawson - P. Beverley,1610612745,2015-16
2746-2772-201935-201951-203093,J. Smith - T. Ariza - J. Harden - T. Lawson - T. Jones,1610612745,2015-16
1891-201147-201935-203093-203991,J. Terry - C. Brewer - J. Harden - T. Jones - C. Capela,1610612745,2015-16
1891-2772-201935-201977-203991,J. Terry - T. Ariza - J. Harden - M. Thornton - C. Capela,1610612745,2015-16
201147-201935-201976-201977-203991,C. Brewer - J. Harden - P. Beverley - M. Thornton - C. Capela,1610612745,2015-16
2730-201147-201935-201976-203093,D. Howard - C. Brewer - J. Harden - P. Beverley - T. Jones,1610612745,2015-16
2772-201147-201935-201951-203093,T. Ariza - C. Brewer - J. Harden - T. Lawson - T. Jones,1610612745,2015-16
1891-2730-2772-201563-201935,J. Terry - D. Howard - T. Ariza - M. Beasley - J. Harden,1610612745,2015-16
2772-201935-201976-202700-203093,T. Ariza - J. Harden - P. Beverley - D. Motiejunas - T. Jones,1610612745,2015-16
2772-201935-201951-201976-203991,T. Ariza - J. Harden - T. Lawson - P. Beverley - C. Capela,1610612745,2015-16
2746-2772-201935-201951-203991,J. Smith - T. Ariza - J. Harden - T. Lawson - C. Capela,1610612745,2015-16
1891-2730-201147-201935-203093,J. Terry - D. Howard - C. Brewer - J. Harden - T. Jones,1610612745,2015-16
1891-2746-2772-201935-203991,J. Terry - J. Smith - T. Ariza - J. Harden - C. Capela,1610612745,2015-16
1891-2772-201935-203909-203991,J. Terry - T. Ariza - J. Harden - K. McDaniels - C. Capela,1610612745,2015-16
1891-2772-201935-203093-1626149,J. Terry - T. Ariza - J. Harden - T. Jones - M. Harrell,1610612745,2015-16
2772-101236-201935-201951-201977,T. Ariza - C. Hayes - J. Harden - T. Lawson - M. Thornton,1610612745,2015-16
2772-201935-201976-203909-203991,T. Ariza - J. Harden - P. Beverley - K. McDaniels - C. Capela,1610612745,2015-16
2772-201935-201951-201977-1626149,T. Ariza - J. Harden - T. Lawson - M. Thornton - M. Harrell,1610612745,2015-16
201147-201935-201951-202700-203991,C. Brewer - J. Harden - T. Lawson - D. Motiejunas - C. Capela,1610612745,2015-16
201147-201935-201951-201977-203991,C. Brewer - J. Harden - T. Lawson - M. Thornton - C. Capela,1610612745,2015-16
201147-201935-201951-201976-1626149,C. Brewer - J. Harden - T. Lawson - P. Beverley - M. Harrell,1610612745,2015-16
2746-201147-201935-201951-203991,J. Smith - C. Brewer - J. Harden - T. Lawson - C. Capela,1610612745,2015-16
2746-2772-201935-201951-201976,J. Smith - T. Ariza - J. Harden - T. Lawson - P. Beverley,1610612745,2015-16
1891-2772-201935-201951-203093,J. Terry - T. Ariza - J. Harden - T. Lawson - T. Jones,1610612745,2015-16
2772-201935-201976-203991-1626149,T. Ariza - J. Harden - P. Beverley - C. Capela - M. Harrell,1610612745,2015-16
2772-201935-201951-203991-1626149,T. Ariza - J. Harden - T. Lawson - C. Capela - M. Harrell,1610612745,2015-16
2772-201935-201951-201977-203093,T. Ariza - J. Harden - T. Lawson - M. Thornton - T. Jones,1610612745,2015-16
201147-201935-201951-202700-203093,C. Brewer - J. Harden - T. Lawson - D. Motiejunas - T. Jones,1610612745,2015-16
201147-201935-201951-201977-203093,C. Brewer - J. Harden - T. Lawson - M. Thornton - T. Jones,1610612745,2015-16
2730-2772-201935-201951-202700,D. Howard - T. Ariza - J. Harden - T. Lawson - D. Motiejunas,1610612745,2015-16
201935-201976-201977-203093-203991,J. Harden - P. Beverley - M. Thornton - T. Jones - C. Capela,1610612745,2015-16
1891-2730-201147-201935-1626149,J. Terry - D. Howard - C. Brewer - J. Harden - M. Harrell,1610612745,2015-16
2730-201935-201976-201977-203991,D. Howard - J. Harden - P. Beverley - M. Thornton - C. Capela,1610612745,2015-16
2730-2746-201147-201935-201976,D. Howard - J. Smith - C. Brewer - J. Harden - P. Beverley,1610612745,2015-16
2730-2772-201563-201935-203909,D. Howard - T. Ariza - M. Beasley - J. Harden - K. McDaniels,1610612745,2015-16
1891-2730-201147-201935-201977,J. Terry - D. Howard - C. Brewer - J. Harden - M. Thornton,1610612745,2015-16
2772-201147-201935-203909-203991,T. Ariza - C. Brewer - J. Harden - K. McDaniels - C. Capela,1610612745,2015-16
2772-201935-201951-203093-1626149,T. Ariza - J. Harden - T. Lawson - T. Jones - M. Harrell,1610612745,2015-16
201147-201935-201976-202700-203991,C. Brewer - J. Harden - P. Beverley - D. Motiejunas - C. Capela,1610612745,2015-16
201147-201935-201976-203909-203991,C. Brewer - J. Harden - P. Beverley - K. McDaniels - C. Capela,1610612745,2015-16
201147-201935-201951-203991-1626149,C. Brewer - J. Harden - T. Lawson - C. Capela - M. Harrell,1610612745,2015-16
2730-201147-201935-201976-201977,D. Howard - C. Brewer - J. Harden - P. Beverley - M. Thornton,1610612745,2015-16
1891-2730-201147-201935-203991,J. Terry - D. Howard - C. Brewer - J. Harden - C. Capela,1610612745,2015-16
1891-201935-201977-203991-1626149,J. Terry - J. Harden - M. Thornton - C. Capela - M. Harrell,1610612745,2015-16
1891-2772-201935-201977-203093,J. Terry - T. Ariza - J. Harden - M. Thornton - T. Jones,1610612745,2015-16
2772-201147-201935-201951-1626149,T. Ariza - C. Brewer - J. Harden - T. Lawson - M. Harrell,1610612745,2015-16
2772-201935-202726-203909-203991,T. Ariza - J. Harden - A. Goudelock - K. McDaniels - C. Capela,1610612745,2015-16
2772-201935-201976-203093-1626149,T. Ariza - J. Harden - P. Beverley - T. Jones - M. Harrell,1610612745,2015-16
2772-201563-201935-203909-203991,T. Ariza - M. Beasley - J. Harden - K. McDaniels - C. Capela,1610612745,2015-16
2730-201147-201935-201976-202700,D. Howard - C. Brewer - J. Harden - P. Beverley - D. Motiejunas,1610612745,2015-16
2730-2772-201147-201935-203909,D. Howard - T. Ariza - C. Brewer - J. Harden - K. McDaniels,1610612745,2015-16
2730-2772-201147-201563-201935,D. Howard - T. Ariza - C. Brewer - M. Beasley - J. Harden,1610612745,2015-16
2730-2772-201935-203093-203909,D. Howard - T. Ariza - J. Harden - T. Jones - K. McDaniels,1610612745,2015-16
2746-201147-201935-201976-203991,J. Smith - C. Brewer - J. Harden - P. Beverley - C. Capela,1610612745,2015-16
2746-2772-201935-201976-203093,J. Smith - T. Ariza - J. Harden - P. Beverley - T. Jones,1610612745,2015-16
1891-201147-201935-201977-1626149,J. Terry - C. Brewer - J. Harden - M. Thornton - M. Harrell,1610612745,2015-16
1891-201147-201935-201977-203093,J. Terry - C. Brewer - J. Harden - M. Thornton - T. Jones,1610612745,2015-16
1891-201147-201935-201976-202700,J. Terry - C. Brewer - J. Harden - P. Beverley - D. Motiejunas,1610612745,2015-16
1891-201147-201935-203093-1626149,J. Terry - C. Brewer - J. Harden - T. Jones - M. Harrell,1610612745,2015-16
1891-201147-201563-201935-203909,J. Terry - C. Brewer - M. Beasley - J. Harden - K. McDaniels,1610612745,2015-16
1891-2730-2772-201935-203909,J. Terry - D. Howard - T. Ariza - J. Harden - K. McDaniels,1610612745,2015-16
1891-2772-101236-201935-201977,J. Terry - T. Ariza - C. Hayes - J. Harden - M. Thornton,1610612745,2015-16
2772-201147-201563-201935-201976,T. Ariza - C. Brewer - M. Beasley - J. Harden - P. Beverley,1610612745,2015-16
2772-201935-201951-202700-203991,T. Ariza - J. Harden - T. Lawson - D. Motiejunas - C. Capela,1610612745,2015-16
2730-201935-201951-201977-203093,D. Howard - J. Harden - T. Lawson - M. Thornton - T. Jones,1610612745,2015-16
2746-2772-201935-201976-202700,J. Smith - T. Ariza - J. Harden - P. Beverley - D. Motiejunas,1610612745,2015-16
1891-201147-201935-202700-203093,J. Terry - C. Brewer - J. Harden - D. Motiejunas - T. Jones,1610612745,2015-16
1891-201147-201563-201935-201976,J. Terry - C. Brewer - M. Beasley - J. Harden - P. Beverley,1610612745,2015-16
1891-2730-201935-201976-201977,J. Terry - D. Howard - J. Harden - P. Beverley - M. Thornton,1610612745,2015-16
1891-2730-201935-201951-201977,J. Terry - D. Howard - J. Harden - T. Lawson - M. Thornton,1610612745,2015-16
1891-201935-201977-203093-203991,J. Terry - J. Harden - M. Thornton - T. Jones - C. Capela,1610612745,2015-16
1891-2746-2772-201147-201935,J. Terry - J. Smith - T. Ariza - C. Brewer - J. Harden,1610612745,2015-16
1891-2772-201147-201935-201976,J. Terry - T. Ariza - C. Brewer - J. Harden - P. Beverley,1610612745,2015-16
1891-2772-101236-201147-201935,J. Terry - T. Ariza - C. Hayes - C. Brewer - J. Harden,1610612745,2015-16
2772-201147-201935-201976-1626149,T. Ariza - C. Brewer - J. Harden - P. Beverley - M. Harrell,1610612745,2015-16
201147-201563-201935-201976-203991,C. Brewer - M. Beasley - J. Harden - P. Beverley - C. Capela,1610612745,2015-16
2730-201147-201935-201951-201976,D. Howard - C. Brewer - J. Harden - T. Lawson - P. Beverley,1610612745,2015-16
2730-201935-201976-201977-203093,D. Howard - J. Harden - P. Beverley - M. Thornton - T. Jones,1610612745,2015-16
2730-2746-2772-201935-201951,D. Howard - J. Smith - T. Ariza - J. Harden - T. Lawson,1610612745,2015-16
2730-2772-201147-201935-203093,D. Howard - T. Ariza - C. Brewer - J. Harden - T. Jones,1610612745,2015-16
2730-2772-201935-202700-203909,D. Howard - T. Ariza - J. Harden - D. Motiejunas - K. McDaniels,1610612745,2015-16
2730-2772-201935-201977-203093,D. Howard - T. Ariza - J. Harden - M. Thornton - T. Jones,1610612745,2015-16
201935-201951-201977-203093-203991,J. Harden - T. Lawson - M. Thornton - T. Jones - C. Capela,1610612745,2015-16
1891-201147-201935-202700-203991,J. Terry - C. Brewer - J. Harden - D. Motiejunas - C. Capela,1610612745,2015-16
1891-201147-201935-201977-203991,J. Terry - C. Brewer - J. Harden - M. Thornton - C. Capela,1610612745,2015-16
1891-201147-201563-201935-202700,J. Terry - C. Brewer - M. Beasley - J. Harden - D. Motiejunas,1610612745,2015-16
1891-201935-201951-201976-202700,J. Terry - J. Harden - T. Lawson - P. Beverley - D. Motiejunas,1610612745,2015-16
1891-201935-201951-203093-1626149,J. Terry - J. Harden - T. Lawson - T. Jones - M. Harrell,1610612745,2015-16
1891-2746-201147-201935-201951,J. Terry - J. Smith - C. Brewer - J. Harden - T. Lawson,1610612745,2015-16
1891-201563-201935-203909-203991,J. Terry - M. Beasley - J. Harden - K. McDaniels - C. Capela,1610612745,2015-16
1891-2772-201147-201935-1626149,J. Terry - T. Ariza - C. Brewer - J. Harden - M. Harrell,1610612745,2015-16
1891-2772-201147-201563-201935,J. Terry - T. Ariza - C. Brewer - M. Beasley - J. Harden,1610612745,2015-16
1891-2772-201935-203991-1626149,J. Terry - T. Ariza - J. Harden - C. Capela - M. Harrell,1610612745,2015-16
1891-2772-201935-201976-1626149,J. Terry - T. Ariza - J. Harden - P. Beverley - M. Harrell,1610612745,2015-16
1891-2772-201935-201976-201977,J. Terry - T. Ariza - J. Harden - P. Beverley - M. Thornton,1610612745,2015-16
2772-201147-201935-203991-1626149,T. Ariza - C. Brewer - J. Harden - C. Capela - M. Harrell,1610612745,2015-16
2772-201147-201935-202700-203991,T. Ariza - C. Brewer - J. Harden - D. Motiejunas - C. Capela,1610612745,2015-16
2772-201147-201935-203093-203991,T. Ariza - C. Brewer - J. Harden - T. Jones - C. Capela,1610612745,2015-16
2772-201147-201935-201951-201977,T. Ariza - C. Brewer - J. Harden - T. Lawson - M. Thornton,1610612745,2015-16
2772-201563-201935-202726-203991,T. Ariza - M. Beasley - J. Harden - A. Goudelock - C. Capela,1610612745,2015-16
2772-201563-201935-201976-202700,T. Ariza - M. Beasley - J. Harden - P. Beverley - D. Motiejunas,1610612745,2015-16
2746-2772-201935-202726-203991,J. Smith - T. Ariza - J. Harden - A. Goudelock - C. Capela,1610612745,2015-16
202331-202694-202695-202704-1627826,P. George - M. Morris Sr. - K. Leonard - R. Jackson - I. Zubac,1610612746,2022-23
202331-202694-202695-1627826-1629611,P. George - M. Morris Sr. - K. Leonard - I. Zubac - T. Mann,1610612746,2022-23
201566-202331-202694-202695-1627826,R. Westbrook - P. George - M. Morris Sr. - K. Leonard - I. Zubac,1610612746,2022-23
201566-201569-201587-202695-1627826,R. Westbrook - E. Gordon - N. Batum - K. Leonard - I. Zubac,1610612746,2022-23
201587-202694-202695-1627826-1629611,N. Batum - M. Morris Sr. - K. Leonard - I. Zubac - T. Mann,1610612746,2022-23
202331-202695-1627826-1628379-1629611,P. George - K. Leonard - I. Zubac - L. Kennard - T. Mann,1610612746,2022-23
201566-201569-202694-202695-1627826,R. Westbrook - E. Gordon - M. Morris Sr. - K. Leonard - I. Zubac,1610612746,2022-23
201569-201587-202695-203486-1629611,E. Gordon - N. Batum - K. Leonard - M. Plumlee - T. Mann,1610612746,2022-23
201566-202331-202694-202695-203486,R. Westbrook - P. George - M. Morris Sr. - K. Leonard - M. Plumlee,1610612746,2022-23
201566-201587-202695-1626181-1627826,R. Westbrook - N. Batum - K. Leonard - N. Powell - I. Zubac,1610612746,2022-23
202331-202695-202704-1626181-1627826,P. George - K. Leonard - R. Jackson - N. Powell - I. Zubac,1610612746,2022-23
201569-202331-202695-1627826-1629611,E. Gordon - P. George - K. Leonard - I. Zubac - T. Mann,1610612746,2022-23
201587-202695-202704-203496-1626181,N. Batum - K. Leonard - R. Jackson - R. Covington - N. Powell,1610612746,2022-23
202322-202331-202694-202695-1627826,J. Wall - P. George - M. Morris Sr. - K. Leonard - I. Zubac,1610612746,2022-23
201587-202695-203486-1629611-1630538,N. Batum - K. Leonard - M. Plumlee - T. Mann - B. Hyland,1610612746,2022-23
201587-202331-202695-202704-1627826,N. Batum - P. George - K. Leonard - R. Jackson - I. Zubac,1610612746,2022-23
201587-202331-202694-202695-202704,N. Batum - P. George - M. Morris Sr. - K. Leonard - R. Jackson,1610612746,2022-23
201587-202331-202695-202704-1626181,N. Batum - P. George - K. Leonard - R. Jackson - N. Powell,1610612746,2022-23
201587-202695-1626181-1627826-1629611,N. Batum - K. Leonard - N. Powell - I. Zubac - T. Mann,1610612746,2022-23
202331-202694-202695-1626181-1627826,P. George - M. Morris Sr. - K. Leonard - N. Powell - I. Zubac,1610612746,2022-23
202694-202695-202704-1627826-1629611,M. Morris Sr. - K. Leonard - R. Jackson - I. Zubac - T. Mann,1610612746,2022-23
201587-202331-202695-1627826-1629611,N. Batum - P. George - K. Leonard - I. Zubac - T. Mann,1610612746,2022-23
201566-201569-202331-202695-203486,R. Westbrook - E. Gordon - P. George - K. Leonard - M. Plumlee,1610612746,2022-23
201566-201569-202331-202695-1627826,R. Westbrook - E. Gordon - P. George - K. Leonard - I. Zubac,1610612746,2022-23
201587-202322-202331-202694-202695,N. Batum - J. Wall - P. George - M. Morris Sr. - K. Leonard,1610612746,2022-23
202331-202694-202695-202704-1626181,P. George - M. Morris Sr. - K. Leonard - R. Jackson - N. Powell,1610612746,2022-23
202695-203486-1626181-1629611-1630538,K. Leonard - M. Plumlee - N. Powell - T. Mann - B. Hyland,1610612746,2022-23
202694-202695-1626181-1627826-1629611,M. Morris Sr. - K. Leonard - N. Powell - I. Zubac - T. Mann,1610612746,2022-23
201566-201587-202331-202694-202695,R. Westbrook - N. Batum - P. George - M. Morris Sr. - K. Leonard,1610612746,2022-23
201587-202322-202694-202695-1631217,N. Batum - J. Wall - M. Morris Sr. - K. Leonard - M. Diabate,1610612746,2022-23
201587-202695-1627826-1629599-1629611,N. Batum - K. Leonard - I. Zubac - A. Coffey - T. Mann,1610612746,2022-23
201587-202331-202695-1626181-1629611,N. Batum - P. George - K. Leonard - N. Powell - T. Mann,1610612746,2022-23
201569-202331-202695-203486-1629611,E. Gordon - P. George - K. Leonard - M. Plumlee - T. Mann,1610612746,2022-23
201587-202694-202695-1626181-1629611,N. Batum - M. Morris Sr. - K. Leonard - N. Powell - T. Mann,1610612746,2022-23
201566-201587-202331-202695-1626181,R. Westbrook - N. Batum - P. George - K. Leonard - N. Powell,1610612746,2022-23
201569-202331-202694-202695-1627826,E. Gordon - P. George - M. Morris Sr. - K. Leonard - I. Zubac,1610612746,2022-23
201587-202695-202704-1626181-1627826,N. Batum - K. Leonard - R. Jackson - N. Powell - I. Zubac,1610612746,2022-23
201587-202331-202694-202695-1627826,N. Batum - P. George - M. Morris Sr. - K. Leonard - I. Zubac,1610612746,2022-23
201587-202331-202694-202695-1626181,N. Batum - P. George - M. Morris Sr. - K. Leonard - N. Powell,1610612746,2022-23
201569-201587-202695-1626181-1629611,E. Gordon - N. Batum - K. Leonard - N. Powell - T. Mann,1610612746,2022-23
202322-202694-202695-1626181-1627826,J. Wall - M. Morris Sr. - K. Leonard - N. Powell - I. Zubac,1610612746,2022-23
201587-202694-202695-1628379-1629611,N. Batum - M. Morris Sr. - K. Leonard - L. Kennard - T. Mann,1610612746,2022-23
201587-202694-202695-1626181-1627826,N. Batum - M. Morris Sr. - K. Leonard - N. Powell - I. Zubac,1610612746,2022-23
201587-202331-202694-202695-1629611,N. Batum - P. George - M. Morris Sr. - K. Leonard - T. Mann,1610612746,2022-23
202331-202695-202704-1627826-1629611,P. George - K. Leonard - R. Jackson - I. Zubac - T. Mann,1610612746,2022-23
201566-201569-202331-202694-202695,R. Westbrook - E. Gordon - P. George - M. Morris Sr. - K. Leonard,1610612746,2022-23
201569-202331-202694-202695-203486,E. Gordon - P. George - M. Morris Sr. - K. Leonard - M. Plumlee,1610612746,2022-23
202695-202704-1626181-1627826-1629611,K. Leonard - R. Jackson - N. Powell - I. Zubac - T. Mann,1610612746,2022-23
201566-201569-201587-202694-202695,R. Westbrook - E. Gordon - N. Batum - M. Morris Sr. - K. Leonard,1610612746,2022-23
201587-202695-203486-1626181-1629611,N. Batum - K. Leonard - M. Plumlee - N. Powell - T. Mann,1610612746,2022-23
201587-202695-1626181-1627826-1630538,N. Batum - K. Leonard - N. Powell - I. Zubac - B. Hyland,1610612746,2022-23
201587-202694-202695-203496-1626181,N. Batum - M. Morris Sr. - K. Leonard - R. Covington - N. Powell,1610612746,2022-23
201587-202694-202695-203496-1629611,N. Batum - M. Morris Sr. - K. Leonard - R. Covington - T. Mann,1610612746,2022-23
201587-202331-202694-202695-1628379,N. Batum - P. George - M. Morris Sr. - K. Leonard - L. Kennard,1610612746,2022-23
201569-202331-202695-1626181-1627826,E. Gordon - P. George - K. Leonard - N. Powell - I. Zubac,1610612746,2022-23
202322-202694-202695-1626181-1629611,J. Wall - M. Morris Sr. - K. Leonard - N. Powell - T. Mann,1610612746,2022-23
202322-202694-202695-203496-1626181,J. Wall - M. Morris Sr. - K. Leonard - R. Covington - N. Powell,1610612746,2022-23
201587-202695-202704-1626181-1629599,N. Batum - K. Leonard - R. Jackson - N. Powell - A. Coffey,1610612746,2022-23
201587-202694-202695-202704-1626181,N. Batum - M. Morris Sr. - K. Leonard - R. Jackson - N. Powell,1610612746,2022-23
201587-202331-202695-1626181-1627826,N. Batum - P. George - K. Leonard - N. Powell - I. Zubac,1610612746,2022-23
201587-202331-202695-1629611-1629650,N. Batum - P. George - K. Leonard - T. Mann - M. Brown,1610612746,2022-23
202331-202694-202695-202704-1628379,P. George - M. Morris Sr. - K. Leonard - R. Jackson - L. Kennard,1610612746,2022-23
201566-201587-202695-203486-1626181,R. Westbrook - N. Batum - K. Leonard - M. Plumlee - N. Powell,1610612746,2022-23
201566-201587-202331-202695-1627826,R. Westbrook - N. Batum - P. George - K. Leonard - I. Zubac,1610612746,2022-23
202322-202331-202695-1627826-1628379,J. Wall - P. George - K. Leonard - I. Zubac - L. Kennard,1610612746,2022-23
202695-1626181-1627826-1628379-1629611,K. Leonard - N. Powell - I. Zubac - L. Kennard - T. Mann,1610612746,2022-23
202694-202695-1627826-1629611-1630538,M. Morris Sr. - K. Leonard - I. Zubac - T. Mann - B. Hyland,1610612746,2022-23
201587-202322-202694-202695-1628379,N. Batum - J. Wall - M. Morris Sr. - K. Leonard - L. Kennard,1610612746,2022-23
201587-202695-203496-1626181-1629611,N. Batum - K. Leonard - R. Covington - N. Powell - T. Mann,1610612746,2022-23
201587-202694-202695-1626181-1628379,N. Batum - M. Morris Sr. - K. Leonard - N. Powell - L. Kennard,1610612746,2022-23
201587-202331-202695-202704-1628379,N. Batum - P. George - K. Leonard - R. Jackson - L. Kennard,1610612746,2022-23
202331-202695-1626181-1627826-1629611,P. George - K. Leonard - N. Powell - I. Zubac - T. Mann,1610612746,2022-23
202331-202695-202704-1627826-1628379,P. George - K. Leonard - R. Jackson - I. Zubac - L. Kennard,1610612746,2022-23
202331-202694-202695-1626181-1629611,P. George - M. Morris Sr. - K. Leonard - N. Powell - T. Mann,1610612746,2022-23
201566-201569-202695-203486-1626181,R. Westbrook - E. Gordon - K. Leonard - M. Plumlee - N. Powell,1610612746,2022-23
201566-201569-202695-1626181-1627826,R. Westbrook - E. Gordon - K. Leonard - N. Powell - I. Zubac,1610612746,2022-23
202322-202695-203496-1626181-1629650,J. Wall - K. Leonard - R. Covington - N. Powell - M. Brown,1610612746,2022-23
202322-202331-202694-202695-1626181,J. Wall - P. George - M. Morris Sr. - K. Leonard - N. Powell,1610612746,2022-23
202694-202695-202704-1626181-1629611,M. Morris Sr. - K. Leonard - R. Jackson - N. Powell - T. Mann,1610612746,2022-23
201587-202322-202695-1626181-1629599,N. Batum - J. Wall - K. Leonard - N. Powell - A. Coffey,1610612746,2022-23
201587-202322-202695-1626181-1629611,N. Batum - J. Wall - K. Leonard - N. Powell - T. Mann,1610612746,2022-23
201587-202322-202331-202695-1629611,N. Batum - J. Wall - P. George - K. Leonard - T. Mann,1610612746,2022-23
201587-202695-1627826-1629611-1630527,N. Batum - K. Leonard - I. Zubac - T. Mann - B. Boston Jr.,1610612746,2022-23
201587-202695-203496-1628379-1629611,N. Batum - K. Leonard - R. Covington - L. Kennard - T. Mann,1610612746,2022-23
201587-202331-202695-1628379-1629611,N. Batum - P. George - K. Leonard - L. Kennard - T. Mann,1610612746,2022-23
201566-202695-203486-1626181-1629611,R. Westbrook - K. Leonard - M. Plumlee - N. Powell - T. Mann,1610612746,2022-23
201566-202695-1626181-1627826-1629611,R. Westbrook - K. Leonard - N. Powell - I. Zubac - T. Mann,1610612746,2022-23
201569-201587-202695-1627826-1629611,E. Gordon - N. Batum - K. Leonard - I. Zubac - T. Mann,1610612746,2022-23
201569-201587-202695-203486-1630538,E. Gordon - N. Batum - K. Leonard - M. Plumlee - B. Hyland,1610612746,2022-23
202694-202695-202704-1626181-1627826,M. Morris Sr. - K. Leonard - R. Jackson - N. Powell - I. Zubac,1610612746,2022-23
201587-202695-202704-1626181-1631217,N. Batum - K. Leonard - R. Jackson - N. Powell - M. Diabate,1610612746,2022-23
201587-202331-202695-1627826-1628379,N. Batum - P. George - K. Leonard - I. Zubac - L. Kennard,1610612746,2022-23
202331-202695-202704-1626181-1628379,P. George - K. Leonard - R. Jackson - N. Powell - L. Kennard,1610612746,2022-23
201566-202695-203486-1629611-1630538,R. Westbrook - K. Leonard - M. Plumlee - T. Mann - B. Hyland,1610612746,2022-23
201586-201587-201976-202331-202695,S. Ibaka - N. Batum - P. Beverley - P. George - K. Leonard,1610612746,2020-21
202331-202694-202695-202704-1627826,P. George - M. Morris Sr. - K. Leonard - R. Jackson - I. Zubac,1610612746,2020-21
201586-201587-202331-202695-202704,S. Ibaka - N. Batum - P. George - K. Leonard - R. Jackson,1610612746,2020-21
201976-202331-202694-202695-1627826,P. Beverley - P. George - M. Morris Sr. - K. Leonard - I. Zubac,1610612746,2020-21
101150-202694-202695-1627826-1629611,L. Williams - M. Morris Sr. - K. Leonard - I. Zubac - T. Mann,1610612746,2020-21
201586-201587-201976-202695-202704,S. Ibaka - N. Batum - P. Beverley - K. Leonard - R. Jackson,1610612746,2020-21
201586-201587-202331-202695-1628379,S. Ibaka - N. Batum - P. George - K. Leonard - L. Kennard,1610612746,2020-21
201586-201587-202695-202704-1628379,S. Ibaka - N. Batum - K. Leonard - R. Jackson - L. Kennard,1610612746,2020-21
201586-201587-201976-202695-1628379,S. Ibaka - N. Batum - P. Beverley - K. Leonard - L. Kennard,1610612746,2020-21
202694-202695-202704-1627826-1628379,M. Morris Sr. - K. Leonard - R. Jackson - I. Zubac - L. Kennard,1610612746,2020-21
201587-201976-202331-202695-1627826,N. Batum - P. Beverley - P. George - K. Leonard - I. Zubac,1610612746,2020-21
101150-201587-202331-202695-1627826,L. Williams - N. Batum - P. George - K. Leonard - I. Zubac,1610612746,2020-21
101150-202331-202694-202695-1627826,L. Williams - P. George - M. Morris Sr. - K. Leonard - I. Zubac,1610612746,2020-21
201587-202331-202694-202695-202704,N. Batum - P. George - M. Morris Sr. - K. Leonard - R. Jackson,1610612746,2020-21
201587-202695-202704-1627826-1628379,N. Batum - K. Leonard - R. Jackson - I. Zubac - L. Kennard,1610612746,2020-21
201587-201976-202331-202694-202695,N. Batum - P. Beverley - P. George - M. Morris Sr. - K. Leonard,1610612746,2020-21
101150-201586-201587-202331-202695,L. Williams - S. Ibaka - N. Batum - P. George - K. Leonard,1610612746,2020-21
201587-202331-202695-202704-1627826,N. Batum - P. George - K. Leonard - R. Jackson - I. Zubac,1610612746,2020-21
101150-202694-202695-202704-1627826,L. Williams - M. Morris Sr. - K. Leonard - R. Jackson - I. Zubac,1610612746,2020-21
101150-201587-202331-202694-202695,L. Williams - N. Batum - P. George - M. Morris Sr. - K. Leonard,1610612746,2020-21
101150-201587-202695-1627826-1628379,L. Williams - N. Batum - K. Leonard - I. Zubac - L. Kennard,1610612746,2020-21
101150-201587-202694-202695-1627826,L. Williams - N. Batum - M. Morris Sr. - K. Leonard - I. Zubac,1610612746,2020-21
101150-201586-201587-201976-202695,L. Williams - S. Ibaka - N. Batum - P. Beverley - K. Leonard,1610612746,2020-21
201587-202695-202704-1627826-1629611,N. Batum - K. Leonard - R. Jackson - I. Zubac - T. Mann,1610612746,2020-21
101150-202694-202695-1627826-1628379,L. Williams - M. Morris Sr. - K. Leonard - I. Zubac - L. Kennard,1610612746,2020-21
101150-201587-202695-1627826-1629611,L. Williams - N. Batum - K. Leonard - I. Zubac - T. Mann,1610612746,2020-21
201976-202694-202695-1627826-1628379,P. Beverley - M. Morris Sr. - K. Leonard - I. Zubac - L. Kennard,1610612746,2020-21
201586-201587-202695-1628379-1629611,S. Ibaka - N. Batum - K. Leonard - L. Kennard - T. Mann,1610612746,2020-21
201586-201587-202694-202695-202704,S. Ibaka - N. Batum - M. Morris Sr. - K. Leonard - R. Jackson,1610612746,2020-21
201586-202331-202335-202695-202704,S. Ibaka - P. George - P. Patterson - K. Leonard - R. Jackson,1610612746,2020-21
202694-202695-202704-1627826-1629611,M. Morris Sr. - K. Leonard - R. Jackson - I. Zubac - T. Mann,1610612746,2020-21
201587-202695-1627826-1628379-1629611,N. Batum - K. Leonard - I. Zubac - L. Kennard - T. Mann,1610612746,2020-21
101150-201586-201587-202695-202704,L. Williams - S. Ibaka - N. Batum - K. Leonard - R. Jackson,1610612746,2020-21
201587-202694-202695-1628379-1629611,N. Batum - M. Morris Sr. - K. Leonard - L. Kennard - T. Mann,1610612746,2020-21
200765-201587-202335-202695-202704,R. Rondo - N. Batum - P. Patterson - K. Leonard - R. Jackson,1610612746,2020-21
201586-201587-202695-202704-1629611,S. Ibaka - N. Batum - K. Leonard - R. Jackson - T. Mann,1610612746,2020-21
101150-201587-202694-202695-202704,L. Williams - N. Batum - M. Morris Sr. - K. Leonard - R. Jackson,1610612746,2020-21
201587-202331-202694-202695-1627826,N. Batum - P. George - M. Morris Sr. - K. Leonard - I. Zubac,1610612746,2020-21
201587-202331-202694-202695-1629611,N. Batum - P. George - M. Morris Sr. - K. Leonard - T. Mann,1610612746,2020-21
202331-202335-202694-202695-202704,P. George - P. Patterson - M. Morris Sr. - K. Leonard - R. Jackson,1610612746,2020-21
101150-201587-202335-202695-1629611,L. Williams - N. Batum - P. Patterson - K. Leonard - T. Mann,1610612746,2020-21
201587-202335-202695-1628379-1629611,N. Batum - P. Patterson - K. Leonard - L. Kennard - T. Mann,1610612746,2020-21
101150-201587-202694-202695-1629611,L. Williams - N. Batum - M. Morris Sr. - K. Leonard - T. Mann,1610612746,2020-21
101150-201586-202694-202695-1628379,L. Williams - S. Ibaka - M. Morris Sr. - K. Leonard - L. Kennard,1610612746,2020-21
201587-202694-202695-202704-1627826,N. Batum - M. Morris Sr. - K. Leonard - R. Jackson - I. Zubac,1610612746,2020-21
201587-202335-202694-202695-1629611,N. Batum - P. Patterson - M. Morris Sr. - K. Leonard - T. Mann,1610612746,2020-21
201586-202331-202694-202695-1628379,S. Ibaka - P. George - M. Morris Sr. - K. Leonard - L. Kennard,1610612746,2020-21
101150-202335-202695-1627826-1628379,L. Williams - P. Patterson - K. Leonard - I. Zubac - L. Kennard,1610612746,2020-21
202694-202695-1627826-1628379-1629611,M. Morris Sr. - K. Leonard - I. Zubac - L. Kennard - T. Mann,1610612746,2020-21
201587-202694-202695-202704-1629611,N. Batum - M. Morris Sr. - K. Leonard - R. Jackson - T. Mann,1610612746,2020-21
201587-201976-202695-1627826-1628379,N. Batum - P. Beverley - K. Leonard - I. Zubac - L. Kennard,1610612746,2020-21
201587-202331-202695-1627826-1628379,N. Batum - P. George - K. Leonard - I. Zubac - L. Kennard,1610612746,2020-21
200765-202694-202695-202704-1627826,R. Rondo - M. Morris Sr. - K. Leonard - R. Jackson - I. Zubac,1610612746,2020-21
200765-201587-202326-202695-202704,R. Rondo - N. Batum - D. Cousins - K. Leonard - R. Jackson,1610612746,2020-21
200765-201587-202335-202695-1629611,R. Rondo - N. Batum - P. Patterson - K. Leonard - T. Mann,1610612746,2020-21
201586-201587-201976-202694-202695,S. Ibaka - N. Batum - P. Beverley - M. Morris Sr. - K. Leonard,1610612746,2020-21
101150-201587-201976-202694-202695,L. Williams - N. Batum - P. Beverley - M. Morris Sr. - K. Leonard,1610612746,2020-21
101150-201976-202694-202695-1627826,L. Williams - P. Beverley - M. Morris Sr. - K. Leonard - I. Zubac,1610612746,2020-21
101150-201586-201587-202695-1628379,L. Williams - S. Ibaka - N. Batum - K. Leonard - L. Kennard,1610612746,2020-21
201976-202695-1627826-1628379-1629611,P. Beverley - K. Leonard - I. Zubac - L. Kennard - T. Mann,1610612746,2020-21
202331-202694-202695-1627826-1628379,P. George - M. Morris Sr. - K. Leonard - I. Zubac - L. Kennard,1610612746,2020-21
202331-202694-202695-1628379-1629611,P. George - M. Morris Sr. - K. Leonard - L. Kennard - T. Mann,1610612746,2020-21
200765-201587-202331-202694-202695,R. Rondo - N. Batum - P. George - M. Morris Sr. - K. Leonard,1610612746,2020-21
200765-202331-202694-202695-1627826,R. Rondo - P. George - M. Morris Sr. - K. Leonard - I. Zubac,1610612746,2020-21
202695-202704-1627826-1628379-1629611,K. Leonard - R. Jackson - I. Zubac - L. Kennard - T. Mann,1610612746,2020-21
101150-202695-1627826-1628379-1629611,L. Williams - K. Leonard - I. Zubac - L. Kennard - T. Mann,1610612746,2020-21
101150-201586-201587-202695-1629611,L. Williams - S. Ibaka - N. Batum - K. Leonard - T. Mann,1610612746,2020-21
101150-201586-201976-202694-202695,L. Williams - S. Ibaka - P. Beverley - M. Morris Sr. - K. Leonard,1610612746,2020-21
101150-201586-202331-202694-202695,L. Williams - S. Ibaka - P. George - M. Morris Sr. - K. Leonard,1610612746,2020-21
201587-202694-202695-1627826-1629611,N. Batum - M. Morris Sr. - K. Leonard - I. Zubac - T. Mann,1610612746,2020-21
201587-201976-202695-202704-1627826,N. Batum - P. Beverley - K. Leonard - R. Jackson - I. Zubac,1610612746,2020-21
201587-201976-202694-202695-1627826,N. Batum - P. Beverley - M. Morris Sr. - K. Leonard - I. Zubac,1610612746,2020-21
201587-201976-202694-202695-1629611,N. Batum - P. Beverley - M. Morris Sr. - K. Leonard - T. Mann,1610612746,2020-21
201587-201976-202331-202335-202695,N. Batum - P. Beverley - P. George - P. Patterson - K. Leonard,1610612746,2020-21
201587-202331-202695-1627826-1629611,N. Batum - P. George - K. Leonard - I. Zubac - T. Mann,1610612746,2020-21
201587-202331-202694-202695-1628379,N. Batum - P. George - M. Morris Sr. - K. Leonard - L. Kennard,1610612746,2020-21
200765-201587-202326-202331-202695,R. Rondo - N. Batum - D. Cousins - P. George - K. Leonard,1610612746,2020-21
200765-201587-202694-202695-202704,R. Rondo - N. Batum - M. Morris Sr. - K. Leonard - R. Jackson,1610612746,2020-21
200765-201587-201976-202326-202695,R. Rondo - N. Batum - P. Beverley - D. Cousins - K. Leonard,1610612746,2020-21
201586-201976-202331-202694-202695,S. Ibaka - P. Beverley - P. George - M. Morris Sr. - K. Leonard,1610612746,2020-21
201586-202331-202694-202695-202704,S. Ibaka - P. George - M. Morris Sr. - K. Leonard - R. Jackson,1610612746,2020-21
201586-202335-202695-202704-1628379,S. Ibaka - P. Patterson - K. Leonard - R. Jackson - L. Kennard,1610612746,2020-21
101150-201587-202695-202704-1627826,L. Williams - N. Batum - K. Leonard - R. Jackson - I. Zubac,1610612746,2020-21
101150-201587-201976-202695-1627826,L. Williams - N. Batum - P. Beverley - K. Leonard - I. Zubac,1610612746,2020-21
101150-201587-201976-202695-1628379,L. Williams - N. Batum - P. Beverley - K. Leonard - L. Kennard,1610612746,2020-21
101150-201586-201587-202694-202695,L. Williams - S. Ibaka - N. Batum - M. Morris Sr. - K. Leonard,1610612746,2020-21
202694-202695-202704-1628379-1629611,M. Morris Sr. - K. Leonard - R. Jackson - L. Kennard - T. Mann,1610612746,2020-21
201587-202695-202704-1628379-1629611,N. Batum - K. Leonard - R. Jackson - L. Kennard - T. Mann,1610612746,2020-21
201587-201976-202331-202695-1628379,N. Batum - P. Beverley - P. George - K. Leonard - L. Kennard,1610612746,2020-21
201587-202335-202695-1629599-1629611,N. Batum - P. Patterson - K. Leonard - A. Coffey - T. Mann,1610612746,2020-21
201587-202335-202695-202704-1629611,N. Batum - P. Patterson - K. Leonard - R. Jackson - T. Mann,1610612746,2020-21
200765-202326-202331-202695-202704,R. Rondo - D. Cousins - P. George - K. Leonard - R. Jackson,1610612746,2020-21
200765-201587-202695-202704-1627826,R. Rondo - N. Batum - K. Leonard - R. Jackson - I. Zubac,1610612746,2020-21
200765-201587-202331-202695-202704,R. Rondo - N. Batum - P. George - K. Leonard - R. Jackson,1610612746,2020-21
201586-201587-202694-202695-1628379,S. Ibaka - N. Batum - M. Morris Sr. - K. Leonard - L. Kennard,1610612746,2020-21
201586-201587-201976-202695-1629611,S. Ibaka - N. Batum - P. Beverley - K. Leonard - T. Mann,1610612746,2020-21
201586-201976-202694-202695-202704,S. Ibaka - P. Beverley - M. Morris Sr. - K. Leonard - R. Jackson,1610612746,2020-21
101150-201587-202331-202695-1629611,L. Williams - N. Batum - P. George - K. Leonard - T. Mann,1610612746,2020-21
201587-202326-202331-202695-202704,N. Batum - D. Cousins - P. George - K. Leonard - R. Jackson,1610612746,2020-21
202331-202335-202695-1628379-1629611,P. George - P. Patterson - K. Leonard - L. Kennard - T. Mann,1610612746,2020-21
201976-202331-202695-203090-1627826,P. Beverley - P. George - K. Leonard - M. Harkless - I. Zubac,1610612746,2019-20
201976-202331-202694-202695-1627826,P. Beverley - P. George - M. Morris Sr. - K. Leonard - I. Zubac,1610612746,2019-20
201976-202335-202695-1627826-1629013,P. Beverley - P. Patterson - K. Leonard - I. Zubac - L. Shamet,1610612746,2019-20
201976-202695-203090-1627826-1629013,P. Beverley - K. Leonard - M. Harkless - I. Zubac - L. Shamet,1610612746,2019-20
101150-201976-202331-202695-1626149,L. Williams - P. Beverley - P. George - K. Leonard - M. Harrell,1610612746,2019-20
101150-202695-203090-203210-1626149,L. Williams - K. Leonard - M. Harkless - J. Green - M. Harrell,1610612746,2019-20
101150-202695-203210-1626149-1629013,L. Williams - K. Leonard - J. Green - M. Harrell - L. Shamet,1610612746,2019-20
101150-201976-202695-203210-1626149,L. Williams - P. Beverley - K. Leonard - J. Green - M. Harrell,1610612746,2019-20
202331-202694-202695-202704-1627826,P. George - M. Morris Sr. - K. Leonard - R. Jackson - I. Zubac,1610612746,2019-20
101150-202695-203210-203585-1626149,L. Williams - K. Leonard - J. Green - R. McGruder - M. Harrell,1610612746,2019-20
101150-201976-202695-1626149-1629013,L. Williams - P. Beverley - K. Leonard - M. Harrell - L. Shamet,1610612746,2019-20
101150-202694-202695-1626149-1629013,L. Williams - M. Morris Sr. - K. Leonard - M. Harrell - L. Shamet,1610612746,2019-20
202694-202695-202704-1627826-1629013,M. Morris Sr. - K. Leonard - R. Jackson - I. Zubac - L. Shamet,1610612746,2019-20
202331-202694-202695-1627826-1629013,P. George - M. Morris Sr. - K. Leonard - I. Zubac - L. Shamet,1610612746,2019-20
202335-202695-203090-1627826-1629013,P. Patterson - K. Leonard - M. Harkless - I. Zubac - L. Shamet,1610612746,2019-20
101150-202695-203090-1626149-1629013,L. Williams - K. Leonard - M. Harkless - M. Harrell - L. Shamet,1610612746,2019-20
101150-201976-202695-203090-1626149,L. Williams - P. Beverley - K. Leonard - M. Harkless - M. Harrell,1610612746,2019-20
101150-202694-202695-1627826-1629013,L. Williams - M. Morris Sr. - K. Leonard - I. Zubac - L. Shamet,1610612746,2019-20
202331-202695-203090-1627826-1629013,P. George - K. Leonard - M. Harkless - I. Zubac - L. Shamet,1610612746,2019-20
101150-201976-202695-203090-1627826,L. Williams - P. Beverley - K. Leonard - M. Harkless - I. Zubac,1610612746,2019-20
201976-202331-202695-203090-1626149,P. Beverley - P. George - K. Leonard - M. Harkless - M. Harrell,1610612746,2019-20
101150-202331-202695-203210-1626149,L. Williams - P. George - K. Leonard - J. Green - M. Harrell,1610612746,2019-20
201976-202331-202695-203210-1626149,P. Beverley - P. George - K. Leonard - J. Green - M. Harrell,1610612746,2019-20
101150-202331-202694-202695-1627826,L. Williams - P. George - M. Morris Sr. - K. Leonard - I. Zubac,1610612746,2019-20
201976-202695-203210-1626149-1629013,P. Beverley - K. Leonard - J. Green - M. Harrell - L. Shamet,1610612746,2019-20
101150-202695-203090-1627826-1629013,L. Williams - K. Leonard - M. Harkless - I. Zubac - L. Shamet,1610612746,2019-20
101150-201976-202335-202695-1627826,L. Williams - P. Beverley - P. Patterson - K. Leonard - I. Zubac,1610612746,2019-20
101150-202331-202695-203090-1626149,L. Williams - P. George - K. Leonard - M. Harkless - M. Harrell,1610612746,2019-20
101150-202331-202335-202695-1626149,L. Williams - P. George - P. Patterson - K. Leonard - M. Harrell,1610612746,2019-20
202695-203090-1627826-1628476-1629013,K. Leonard - M. Harkless - I. Zubac - D. Walton Jr. - L. Shamet,1610612746,2019-20
101150-201976-202331-202695-1627826,L. Williams - P. Beverley - P. George - K. Leonard - I. Zubac,1610612746,2019-20
101150-202331-202695-203090-1627826,L. Williams - P. George - K. Leonard - M. Harkless - I. Zubac,1610612746,2019-20
201976-202695-203585-1627826-1629013,P. Beverley - K. Leonard - R. McGruder - I. Zubac - L. Shamet,1610612746,2019-20
201976-202331-202335-202695-1627826,P. Beverley - P. George - P. Patterson - K. Leonard - I. Zubac,1610612746,2019-20
101150-202331-202695-1626149-1629013,L. Williams - P. George - K. Leonard - M. Harrell - L. Shamet,1610612746,2019-20
201976-202331-202695-1626149-1629013,P. Beverley - P. George - K. Leonard - M. Harrell - L. Shamet,1610612746,2019-20
101150-202695-203585-1626149-1629013,L. Williams - K. Leonard - R. McGruder - M. Harrell - L. Shamet,1610612746,2019-20
101150-202331-202694-202695-1626149,L. Williams - P. George - M. Morris Sr. - K. Leonard - M. Harrell,1610612746,2019-20
101150-202335-202695-1626149-1629013,L. Williams - P. Patterson - K. Leonard - M. Harrell - L. Shamet,1610612746,2019-20
202331-202695-203090-1627826-1629611,P. George - K. Leonard - M. Harkless - I. Zubac - T. Mann,1610612746,2019-20
101150-202694-202695-202704-1627826,L. Williams - M. Morris Sr. - K. Leonard - R. Jackson - I. Zubac,1610612746,2019-20
101150-202331-202695-1627826-1629013,L. Williams - P. George - K. Leonard - I. Zubac - L. Shamet,1610612746,2019-20
201976-202331-202694-202695-1626149,P. Beverley - P. George - M. Morris Sr. - K. Leonard - M. Harrell,1610612746,2019-20
101150-202331-202694-202695-203210,L. Williams - P. George - M. Morris Sr. - K. Leonard - J. Green,1610612746,2019-20
101150-202335-202695-1627826-1629013,L. Williams - P. Patterson - K. Leonard - I. Zubac - L. Shamet,1610612746,2019-20
101150-201976-202331-202695-203210,L. Williams - P. Beverley - P. George - K. Leonard - J. Green,1610612746,2019-20
201976-202695-203090-203210-1626149,P. Beverley - K. Leonard - M. Harkless - J. Green - M. Harrell,1610612746,2019-20
201976-202694-202695-1627826-1629013,P. Beverley - M. Morris Sr. - K. Leonard - I. Zubac - L. Shamet,1610612746,2019-20
202331-202695-203210-1627826-1629013,P. George - K. Leonard - J. Green - I. Zubac - L. Shamet,1610612746,2019-20
202331-202694-202695-202704-203210,P. George - M. Morris Sr. - K. Leonard - R. Jackson - J. Green,1610612746,2019-20
202695-203090-203585-1627826-1629013,K. Leonard - M. Harkless - R. McGruder - I. Zubac - L. Shamet,1610612746,2019-20
101150-202335-202695-203210-203585,L. Williams - P. Patterson - K. Leonard - J. Green - R. McGruder,1610612746,2019-20
201976-202331-202695-1627826-1629013,P. Beverley - P. George - K. Leonard - I. Zubac - L. Shamet,1610612746,2019-20
202331-202694-202695-1626149-1629013,P. George - M. Morris Sr. - K. Leonard - M. Harrell - L. Shamet,1610612746,2019-20
101150-202695-1626149-1629010-1629013,L. Williams - K. Leonard - M. Harrell - J. Robinson - L. Shamet,1610612746,2019-20
101150-202694-202695-202704-1626149,L. Williams - M. Morris Sr. - K. Leonard - R. Jackson - M. Harrell,1610612746,2019-20
101150-201976-202695-1627826-1629013,L. Williams - P. Beverley - K. Leonard - I. Zubac - L. Shamet,1610612746,2019-20
101150-202335-202695-203090-1626149,L. Williams - P. Patterson - K. Leonard - M. Harkless - M. Harrell,1610612746,2019-20
202331-202695-203090-1626149-1629013,P. George - K. Leonard - M. Harkless - M. Harrell - L. Shamet,1610612746,2019-20
202331-202335-202695-1627826-1629013,P. George - P. Patterson - K. Leonard - I. Zubac - L. Shamet,1610612746,2019-20
202331-202335-202695-1626149-1628476,P. George - P. Patterson - K. Leonard - M. Harrell - D. Walton Jr.,1610612746,2019-20
202335-202695-202704-203210-1629013,P. Patterson - K. Leonard - R. Jackson - J. Green - L. Shamet,1610612746,2019-20
101150-202695-203210-1626149-1629010,L. Williams - K. Leonard - J. Green - M. Harrell - J. Robinson,1610612746,2019-20
101150-202695-203585-1627826-1629013,L. Williams - K. Leonard - R. McGruder - I. Zubac - L. Shamet,1610612746,2019-20
101150-202331-202695-203210-1629013,L. Williams - P. George - K. Leonard - J. Green - L. Shamet,1610612746,2019-20
201976-202695-203210-1627826-1629013,P. Beverley - K. Leonard - J. Green - I. Zubac - L. Shamet,1610612746,2019-20
201976-202331-202694-202695-203210,P. Beverley - P. George - M. Morris Sr. - K. Leonard - J. Green,1610612746,2019-20
201976-202335-202695-203090-1627826,P. Beverley - P. Patterson - K. Leonard - M. Harkless - I. Zubac,1610612746,2019-20
202331-202695-203090-1627826-1628476,P. George - K. Leonard - M. Harkless - I. Zubac - D. Walton Jr.,1610612746,2019-20
202331-202695-203090-1626149-1628476,P. George - K. Leonard - M. Harkless - M. Harrell - D. Walton Jr.,1610612746,2019-20
202331-202694-202695-203210-1629013,P. George - M. Morris Sr. - K. Leonard - J. Green - L. Shamet,1610612746,2019-20
202695-203210-203585-1626149-1628476,K. Leonard - J. Green - R. McGruder - M. Harrell - D. Walton Jr.,1610612746,2019-20
202695-203090-1627826-1629010-1629013,K. Leonard - M. Harkless - I. Zubac - J. Robinson - L. Shamet,1610612746,2019-20
202695-203090-203210-1626149-1629013,K. Leonard - M. Harkless - J. Green - M. Harrell - L. Shamet,1610612746,2019-20
202695-203090-203585-1626149-1629013,K. Leonard - M. Harkless - R. McGruder - M. Harrell - L. Shamet,1610612746,2019-20
101150-202695-203090-203585-1627826,L. Williams - K. Leonard - M. Harkless - R. McGruder - I. Zubac,1610612746,2019-20
101150-202695-203090-203585-1626149,L. Williams - K. Leonard - M. Harkless - R. McGruder - M. Harrell,1610612746,2019-20
101150-202335-202695-203210-1629013,L. Williams - P. Patterson - K. Leonard - J. Green - L. Shamet,1610612746,2019-20
101150-202335-202695-1626149-1629010,L. Williams - P. Patterson - K. Leonard - M. Harrell - J. Robinson,1610612746,2019-20
201976-202695-203090-1626149-1629013,P. Beverley - K. Leonard - M. Harkless - M. Harrell - L. Shamet,1610612746,2019-20
202695-202704-203210-1626149-1629013,K. Leonard - R. Jackson - J. Green - M. Harrell - L. Shamet,1610612746,2019-20
101150-202695-203210-1627826-1629013,L. Williams - K. Leonard - J. Green - I. Zubac - L. Shamet,1610612746,2019-20
101150-202694-202695-203210-1629013,L. Williams - M. Morris Sr. - K. Leonard - J. Green - L. Shamet,1610612746,2019-20
101150-201976-202335-202695-1626149,L. Williams - P. Beverley - P. Patterson - K. Leonard - M. Harrell,1610612746,2019-20
101150-202331-202695-202704-1626149,L. Williams - P. George - K. Leonard - R. Jackson - M. Harrell,1610612746,2019-20
202694-202695-203210-1629013-1629611,M. Morris Sr. - K. Leonard - J. Green - L. Shamet - T. Mann,1610612746,2019-20
201976-202335-202695-1626149-1629013,P. Beverley - P. Patterson - K. Leonard - M. Harrell - L. Shamet,1610612746,2019-20
202331-202695-1627826-1629013-1629611,P. George - K. Leonard - I. Zubac - L. Shamet - T. Mann,1610612746,2019-20
202331-202695-203210-1626149-1629013,P. George - K. Leonard - J. Green - M. Harrell - L. Shamet,1610612746,2019-20
202331-202335-202695-1626149-1629013,P. George - P. Patterson - K. Leonard - M. Harrell - L. Shamet,1610612746,2019-20
202331-202335-202694-202695-202704,P. George - P. Patterson - M. Morris Sr. - K. Leonard - R. Jackson,1610612746,2019-20
202695-203090-203210-203585-1626149,K. Leonard - M. Harkless - J. Green - R. McGruder - M. Harrell,1610612746,2019-20
202695-203090-203585-1626149-1628476,K. Leonard - M. Harkless - R. McGruder - M. Harrell - D. Walton Jr.,1610612746,2019-20
202695-203090-203585-1626149-1629611,K. Leonard - M. Harkless - R. McGruder - M. Harrell - T. Mann,1610612746,2019-20
101150-202695-203090-1627826-1629010,L. Williams - K. Leonard - M. Harkless - I. Zubac - J. Robinson,1610612746,2019-20
101150-202695-202704-1626149-1629013,L. Williams - K. Leonard - R. Jackson - M. Harrell - L. Shamet,1610612746,2019-20
101150-202694-202695-203210-1626149,L. Williams - M. Morris Sr. - K. Leonard - J. Green - M. Harrell,1610612746,2019-20
101150-202694-202695-1626149-1629599,L. Williams - M. Morris Sr. - K. Leonard - M. Harrell - A. Coffey,1610612746,2019-20
101150-201976-202694-202695-1626149,L. Williams - P. Beverley - M. Morris Sr. - K. Leonard - M. Harrell,1610612746,2019-20
101150-202331-202694-202695-1629013,L. Williams - P. George - M. Morris Sr. - K. Leonard - L. Shamet,1610612746,2019-20
202694-202695-1627826-1629013-1629611,M. Morris Sr. - K. Leonard - I. Zubac - L. Shamet - T. Mann,1610612746,2019-20
202694-202695-1626149-1629013-1629599,M. Morris Sr. - K. Leonard - M. Harrell - L. Shamet - A. Coffey,1610612746,2019-20
201976-202695-203585-1626149-1629013,P. Beverley - K. Leonard - R. McGruder - M. Harrell - L. Shamet,1610612746,2019-20
202331-202695-203090-1627826-1629010,P. George - K. Leonard - M. Harkless - I. Zubac - J. Robinson,1610612746,2019-20
202331-202695-203090-203210-1626149,P. George - K. Leonard - M. Harkless - J. Green - M. Harrell,1610612746,2019-20
202331-202694-202695-202704-1626149,P. George - M. Morris Sr. - K. Leonard - R. Jackson - M. Harrell,1610612746,2019-20
202331-202335-202695-202704-1627826,P. George - P. Patterson - K. Leonard - R. Jackson - I. Zubac,1610612746,2019-20
202331-202335-202695-202704-203210,P. George - P. Patterson - K. Leonard - R. Jackson - J. Green,1610612746,2019-20
202331-202335-202694-202695-1629013,P. George - P. Patterson - M. Morris Sr. - K. Leonard - L. Shamet,1610612746,2019-20
202335-202695-203090-1626149-1629013,P. Patterson - K. Leonard - M. Harkless - M. Harrell - L. Shamet,1610612746,2019-20
200768-201586-201980-202695-1627783,K. Lowry - S. Ibaka - D. Green - K. Leonard - P. Siakam,1610612761,2018-19
201586-201980-202695-1627783-1627832,S. Ibaka - D. Green - K. Leonard - P. Siakam - F. VanVleet,1610612761,2018-19
200768-201188-201980-202695-1627783,K. Lowry - M. Gasol - D. Green - K. Leonard - P. Siakam,1610612761,2018-19
200768-201980-202685-202695-1627783,K. Lowry - D. Green - J. Valanciunas - K. Leonard - P. Siakam,1610612761,2018-19
201188-201980-202695-1627783-1627832,M. Gasol - D. Green - K. Leonard - P. Siakam - F. VanVleet,1610612761,2018-19
200768-201586-202695-1627783-1627832,K. Lowry - S. Ibaka - K. Leonard - P. Siakam - F. VanVleet,1610612761,2018-19
200768-201586-201980-202695-1628384,K. Lowry - S. Ibaka - D. Green - K. Leonard - O. Anunoby,1610612761,2018-19
200768-201586-201980-202695-1627832,K. Lowry - S. Ibaka - D. Green - K. Leonard - F. VanVleet,1610612761,2018-19
200768-201586-202695-1627832-1628384,K. Lowry - S. Ibaka - K. Leonard - F. VanVleet - O. Anunoby,1610612761,2018-19
201188-201980-202391-202695-1627783,M. Gasol - D. Green - J. Lin - K. Leonard - P. Siakam,1610612761,2018-19
101139-201586-201980-202695-1626153,C. Miles - S. Ibaka - D. Green - K. Leonard - D. Wright,1610612761,2018-19
201586-201980-202695-1627832-1628384,S. Ibaka - D. Green - K. Leonard - F. VanVleet - O. Anunoby,1610612761,2018-19
202685-202695-1626153-1627832-1628384,J. Valanciunas - K. Leonard - D. Wright - F. VanVleet - O. Anunoby,1610612761,2018-19
201586-202695-1626153-1627783-1627832,S. Ibaka - K. Leonard - D. Wright - P. Siakam - F. VanVleet,1610612761,2018-19
201586-202391-202695-1626181-1628384,S. Ibaka - J. Lin - K. Leonard - N. Powell - O. Anunoby,1610612761,2018-19
201586-201980-202695-1626153-1627783,S. Ibaka - D. Green - K. Leonard - D. Wright - P. Siakam,1610612761,2018-19
101139-202685-202695-1626153-1628384,C. Miles - J. Valanciunas - K. Leonard - D. Wright - O. Anunoby,1610612761,2018-19
200768-201980-202685-202695-1628384,K. Lowry - D. Green - J. Valanciunas - K. Leonard - O. Anunoby,1610612761,2018-19
201586-202695-1626181-1627832-1628384,S. Ibaka - K. Leonard - N. Powell - F. VanVleet - O. Anunoby,1610612761,2018-19
202328-202695-1626153-1626181-1628384,G. Monroe - K. Leonard - D. Wright - N. Powell - O. Anunoby,1610612761,2018-19
202695-1626153-1626181-1627783-1627832,K. Leonard - D. Wright - N. Powell - P. Siakam - F. VanVleet,1610612761,2018-19
200768-201586-202695-1626181-1627783,K. Lowry - S. Ibaka - K. Leonard - N. Powell - P. Siakam,1610612761,2018-19
202695-1626153-1627783-1627832-1628384,K. Leonard - D. Wright - P. Siakam - F. VanVleet - O. Anunoby,1610612761,2018-19
200768-201980-202695-1627783-1627832,K. Lowry - D. Green - K. Leonard - P. Siakam - F. VanVleet,1610612761,2018-19
200768-202685-202695-1627832-1628384,K. Lowry - J. Valanciunas - K. Leonard - F. VanVleet - O. Anunoby,1610612761,2018-19
200768-201586-202391-202695-1627783,K. Lowry - S. Ibaka - J. Lin - K. Leonard - P. Siakam,1610612761,2018-19
201586-201980-202695-1626153-1628384,S. Ibaka - D. Green - K. Leonard - D. Wright - O. Anunoby,1610612761,2018-19
201586-201980-202695-1626181-1627832,S. Ibaka - D. Green - K. Leonard - N. Powell - F. VanVleet,1610612761,2018-19
101139-201586-201980-202695-1627832,C. Miles - S. Ibaka - D. Green - K. Leonard - F. VanVleet,1610612761,2018-19
200768-202685-202695-1627783-1627832,K. Lowry - J. Valanciunas - K. Leonard - P. Siakam - F. VanVleet,1610612761,2018-19
200768-201188-202695-1627783-1627832,K. Lowry - M. Gasol - K. Leonard - P. Siakam - F. VanVleet,1610612761,2018-19
200768-201586-202695-1626153-1627783,K. Lowry - S. Ibaka - K. Leonard - D. Wright - P. Siakam,1610612761,2018-19
201980-202328-202695-1627783-1627832,D. Green - G. Monroe - K. Leonard - P. Siakam - F. VanVleet,1610612761,2018-19
202328-202695-1626181-1627832-1628384,G. Monroe - K. Leonard - N. Powell - F. VanVleet - O. Anunoby,1610612761,2018-19
201586-202695-1626181-1627783-1627832,S. Ibaka - K. Leonard - N. Powell - P. Siakam - F. VanVleet,1610612761,2018-19
200768-201188-202695-1627775-1628384,K. Lowry - M. Gasol - K. Leonard - P. McCaw - O. Anunoby,1610612761,2018-19
201188-201980-202695-1627832-1628384,M. Gasol - D. Green - K. Leonard - F. VanVleet - O. Anunoby,1610612761,2018-19
201980-202328-202695-1627832-1628384,D. Green - G. Monroe - K. Leonard - F. VanVleet - O. Anunoby,1610612761,2018-19
201980-202695-1626181-1627783-1627832,D. Green - K. Leonard - N. Powell - P. Siakam - F. VanVleet,1610612761,2018-19
202328-202695-1626181-1627783-1627832,G. Monroe - K. Leonard - N. Powell - P. Siakam - F. VanVleet,1610612761,2018-19
200768-201980-202328-202695-1627783,K. Lowry - D. Green - G. Monroe - K. Leonard - P. Siakam,1610612761,2018-19
200768-201188-201980-202695-1627832,K. Lowry - M. Gasol - D. Green - K. Leonard - F. VanVleet,1610612761,2018-19
200768-201188-202695-1627775-1627832,K. Lowry - M. Gasol - K. Leonard - P. McCaw - F. VanVleet,1610612761,2018-19
200768-201188-202695-1627775-1627783,K. Lowry - M. Gasol - K. Leonard - P. McCaw - P. Siakam,1610612761,2018-19
201586-201980-202391-202695-1627783,S. Ibaka - D. Green - J. Lin - K. Leonard - P. Siakam,1610612761,2018-19
101139-200768-201586-201980-202695,C. Miles - K. Lowry - S. Ibaka - D. Green - K. Leonard,1610612761,2018-19
201980-202695-1626153-1627783-1628384,D. Green - K. Leonard - D. Wright - P. Siakam - O. Anunoby,1610612761,2018-19
201980-202695-203485-1627783-1627832,D. Green - K. Leonard - L. Brown - P. Siakam - F. VanVleet,1610612761,2018-19
200768-202685-202695-1626153-1627783,K. Lowry - J. Valanciunas - K. Leonard - D. Wright - P. Siakam,1610612761,2018-19
200768-202695-1626181-1627783-1627832,K. Lowry - K. Leonard - N. Powell - P. Siakam - F. VanVleet,1610612761,2018-19
201188-201980-202695-1626181-1627832,M. Gasol - D. Green - K. Leonard - N. Powell - F. VanVleet,1610612761,2018-19
101139-201586-202695-203485-1626181,C. Miles - S. Ibaka - K. Leonard - L. Brown - N. Powell,1610612761,2018-19
202328-202695-1626153-1627832-1628384,G. Monroe - K. Leonard - D. Wright - F. VanVleet - O. Anunoby,1610612761,2018-19
202328-202695-1626153-1626181-1627832,G. Monroe - K. Leonard - D. Wright - N. Powell - F. VanVleet,1610612761,2018-19
202685-202695-1626153-1627783-1627832,J. Valanciunas - K. Leonard - D. Wright - P. Siakam - F. VanVleet,1610612761,2018-19
200768-202328-202695-1627832-1628384,K. Lowry - G. Monroe - K. Leonard - F. VanVleet - O. Anunoby,1610612761,2018-19
200768-201188-202391-202695-1627783,K. Lowry - M. Gasol - J. Lin - K. Leonard - P. Siakam,1610612761,2018-19
200768-201586-201980-202695-1626181,K. Lowry - S. Ibaka - D. Green - K. Leonard - N. Powell,1610612761,2018-19
200768-201586-202695-1626181-1627832,K. Lowry - S. Ibaka - K. Leonard - N. Powell - F. VanVleet,1610612761,2018-19
101139-202685-202695-1627832-1628384,C. Miles - J. Valanciunas - K. Leonard - F. VanVleet - O. Anunoby,1610612761,2018-19
101139-200768-201586-202695-1627832,C. Miles - K. Lowry - S. Ibaka - K. Leonard - F. VanVleet,1610612761,2018-19
101139-201586-202695-1626153-1627781,C. Miles - S. Ibaka - K. Leonard - D. Wright - M. Richardson,1610612761,2018-19
101139-201586-202695-1626181-1627832,C. Miles - S. Ibaka - K. Leonard - N. Powell - F. VanVleet,1610612761,2018-19
201980-202328-202695-1626181-1627832,D. Green - G. Monroe - K. Leonard - N. Powell - F. VanVleet,1610612761,2018-19
201980-202695-1627783-1627832-1628384,D. Green - K. Leonard - P. Siakam - F. VanVleet - O. Anunoby,1610612761,2018-19
202685-202695-203485-1626153-1627832,J. Valanciunas - K. Leonard - L. Brown - D. Wright - F. VanVleet,1610612761,2018-19
202695-203961-1627775-1627783-1628384,K. Leonard - E. Moreland - P. McCaw - P. Siakam - O. Anunoby,1610612761,2018-19
202695-1626181-1627783-1627832-1628384,K. Leonard - N. Powell - P. Siakam - F. VanVleet - O. Anunoby,1610612761,2018-19
200768-201980-202685-202695-1627832,K. Lowry - D. Green - J. Valanciunas - K. Leonard - F. VanVleet,1610612761,2018-19
200768-201980-202695-1627783-1628384,K. Lowry - D. Green - K. Leonard - P. Siakam - O. Anunoby,1610612761,2018-19
200768-202685-202695-1627783-1628384,K. Lowry - J. Valanciunas - K. Leonard - P. Siakam - O. Anunoby,1610612761,2018-19
200768-202695-1626153-1627783-1628384,K. Lowry - K. Leonard - D. Wright - P. Siakam - O. Anunoby,1610612761,2018-19
200768-201188-201975-201980-202695,K. Lowry - M. Gasol - J. Meeks - D. Green - K. Leonard,1610612761,2018-19
200768-201586-201980-202695-1626153,K. Lowry - S. Ibaka - D. Green - K. Leonard - D. Wright,1610612761,2018-19
200768-201586-202695-1626153-1627775,K. Lowry - S. Ibaka - K. Leonard - D. Wright - P. McCaw,1610612761,2018-19
201188-202391-202695-1627832-1628384,M. Gasol - J. Lin - K. Leonard - F. VanVleet - O. Anunoby,1610612761,2018-19
201188-202391-202695-1626181-1627783,M. Gasol - J. Lin - K. Leonard - N. Powell - P. Siakam,1610612761,2018-19
201188-202695-1626181-1627775-1627832,M. Gasol - K. Leonard - N. Powell - P. McCaw - F. VanVleet,1610612761,2018-19
201188-202695-1626181-1627775-1628384,M. Gasol - K. Leonard - N. Powell - P. McCaw - O. Anunoby,1610612761,2018-19
201586-201980-202391-202695-1628384,S. Ibaka - D. Green - J. Lin - K. Leonard - O. Anunoby,1610612761,2018-19
201586-202695-1627783-1627832-1628384,S. Ibaka - K. Leonard - P. Siakam - F. VanVleet - O. Anunoby,1610612761,2018-19
101139-202695-203485-1627832-1628384,C. Miles - K. Leonard - L. Brown - F. VanVleet - O. Anunoby,1610612761,2018-19
201980-202685-202695-1627783-1627832,D. Green - J. Valanciunas - K. Leonard - P. Siakam - F. VanVleet,1610612761,2018-19
202695-203485-1627783-1627832-1628449,K. Leonard - L. Brown - P. Siakam - F. VanVleet - C. Boucher,1610612761,2018-19
200768-201188-202695-1626181-1627783,K. Lowry - M. Gasol - K. Leonard - N. Powell - P. Siakam,1610612761,2018-19
200768-201586-202695-1626153-1627832,K. Lowry - S. Ibaka - K. Leonard - D. Wright - F. VanVleet,1610612761,2018-19
200768-201586-202695-203485-1627783,K. Lowry - S. Ibaka - K. Leonard - L. Brown - P. Siakam,1610612761,2018-19
201188-202695-1627775-1627783-1627832,M. Gasol - K. Leonard - P. McCaw - P. Siakam - F. VanVleet,1610612761,2018-19
201188-201586-201980-202695-1627832,M. Gasol - S. Ibaka - D. Green - K. Leonard - F. VanVleet,1610612761,2018-19
201586-202695-203485-1626181-1627783,S. Ibaka - K. Leonard - L. Brown - N. Powell - P. Siakam,1610612761,2018-19
201586-202695-1627775-1627783-1627832,S. Ibaka - K. Leonard - P. McCaw - P. Siakam - F. VanVleet,1610612761,2018-19
2200-2225-200746-201980-202695,P. Gasol - T. Parker - L. Aldridge - D. Green - K. Leonard,1610612759,2017-18
2200-2225-202695-203937-1627854,P. Gasol - T. Parker - K. Leonard - K. Anderson - B. Forbes,1610612759,2017-18
2200-2225-200746-202695-1627854,P. Gasol - T. Parker - L. Aldridge - K. Leonard - B. Forbes,1610612759,2017-18
2225-200746-201980-202695-203937,T. Parker - L. Aldridge - D. Green - K. Leonard - K. Anderson,1610612759,2017-18
2225-200746-202695-203530-1627854,T. Parker - L. Aldridge - K. Leonard - J. Lauvergne - B. Forbes,1610612759,2017-18
1938-2200-200752-201988-202695,M. Ginobili - P. Gasol - R. Gay - P. Mills - K. Leonard,1610612759,2017-18
2200-2225-201980-202695-202722,P. Gasol - T. Parker - D. Green - K. Leonard - D. Bertans,1610612759,2017-18
2200-2225-200746-202695-203937,P. Gasol - T. Parker - L. Aldridge - K. Leonard - K. Anderson,1610612759,2017-18
2225-202695-202722-203530-1627854,T. Parker - K. Leonard - D. Bertans - J. Lauvergne - B. Forbes,1610612759,2017-18
2225-200746-201980-202695-202722,T. Parker - L. Aldridge - D. Green - K. Leonard - D. Bertans,1610612759,2017-18
200746-202695-202722-1627749-1627854,L. Aldridge - K. Leonard - D. Bertans - D. Murray - B. Forbes,1610612759,2017-18
200746-200752-201988-202695-1627854,L. Aldridge - R. Gay - P. Mills - K. Leonard - B. Forbes,1610612759,2017-18
1938-200746-201988-202695-1627854,M. Ginobili - L. Aldridge - P. Mills - K. Leonard - B. Forbes,1610612759,2017-18
1938-200746-201988-202695-202722,M. Ginobili - L. Aldridge - P. Mills - K. Leonard - D. Bertans,1610612759,2017-18
2225-202695-202722-203464-203530,T. Parker - K. Leonard - D. Bertans - B. Paul - J. Lauvergne,1610612759,2017-18
2200-2225-200746-201980-202695,P. Gasol - T. Parker - L. Aldridge - D. Green - K. Leonard,1610612759,2016-17
2225-200746-201980-202695-203473,T. Parker - L. Aldridge - D. Green - K. Leonard - D. Dedmon,1610612759,2016-17
1938-2200-200746-201988-202695,M. Ginobili - P. Gasol - L. Aldridge - P. Mills - K. Leonard,1610612759,2016-17
2225-101135-200746-201980-202695,T. Parker - D. Lee - L. Aldridge - D. Green - K. Leonard,1610612759,2016-17
2200-200746-201980-201988-202695,P. Gasol - L. Aldridge - D. Green - P. Mills - K. Leonard,1610612759,2016-17
1938-101135-200746-201988-202695,M. Ginobili - D. Lee - L. Aldridge - P. Mills - K. Leonard,1610612759,2016-17
1938-2200-101135-201988-202695,M. Ginobili - P. Gasol - D. Lee - P. Mills - K. Leonard,1610612759,2016-17
1938-2200-2225-200746-202695,M. Ginobili - P. Gasol - T. Parker - L. Aldridge - K. Leonard,1610612759,2016-17
2200-200746-201988-202695-203937,P. Gasol - L. Aldridge - P. Mills - K. Leonard - K. Anderson,1610612759,2016-17
2200-2225-200746-202695-203613,P. Gasol - T. Parker - L. Aldridge - K. Leonard - J. Simmons,1610612759,2016-17
101135-200746-201980-201988-202695,D. Lee - L. Aldridge - D. Green - P. Mills - K. Leonard,1610612759,2016-17
200746-201980-201988-202695-203473,L. Aldridge - D. Green - P. Mills - K. Leonard - D. Dedmon,1610612759,2016-17
2225-200746-202695-203473-203613,T. Parker - L. Aldridge - K. Leonard - D. Dedmon - J. Simmons,1610612759,2016-17
2200-2225-200746-202695-203937,P. Gasol - T. Parker - L. Aldridge - K. Leonard - K. Anderson,1610612759,2016-17
2225-200746-201980-202695-202722,T. Parker - L. Aldridge - D. Green - K. Leonard - D. Bertans,1610612759,2016-17
2200-2225-101135-201980-202695,P. Gasol - T. Parker - D. Lee - D. Green - K. Leonard,1610612759,2016-17
1938-101135-201988-202695-203473,M. Ginobili - D. Lee - P. Mills - K. Leonard - D. Dedmon,1610612759,2016-17
1938-200746-201988-202695-203473,M. Ginobili - L. Aldridge - P. Mills - K. Leonard - D. Dedmon,1610612759,2016-17
2200-200746-201988-202695-203613,P. Gasol - L. Aldridge - P. Mills - K. Leonard - J. Simmons,1610612759,2016-17
200746-201980-202695-203473-1627749,L. Aldridge - D. Green - K. Leonard - D. Dedmon - D. Murray,1610612759,2016-17
101135-200746-201980-202695-1627749,D. Lee - L. Aldridge - D. Green - K. Leonard - D. Murray,1610612759,2016-17
2200-200746-201980-202695-1627879,P. Gasol - L. Aldridge - D. Green - K. Leonard - N. Laprovittola,1610612759,2016-17
101135-200746-201988-202695-203613,D. Lee - L. Aldridge - P. Mills - K. Leonard - J. Simmons,1610612759,2016-17
200746-201988-202695-203473-203613,L. Aldridge - P. Mills - K. Leonard - D. Dedmon - J. Simmons,1610612759,2016-17
1938-200746-201980-201988-202695,M. Ginobili - L. Aldridge - D. Green - P. Mills - K. Leonard,1610612759,2016-17
101135-201980-201988-202695-203473,D. Lee - D. Green - P. Mills - K. Leonard - D. Dedmon,1610612759,2016-17
2200-2225-101135-202695-203937,P. Gasol - T. Parker - D. Lee - K. Leonard - K. Anderson,1610612759,2016-17
1938-2225-101135-200746-202695,M. Ginobili - T. Parker - D. Lee - L. Aldridge - K. Leonard,1610612759,2016-17
2225-101135-201980-202695-203473,T. Parker - D. Lee - D. Green - K. Leonard - D. Dedmon,1610612759,2016-17
2225-101135-200746-202695-203613,T. Parker - D. Lee - L. Aldridge - K. Leonard - J. Simmons,1610612759,2016-17
2200-101135-201980-201988-202695,P. Gasol - D. Lee - D. Green - P. Mills - K. Leonard,1610612759,2016-17
2225-202695-202722-203473-203937,T. Parker - K. Leonard - D. Bertans - D. Dedmon - K. Anderson,1610612759,2016-17
101135-201988-202695-203613-203937,D. Lee - P. Mills - K. Leonard - J. Simmons - K. Anderson,1610612759,2016-17
200746-201980-202695-203473-1627879,L. Aldridge - D. Green - K. Leonard - D. Dedmon - N. Laprovittola,1610612759,2016-17
2200-2225-101135-202695-203613,P. Gasol - T. Parker - D. Lee - K. Leonard - J. Simmons,1610612759,2016-17
2225-201980-202695-202722-203473,T. Parker - D. Green - K. Leonard - D. Bertans - D. Dedmon,1610612759,2016-17
101135-201988-202695-202722-203613,D. Lee - P. Mills - K. Leonard - D. Bertans - J. Simmons,1610612759,2016-17
101135-201988-202695-203473-203613,D. Lee - P. Mills - K. Leonard - D. Dedmon - J. Simmons,1610612759,2016-17
200746-201980-201988-202695-203937,L. Aldridge - D. Green - P. Mills - K. Leonard - K. Anderson,1610612759,2016-17
1938-2200-201988-202695-202722,M. Ginobili - P. Gasol - P. Mills - K. Leonard - D. Bertans,1610612759,2016-17
2200-2225-201980-202695-202722,P. Gasol - T. Parker - D. Green - K. Leonard - D. Bertans,1610612759,2016-17
2225-202695-202722-203473-203613,T. Parker - K. Leonard - D. Bertans - D. Dedmon - J. Simmons,1610612759,2016-17
1938-101135-202695-203473-1627749,M. Ginobili - D. Lee - K. Leonard - D. Dedmon - D. Murray,1610612759,2016-17
1938-101135-201988-202695-202722,M. Ginobili - D. Lee - P. Mills - K. Leonard - D. Bertans,1610612759,2016-17
1938-200746-201988-202695-202722,M. Ginobili - L. Aldridge - P. Mills - K. Leonard - D. Bertans,1610612759,2016-17
1938-200746-201988-202695-203613,M. Ginobili - L. Aldridge - P. Mills - K. Leonard - J. Simmons,1610612759,2016-17
1938-201988-202695-202722-203473,M. Ginobili - P. Mills - K. Leonard - D. Bertans - D. Dedmon,1610612759,2016-17
1938-2225-200746-202695-203473,M. Ginobili - T. Parker - L. Aldridge - K. Leonard - D. Dedmon,1610612759,2016-17
2200-101135-201988-202695-203937,P. Gasol - D. Lee - P. Mills - K. Leonard - K. Anderson,1610612759,2016-17
2225-200746-202695-203473-203937,T. Parker - L. Aldridge - K. Leonard - D. Dedmon - K. Anderson,1610612759,2016-17
101135-201980-201988-202695-202722,D. Lee - D. Green - P. Mills - K. Leonard - D. Bertans,1610612759,2016-17
200746-201988-202695-203473-203937,L. Aldridge - P. Mills - K. Leonard - D. Dedmon - K. Anderson,1610612759,2016-17
1938-101135-200746-202695-1627749,M. Ginobili - D. Lee - L. Aldridge - K. Leonard - D. Murray,1610612759,2016-17
1938-2200-201988-202695-203473,M. Ginobili - P. Gasol - P. Mills - K. Leonard - D. Dedmon,1610612759,2016-17
2200-201980-202695-202722-1627749,P. Gasol - D. Green - K. Leonard - D. Bertans - D. Murray,1610612759,2016-17
2200-202695-203613-203937-1627854,P. Gasol - K. Leonard - J. Simmons - K. Anderson - B. Forbes,1610612759,2016-17
2200-2225-202695-202722-203613,P. Gasol - T. Parker - K. Leonard - D. Bertans - J. Simmons,1610612759,2016-17
2225-200746-202695-202722-203613,T. Parker - L. Aldridge - K. Leonard - D. Bertans - J. Simmons,1610612759,2016-17
2225-200746-202695-203473-1627854,T. Parker - L. Aldridge - K. Leonard - D. Dedmon - B. Forbes,1610612759,2016-17
1938-2200-201988-202695-203613,M. Ginobili - P. Gasol - P. Mills - K. Leonard - J. Simmons,1610612759,2016-17
2200-101135-201988-202695-203613,P. Gasol - D. Lee - P. Mills - K. Leonard - J. Simmons,1610612759,2016-17
2225-200746-201980-202695-203613,T. Parker - L. Aldridge - D. Green - K. Leonard - J. Simmons,1610612759,2016-17
200746-201988-202695-202722-203613,L. Aldridge - P. Mills - K. Leonard - D. Bertans - J. Simmons,1610612759,2016-17
1938-200746-201988-202695-203937,M. Ginobili - L. Aldridge - P. Mills - K. Leonard - K. Anderson,1610612759,2016-17
2200-200746-201980-202695-1627749,P. Gasol - L. Aldridge - D. Green - K. Leonard - D. Murray,1610612759,2016-17
2225-101135-200746-201988-202695,T. Parker - D. Lee - L. Aldridge - P. Mills - K. Leonard,1610612759,2016-17
101135-200746-201988-202695-1627854,D. Lee - L. Aldridge - P. Mills - K. Leonard - B. Forbes,1610612759,2016-17
200746-201980-202695-203937-1627749,L. Aldridge - D. Green - K. Leonard - K. Anderson - D. Murray,1610612759,2016-17
200746-202695-203473-203613-1627879,L. Aldridge - K. Leonard - D. Dedmon - J. Simmons - N. Laprovittola,1610612759,2016-17
1938-101135-201988-202695-203937,M. Ginobili - D. Lee - P. Mills - K. Leonard - K. Anderson,1610612759,2016-17
1938-2225-200746-201980-202695,M. Ginobili - T. Parker - L. Aldridge - D. Green - K. Leonard,1610612759,2016-17
2200-2225-201980-202695-203473,P. Gasol - T. Parker - D. Green - K. Leonard - D. Dedmon,1610612759,2016-17
2200-2225-200746-201988-202695,P. Gasol - T. Parker - L. Aldridge - P. Mills - K. Leonard,1610612759,2016-17
201988-202695-202722-203473-203613,P. Mills - K. Leonard - D. Bertans - D. Dedmon - J. Simmons,1610612759,2016-17
201980-201988-202695-203473-203613,D. Green - P. Mills - K. Leonard - D. Dedmon - J. Simmons,1610612759,2016-17
1938-101135-201980-201988-202695,M. Ginobili - D. Lee - D. Green - P. Mills - K. Leonard,1610612759,2016-17
1938-101135-202695-203473-1627879,M. Ginobili - D. Lee - K. Leonard - D. Dedmon - N. Laprovittola,1610612759,2016-17
1938-2225-101135-202695-203473,M. Ginobili - T. Parker - D. Lee - K. Leonard - D. Dedmon,1610612759,2016-17
1938-2225-202695-202722-203473,M. Ginobili - T. Parker - K. Leonard - D. Bertans - D. Dedmon,1610612759,2016-17
2200-201980-201988-202695-202722,P. Gasol - D. Green - P. Mills - K. Leonard - D. Bertans,1610612759,2016-17
2200-202695-202722-1627749-1627854,P. Gasol - K. Leonard - D. Bertans - D. Murray - B. Forbes,1610612759,2016-17
2200-202695-202722-203613-1627854,P. Gasol - K. Leonard - D. Bertans - J. Simmons - B. Forbes,1610612759,2016-17
2200-200746-201980-202695-203613,P. Gasol - L. Aldridge - D. Green - K. Leonard - J. Simmons,1610612759,2016-17
2200-2225-202695-203937-1627749,P. Gasol - T. Parker - K. Leonard - K. Anderson - D. Murray,1610612759,2016-17
2225-200746-202695-202722-203937,T. Parker - L. Aldridge - K. Leonard - D. Bertans - K. Anderson,1610612759,2016-17
101135-201980-202695-203473-1627749,D. Lee - D. Green - K. Leonard - D. Dedmon - D. Murray,1610612759,2016-17
101135-201980-202695-203937-1627749,D. Lee - D. Green - K. Leonard - K. Anderson - D. Murray,1610612759,2016-17
200746-201988-202695-202722-1627854,L. Aldridge - P. Mills - K. Leonard - D. Bertans - B. Forbes,1610612759,2016-17
1938-101135-202695-202722-203613,M. Ginobili - D. Lee - K. Leonard - D. Bertans - J. Simmons,1610612759,2016-17
1938-101135-200746-201980-202695,M. Ginobili - D. Lee - L. Aldridge - D. Green - K. Leonard,1610612759,2016-17
1938-200746-202695-203613-1627879,M. Ginobili - L. Aldridge - K. Leonard - J. Simmons - N. Laprovittola,1610612759,2016-17
1938-2225-200746-202695-203613,M. Ginobili - T. Parker - L. Aldridge - K. Leonard - J. Simmons,1610612759,2016-17
2200-200746-201988-202695-1627854,P. Gasol - L. Aldridge - P. Mills - K. Leonard - B. Forbes,1610612759,2016-17
2200-201988-202695-202722-203613,P. Gasol - P. Mills - K. Leonard - D. Bertans - J. Simmons,1610612759,2016-17
2200-201988-202695-203473-203937,P. Gasol - P. Mills - K. Leonard - D. Dedmon - K. Anderson,1610612759,2016-17
2225-101135-202695-203473-203937,T. Parker - D. Lee - K. Leonard - D. Dedmon - K. Anderson,1610612759,2016-17
2200-200746-202695-203937-1627879,P. Gasol - L. Aldridge - K. Leonard - K. Anderson - N. Laprovittola,1610612759,2016-17
2200-2225-101135-201988-202695,P. Gasol - T. Parker - D. Lee - P. Mills - K. Leonard,1610612759,2016-17
2200-2225-202695-202722-203937,P. Gasol - T. Parker - K. Leonard - D. Bertans - K. Anderson,1610612759,2016-17
1495-2225-200746-201980-202695,T. Duncan - T. Parker - L. Aldridge - D. Green - K. Leonard,1610612759,2015-16
2225-2561-200746-201980-202695,T. Parker - D. West - L. Aldridge - D. Green - K. Leonard,1610612759,2015-16
1495-1938-2225-200746-202695,T. Duncan - M. Ginobili - T. Parker - L. Aldridge - K. Leonard,1610612759,2015-16
1938-2564-200746-201988-202695,M. Ginobili - B. Diaw - L. Aldridge - P. Mills - K. Leonard,1610612759,2015-16
1495-2225-2561-201980-202695,T. Duncan - T. Parker - D. West - D. Green - K. Leonard,1610612759,2015-16
2225-2564-200746-201980-202695,T. Parker - B. Diaw - L. Aldridge - D. Green - K. Leonard,1610612759,2015-16
1938-2561-2564-201988-202695,M. Ginobili - D. West - B. Diaw - P. Mills - K. Leonard,1610612759,2015-16
1495-200746-201980-201988-202695,T. Duncan - L. Aldridge - D. Green - P. Mills - K. Leonard,1610612759,2015-16
2225-200746-201980-202695-203937,T. Parker - L. Aldridge - D. Green - K. Leonard - K. Anderson,1610612759,2015-16
1938-2225-2564-200746-202695,M. Ginobili - T. Parker - B. Diaw - L. Aldridge - K. Leonard,1610612759,2015-16
2564-200746-201980-201988-202695,B. Diaw - L. Aldridge - D. Green - P. Mills - K. Leonard,1610612759,2015-16
1495-200746-201980-202695-203492,T. Duncan - L. Aldridge - D. Green - K. Leonard - R. McCallum,1610612759,2015-16
1495-1938-200746-201988-202695,T. Duncan - M. Ginobili - L. Aldridge - P. Mills - K. Leonard,1610612759,2015-16
1495-2225-200746-202695-203937,T. Duncan - T. Parker - L. Aldridge - K. Leonard - K. Anderson,1610612759,2015-16
1938-2225-2561-200746-202695,M. Ginobili - T. Parker - D. West - L. Aldridge - K. Leonard,1610612759,2015-16
1938-2564-201988-202695-1626246,M. Ginobili - B. Diaw - P. Mills - K. Leonard - B. Marjanovic,1610612759,2015-16
1938-2561-200746-201988-202695,M. Ginobili - D. West - L. Aldridge - P. Mills - K. Leonard,1610612759,2015-16
2564-200746-201988-202695-203613,B. Diaw - L. Aldridge - P. Mills - K. Leonard - J. Simmons,1610612759,2015-16
1495-2225-200746-201988-202695,T. Duncan - T. Parker - L. Aldridge - P. Mills - K. Leonard,1610612759,2015-16
2561-200746-201980-201988-202695,D. West - L. Aldridge - D. Green - P. Mills - K. Leonard,1610612759,2015-16
2561-2564-201980-201988-202695,D. West - B. Diaw - D. Green - P. Mills - K. Leonard,1610612759,2015-16
1495-2225-200746-202695-203613,T. Duncan - T. Parker - L. Aldridge - K. Leonard - J. Simmons,1610612759,2015-16
2225-2561-2564-201980-202695,T. Parker - D. West - B. Diaw - D. Green - K. Leonard,1610612759,2015-16
1938-2225-200746-202695-203937,M. Ginobili - T. Parker - L. Aldridge - K. Leonard - K. Anderson,1610612759,2015-16
1938-2225-2561-2564-202695,M. Ginobili - T. Parker - D. West - B. Diaw - K. Leonard,1610612759,2015-16
1889-2561-200746-201980-202695,A. Miller - D. West - L. Aldridge - D. Green - K. Leonard,1610612759,2015-16
2564-200746-201988-202695-203937,B. Diaw - L. Aldridge - P. Mills - K. Leonard - K. Anderson,1610612759,2015-16
2561-200746-201980-202695-203492,D. West - L. Aldridge - D. Green - K. Leonard - R. McCallum,1610612759,2015-16
2446-200746-201980-201988-202695,R. Butler - L. Aldridge - D. Green - P. Mills - K. Leonard,1610612759,2015-16
1495-2225-2564-201980-202695,T. Duncan - T. Parker - B. Diaw - D. Green - K. Leonard,1610612759,2015-16
2225-200746-201980-201988-202695,T. Parker - L. Aldridge - D. Green - P. Mills - K. Leonard,1610612759,2015-16
2561-2564-201988-202695-203937,D. West - B. Diaw - P. Mills - K. Leonard - K. Anderson,1610612759,2015-16
1938-2225-200746-201980-202695,M. Ginobili - T. Parker - L. Aldridge - D. Green - K. Leonard,1610612759,2015-16
2225-2561-200746-202695-203613,T. Parker - D. West - L. Aldridge - K. Leonard - J. Simmons,1610612759,2015-16
2225-2561-200746-202695-203937,T. Parker - D. West - L. Aldridge - K. Leonard - K. Anderson,1610612759,2015-16
2561-200746-201988-202695-203937,D. West - L. Aldridge - P. Mills - K. Leonard - K. Anderson,1610612759,2015-16
1495-2564-201980-201988-202695,T. Duncan - B. Diaw - D. Green - P. Mills - K. Leonard,1610612759,2015-16
1495-1938-2225-2564-202695,T. Duncan - M. Ginobili - T. Parker - B. Diaw - K. Leonard,1610612759,2015-16
2561-2564-201988-202695-203613,D. West - B. Diaw - P. Mills - K. Leonard - J. Simmons,1610612759,2015-16
1938-2561-201988-202695-203937,M. Ginobili - D. West - P. Mills - K. Leonard - K. Anderson,1610612759,2015-16
1495-2561-201980-201988-202695,T. Duncan - D. West - D. Green - P. Mills - K. Leonard,1610612759,2015-16
1495-1938-2564-201988-202695,T. Duncan - M. Ginobili - B. Diaw - P. Mills - K. Leonard,1610612759,2015-16
1495-1938-2225-2561-202695,T. Duncan - M. Ginobili - T. Parker - D. West - K. Leonard,1610612759,2015-16
1495-2225-201980-202695-203937,T. Duncan - T. Parker - D. Green - K. Leonard - K. Anderson,1610612759,2015-16
1938-200746-201988-202695-203937,M. Ginobili - L. Aldridge - P. Mills - K. Leonard - K. Anderson,1610612759,2015-16
1495-1938-2561-201988-202695,T. Duncan - M. Ginobili - D. West - P. Mills - K. Leonard,1610612759,2015-16
2225-2564-200746-201988-202695,T. Parker - B. Diaw - L. Aldridge - P. Mills - K. Leonard,1610612759,2015-16
2225-200746-201980-202695-1626246,T. Parker - L. Aldridge - D. Green - K. Leonard - B. Marjanovic,1610612759,2015-16
2561-2588-201980-201988-202695,D. West - M. Bonner - D. Green - P. Mills - K. Leonard,1610612759,2015-16
200746-201980-201988-202695-203937,L. Aldridge - D. Green - P. Mills - K. Leonard - K. Anderson,1610612759,2015-16
1495-2225-201980-201988-202695,T. Duncan - T. Parker - D. Green - P. Mills - K. Leonard,1610612759,2015-16
1495-2225-2561-201988-202695,T. Duncan - T. Parker - D. West - P. Mills - K. Leonard,1610612759,2015-16
2225-2564-200746-202695-203937,T. Parker - B. Diaw - L. Aldridge - K. Leonard - K. Anderson,1610612759,2015-16
2225-2561-2564-202695-203613,T. Parker - D. West - B. Diaw - K. Leonard - J. Simmons,1610612759,2015-16
2561-201980-201988-202695-203937,D. West - D. Green - P. Mills - K. Leonard - K. Anderson,1610612759,2015-16
2561-201988-202695-203613-203937,D. West - P. Mills - K. Leonard - J. Simmons - K. Anderson,1610612759,2015-16
1938-2446-200746-201988-202695,M. Ginobili - R. Butler - L. Aldridge - P. Mills - K. Leonard,1610612759,2015-16
1495-200746-202695-203492-203613,T. Duncan - L. Aldridge - K. Leonard - R. McCallum - J. Simmons,1610612759,2015-16
2225-2564-201988-202695-203613,T. Parker - B. Diaw - P. Mills - K. Leonard - J. Simmons,1610612759,2015-16
2225-2561-2755-200746-202695,T. Parker - D. West - K. Martin - L. Aldridge - K. Leonard,1610612759,2015-16
200746-201980-201988-202695-203613,L. Aldridge - D. Green - P. Mills - K. Leonard - J. Simmons,1610612759,2015-16
1938-2564-201988-202695-203937,M. Ginobili - B. Diaw - P. Mills - K. Leonard - K. Anderson,1610612759,2015-16
1938-2225-200746-201988-202695,M. Ginobili - T. Parker - L. Aldridge - P. Mills - K. Leonard,1610612759,2015-16
1938-2225-2446-200746-202695,M. Ginobili - T. Parker - R. Butler - L. Aldridge - K. Leonard,1610612759,2015-16
1495-2561-201980-202695-203492,T. Duncan - D. West - D. Green - K. Leonard - R. McCallum,1610612759,2015-16
1495-1938-2225-201988-202695,T. Duncan - M. Ginobili - T. Parker - P. Mills - K. Leonard,1610612759,2015-16
1495-2225-201980-202695-1626246,T. Duncan - T. Parker - D. Green - K. Leonard - B. Marjanovic,1610612759,2015-16
1495-2225-2755-200746-202695,T. Duncan - T. Parker - K. Martin - L. Aldridge - K. Leonard,1610612759,2015-16
1495-2225-2446-201980-202695,T. Duncan - T. Parker - R. Butler - D. Green - K. Leonard,1610612759,2015-16
2225-2564-201980-202695-1626246,T. Parker - B. Diaw - D. Green - K. Leonard - B. Marjanovic,1610612759,2015-16
2225-2561-2564-201988-202695,T. Parker - D. West - B. Diaw - P. Mills - K. Leonard,1610612759,2015-16
2225-2561-2588-202695-203937,T. Parker - D. West - M. Bonner - K. Leonard - K. Anderson,1610612759,2015-16
2225-200746-201980-202695-203613,T. Parker - L. Aldridge - D. Green - K. Leonard - J. Simmons,1610612759,2015-16
2225-2446-200746-202695-203937,T. Parker - R. Butler - L. Aldridge - K. Leonard - K. Anderson,1610612759,2015-16
2564-201988-202695-203613-1626246,B. Diaw - P. Mills - K. Leonard - J. Simmons - B. Marjanovic,1610612759,2015-16
2564-201988-202695-203937-1626246,B. Diaw - P. Mills - K. Leonard - K. Anderson - B. Marjanovic,1610612759,2015-16
2561-200746-201988-202695-203613,D. West - L. Aldridge - P. Mills - K. Leonard - J. Simmons,1610612759,2015-16
1938-2446-200746-202695-203613,M. Ginobili - R. Butler - L. Aldridge - K. Leonard - J. Simmons,1610612759,2015-16
1938-2225-2561-201988-202695,M. Ginobili - T. Parker - D. West - P. Mills - K. Leonard,1610612759,2015-16
2446-2564-200746-201988-202695,R. Butler - B. Diaw - L. Aldridge - P. Mills - K. Leonard,1610612759,2015-16
1495-201980-201988-202695-203937,T. Duncan - D. Green - P. Mills - K. Leonard - K. Anderson,1610612759,2015-16
2225-2564-202695-203613-203937,T. Parker - B. Diaw - K. Leonard - J. Simmons - K. Anderson,1610612759,2015-16
2225-2564-200746-202695-203613,T. Parker - B. Diaw - L. Aldridge - K. Leonard - J. Simmons,1610612759,2015-16
2225-2561-201980-201988-202695,T. Parker - D. West - D. Green - P. Mills - K. Leonard,1610612759,2015-16
2225-202695-203613-203937-1626246,T. Parker - K. Leonard - J. Simmons - K. Anderson - B. Marjanovic,1610612759,2015-16
2225-2755-200746-201980-202695,T. Parker - K. Martin - L. Aldridge - D. Green - K. Leonard,1610612759,2015-16
2225-2446-200746-201980-202695,T. Parker - R. Butler - L. Aldridge - D. Green - K. Leonard,1610612759,2015-16
1889-2561-201988-202695-203937,A. Miller - D. West - P. Mills - K. Leonard - K. Anderson,1610612759,2015-16
1889-200746-201980-202695-1626246,A. Miller - L. Aldridge - D. Green - K. Leonard - B. Marjanovic,1610612759,2015-16
2561-2755-200746-201988-202695,D. West - K. Martin - L. Aldridge - P. Mills - K. Leonard,1610612759,2015-16
1938-2225-2564-202695-1626246,M. Ginobili - T. Parker - B. Diaw - K. Leonard - B. Marjanovic,1610612759,2015-16
1938-2225-2561-202695-203937,M. Ginobili - T. Parker - D. West - K. Leonard - K. Anderson,1610612759,2015-16
2446-2561-2564-201988-202695,R. Butler - D. West - B. Diaw - P. Mills - K. Leonard,1610612759,2015-16
1495-2561-201988-202695-203937,T. Duncan - D. West - P. Mills - K. Leonard - K. Anderson,1610612759,2015-16
1495-200746-201988-202695-203613,T. Duncan - L. Aldridge - P. Mills - K. Leonard - J. Simmons,1610612759,2015-16
1495-1938-200746-202695-203613,T. Duncan - M. Ginobili - L. Aldridge - K. Leonard - J. Simmons,1610612759,2015-16
1495-1938-2225-201980-202695,T. Duncan - M. Ginobili - T. Parker - D. Green - K. Leonard,1610612759,2015-16
1495-2446-2561-201988-202695,T. Duncan - R. Butler - D. West - P. Mills - K. Leonard,1610612759,2015-16
2225-2564-200746-202695-203492,T. Parker - B. Diaw - L. Aldridge - K. Leonard - R. McCallum,1610612759,2015-16
2225-2561-201988-202695-203937,T. Parker - D. West - P. Mills - K. Leonard - K. Anderson,1610612759,2015-16
2225-2755-200746-202695-203937,T. Parker - K. Martin - L. Aldridge - K. Leonard - K. Anderson,1610612759,2015-16
2544-203076-1629060-1630559-1631108,L. James - A. Davis - R. Hachimura - A. Reaves - M. Christie,1610612747,2024-25
2544-1627827-1629029-1629060-1630559,L. James - D. Finney-Smith - L. Dončić - R. Hachimura - A. Reaves,1610612747,2024-25
2544-203076-1626156-1629060-1630559,L. James - A. Davis - D. Russell - R. Hachimura - A. Reaves,1610612747,2024-25
2544-1627827-1629029-1629637-1630559,L. James - D. Finney-Smith - L. Dončić - J. Hayes - A. Reaves,1610612747,2024-25
2544-1629029-1629060-1629637-1630559,L. James - L. Dončić - R. Hachimura - J. Hayes - A. Reaves,1610612747,2024-25
2544-203076-1629060-1629629-1630559,L. James - A. Davis - R. Hachimura - C. Reddish - A. Reaves,1610612747,2024-25
2544-1629060-1629637-1630559-1631108,L. James - R. Hachimura - J. Hayes - A. Reaves - M. Christie,1610612747,2024-25
2544-203076-1627827-1630559-1631108,L. James - A. Davis - D. Finney-Smith - A. Reaves - M. Christie,1610612747,2024-25
2544-203076-1629629-1630559-1642261,L. James - A. Davis - C. Reddish - A. Reaves - D. Knecht,1610612747,2024-25
2544-1627827-1629029-1629216-1629637,L. James - D. Finney-Smith - L. Dončić - G. Vincent - J. Hayes,1610612747,2024-25
2544-203076-1630559-1631108-1642261,L. James - A. Davis - A. Reaves - M. Christie - D. Knecht,1610612747,2024-25
1627827-1629029-1629637-1630559-1630692,D. Finney-Smith - L. Dončić - J. Hayes - A. Reaves - J. Goodwin,1610612747,2024-25
2544-203076-1629060-1630559-1642261,L. James - A. Davis - R. Hachimura - A. Reaves - D. Knecht,1610612747,2024-25
2544-203076-1626156-1629060-1642261,L. James - A. Davis - D. Russell - R. Hachimura - D. Knecht,1610612747,2024-25
1627827-1629029-1629216-1629637-1630559,D. Finney-Smith - L. Dončić - G. Vincent - J. Hayes - A. Reaves,1610612747,2024-25
1627827-1629029-1629060-1629216-1630559,D. Finney-Smith - L. Dončić - R. Hachimura - G. Vincent - A. Reaves,1610612747,2024-25
2544-1629060-1629637-1630559-1642261,L. James - R. Hachimura - J. Hayes - A. Reaves - D. Knecht,1610612747,2024-25
2544-203076-1626156-1630559-1642261,L. James - A. Davis - D. Russell - A. Reaves - D. Knecht,1610612747,2024-25
2544-1627827-1629029-1629216-1630559,L. James - D. Finney-Smith - L. Dončić - G. Vincent - A. Reaves,1610612747,2024-25
2544-1627827-1629060-1629637-1630559,L. James - D. Finney-Smith - R. Hachimura - J. Hayes - A. Reaves,1610612747,2024-25
2544-203076-1629060-1629216-1642261,L. James - A. Davis - R. Hachimura - G. Vincent - D. Knecht,1610612747,2024-25
2544-1627827-1629216-1629637-1630559,L. James - D. Finney-Smith - G. Vincent - J. Hayes - A. Reaves,1610612747,2024-25
2544-1627827-1629020-1629029-1630559,L. James - D. Finney-Smith - J. Vanderbilt - L. Dončić - A. Reaves,1610612747,2024-25
2544-1627827-1629020-1629029-1629216,L. James - D. Finney-Smith - J. Vanderbilt - L. Dončić - G. Vincent,1610612747,2024-25
2544-1626156-1629216-1631132-1642261,L. James - D. Russell - G. Vincent - C. Koloko - D. Knecht,1610612747,2024-25
2544-1626156-1629060-1629637-1642261,L. James - D. Russell - R. Hachimura - J. Hayes - D. Knecht,1610612747,2024-25
2544-203076-1629060-1629216-1631108,L. James - A. Davis - R. Hachimura - G. Vincent - M. Christie,1610612747,2024-25
2544-1627827-1629020-1630559-1642261,L. James - D. Finney-Smith - J. Vanderbilt - A. Reaves - D. Knecht,1610612747,2024-25
2544-1627827-1629060-1630559-1631108,L. James - D. Finney-Smith - R. Hachimura - A. Reaves - M. Christie,1610612747,2024-25
2544-1627827-1629060-1629216-1630559,L. James - D. Finney-Smith - R. Hachimura - G. Vincent - A. Reaves,1610612747,2024-25
1627827-1629029-1629060-1629216-1630692,D. Finney-Smith - L. Dončić - R. Hachimura - G. Vincent - J. Goodwin,1610612747,2024-25
2544-1627827-1629216-1629637-1642261,L. James - D. Finney-Smith - G. Vincent - J. Hayes - D. Knecht,1610612747,2024-25
1627827-1629020-1629029-1629216-1630692,D. Finney-Smith - J. Vanderbilt - L. Dončić - G. Vincent - J. Goodwin,1610612747,2024-25
2544-203076-1629216-1630559-1631108,L. James - A. Davis - G. Vincent - A. Reaves - M. Christie,1610612747,2024-25
2544-203076-1629629-1630559-1631108,L. James - A. Davis - C. Reddish - A. Reaves - M. Christie,1610612747,2024-25
2544-1629216-1629637-1630559-1642261,L. James - G. Vincent - J. Hayes - A. Reaves - D. Knecht,1610612747,2024-25
2544-1629020-1629060-1629216-1630559,L. James - J. Vanderbilt - R. Hachimura - G. Vincent - A. Reaves,1610612747,2024-25
1627827-1629029-1629216-1629637-1630692,D. Finney-Smith - L. Dončić - G. Vincent - J. Hayes - J. Goodwin,1610612747,2024-25
2544-203076-1629060-1629216-1630559,L. James - A. Davis - R. Hachimura - G. Vincent - A. Reaves,1610612747,2024-25
2544-1627827-1629020-1629216-1630559,L. James - D. Finney-Smith - J. Vanderbilt - G. Vincent - A. Reaves,1610612747,2024-25
2544-1626156-1629060-1629216-1629629,L. James - D. Russell - R. Hachimura - G. Vincent - C. Reddish,1610612747,2024-25
2544-1629216-1629637-1630559-1631108,L. James - G. Vincent - J. Hayes - A. Reaves - M. Christie,1610612747,2024-25
2544-1629060-1629216-1630559-1631108,L. James - R. Hachimura - G. Vincent - A. Reaves - M. Christie,1610612747,2024-25
1629020-1629029-1629216-1631132-1642261,J. Vanderbilt - L. Dončić - G. Vincent - C. Koloko - D. Knecht,1610612747,2024-25
2544-1627827-1629003-1629060-1642261,L. James - D. Finney-Smith - S. Milton - R. Hachimura - D. Knecht,1610612747,2024-25
2544-1626156-1629216-1631108-1631132,L. James - D. Russell - G. Vincent - M. Christie - C. Koloko,1610612747,2024-25
2544-1626156-1629637-1630559-1642261,L. James - D. Russell - J. Hayes - A. Reaves - D. Knecht,1610612747,2024-25
203458-1627827-1629029-1629216-1630559,A. Len - D. Finney-Smith - L. Dončić - G. Vincent - A. Reaves,1610612747,2024-25
1627827-1629020-1629029-1629216-1630559,D. Finney-Smith - J. Vanderbilt - L. Dončić - G. Vincent - A. Reaves,1610612747,2024-25
2544-203076-1627827-1629060-1630559,L. James - A. Davis - D. Finney-Smith - R. Hachimura - A. Reaves,1610612747,2024-25
2544-203076-1626156-1630559-1631108,L. James - A. Davis - D. Russell - A. Reaves - M. Christie,1610612747,2024-25
2544-1629020-1630559-1630692-1642261,L. James - J. Vanderbilt - A. Reaves - J. Goodwin - D. Knecht,1610612747,2024-25
2544-1629060-1629216-1629637-1630559,L. James - R. Hachimura - G. Vincent - J. Hayes - A. Reaves,1610612747,2024-25
2544-203076-1629216-1629637-1642261,L. James - A. Davis - G. Vincent - J. Hayes - D. Knecht,1610612747,2024-25
2544-1626156-1629216-1629637-1642261,L. James - D. Russell - G. Vincent - J. Hayes - D. Knecht,1610612747,2024-25
2544-1627827-1629637-1630559-1642261,L. James - D. Finney-Smith - J. Hayes - A. Reaves - D. Knecht,1610612747,2024-25
2544-1629020-1629060-1630559-1642261,L. James - J. Vanderbilt - R. Hachimura - A. Reaves - D. Knecht,1610612747,2024-25
203458-1629029-1629216-1630559-1642261,A. Len - L. Dončić - G. Vincent - A. Reaves - D. Knecht,1610612747,2024-25
2544-203076-1626156-1629216-1629629,L. James - A. Davis - D. Russell - G. Vincent - C. Reddish,1610612747,2024-25
1627827-1629029-1629060-1629637-1630559,D. Finney-Smith - L. Dončić - R. Hachimura - J. Hayes - A. Reaves,1610612747,2024-25
1629020-1629029-1629216-1630692-1642261,J. Vanderbilt - L. Dončić - G. Vincent - J. Goodwin - D. Knecht,1610612747,2024-25
1629029-1629216-1629637-1630559-1630692,L. Dončić - G. Vincent - J. Hayes - A. Reaves - J. Goodwin,1610612747,2024-25
2544-203076-1626156-1629629-1630559,L. James - A. Davis - D. Russell - C. Reddish - A. Reaves,1610612747,2024-25
2544-203076-1626156-1629216-1630559,L. James - A. Davis - D. Russell - G. Vincent - A. Reaves,1610612747,2024-25
2544-203076-1626156-1631108-1642261,L. James - A. Davis - D. Russell - M. Christie - D. Knecht,1610612747,2024-25
2544-1627827-1629020-1629060-1630559,L. James - D. Finney-Smith - J. Vanderbilt - R. Hachimura - A. Reaves,1610612747,2024-25
2544-1627827-1629029-1629060-1629637,L. James - D. Finney-Smith - L. Dončić - R. Hachimura - J. Hayes,1610612747,2024-25
2544-1629216-1629629-1631132-1642261,L. James - G. Vincent - C. Reddish - C. Koloko - D. Knecht,1610612747,2024-25
2544-1629020-1629029-1629216-1630559,L. James - J. Vanderbilt - L. Dončić - G. Vincent - A. Reaves,1610612747,2024-25
2544-1629029-1629216-1629637-1630559,L. James - L. Dončić - G. Vincent - J. Hayes - A. Reaves,1610612747,2024-25
1629003-1629020-1629029-1641998-1642261,S. Milton - J. Vanderbilt - L. Dončić - T. Jemison III - D. Knecht,1610612747,2024-25
1629020-1629029-1629216-1630559-1642261,J. Vanderbilt - L. Dončić - G. Vincent - A. Reaves - D. Knecht,1610612747,2024-25
1629020-1629029-1629216-1641998-1642261,J. Vanderbilt - L. Dončić - G. Vincent - T. Jemison III - D. Knecht,1610612747,2024-25
2544-203076-1626156-1629629-1631108,L. James - A. Davis - D. Russell - C. Reddish - M. Christie,1610612747,2024-25
2544-203076-1626156-1629060-1629216,L. James - A. Davis - D. Russell - R. Hachimura - G. Vincent,1610612747,2024-25
2544-203076-1629216-1629637-1631108,L. James - A. Davis - G. Vincent - J. Hayes - M. Christie,1610612747,2024-25
2544-1626156-1629060-1629216-1642261,L. James - D. Russell - R. Hachimura - G. Vincent - D. Knecht,1610612747,2024-25
2544-1626156-1629060-1629637-1630559,L. James - D. Russell - R. Hachimura - J. Hayes - A. Reaves,1610612747,2024-25
2544-1629637-1630559-1631108-1642261,L. James - J. Hayes - A. Reaves - M. Christie - D. Knecht,1610612747,2024-25
2544-1629060-1630559-1631132-1642261,L. James - R. Hachimura - A. Reaves - C. Koloko - D. Knecht,1610612747,2024-25
2544-1629060-1629629-1630559-1642261,L. James - R. Hachimura - C. Reddish - A. Reaves - D. Knecht,1610612747,2024-25
2544-1629060-1629637-1630559-1630692,L. James - R. Hachimura - J. Hayes - A. Reaves - J. Goodwin,1610612747,2024-25
2544-1629003-1629216-1641998-1642261,L. James - S. Milton - G. Vincent - T. Jemison III - D. Knecht,1610612747,2024-25
1627827-1629029-1629060-1630559-1642261,D. Finney-Smith - L. Dončić - R. Hachimura - A. Reaves - D. Knecht,1610612747,2024-25
2544-203076-1627827-1629216-1630559,L. James - A. Davis - D. Finney-Smith - G. Vincent - A. Reaves,1610612747,2024-25
2544-203076-1626156-1629060-1631108,L. James - A. Davis - D. Russell - R. Hachimura - M. Christie,1610612747,2024-25
2544-203076-1629216-1631108-1642261,L. James - A. Davis - G. Vincent - M. Christie - D. Knecht,1610612747,2024-25
2544-1629629-1629637-1630559-1642261,L. James - C. Reddish - J. Hayes - A. Reaves - D. Knecht,1610612747,2024-25
2544-1627827-1629629-1629637-1630559,L. James - D. Finney-Smith - C. Reddish - J. Hayes - A. Reaves,1610612747,2024-25
2544-1627827-1629029-1629060-1629216,L. James - D. Finney-Smith - L. Dončić - R. Hachimura - G. Vincent,1610612747,2024-25
2544-1627827-1629060-1630559-1630692,L. James - D. Finney-Smith - R. Hachimura - A. Reaves - J. Goodwin,1610612747,2024-25
2544-1627827-1629003-1629060-1629637,L. James - D. Finney-Smith - S. Milton - R. Hachimura - J. Hayes,1610612747,2024-25
2544-1626156-1629629-1631132-1642261,L. James - D. Russell - C. Reddish - C. Koloko - D. Knecht,1610612747,2024-25
2544-1626156-1629637-1631108-1642261,L. James - D. Russell - J. Hayes - M. Christie - D. Knecht,1610612747,2024-25
2544-1626156-1629060-1629629-1631108,L. James - D. Russell - R. Hachimura - C. Reddish - M. Christie,1610612747,2024-25
2544-1629216-1629637-1631108-1642261,L. James - G. Vincent - J. Hayes - M. Christie - D. Knecht,1610612747,2024-25
2544-1629020-1629216-1630559-1642261,L. James - J. Vanderbilt - G. Vincent - A. Reaves - D. Knecht,1610612747,2024-25
2544-1629029-1629637-1630559-1630692,L. James - L. Dončić - J. Hayes - A. Reaves - J. Goodwin,1610612747,2024-25
1627827-1629020-1629029-1630559-1642261,D. Finney-Smith - J. Vanderbilt - L. Dončić - A. Reaves - D. Knecht,1610612747,2024-25
1627827-1629020-1629029-1629216-1629637,D. Finney-Smith - J. Vanderbilt - L. Dončić - G. Vincent - J. Hayes,1610612747,2024-25
1627827-1629029-1629060-1629216-1629637,D. Finney-Smith - L. Dončić - R. Hachimura - G. Vincent - J. Hayes,1610612747,2024-25
2544-203076-1626156-1629216-1642261,L. James - A. Davis - D. Russell - G. Vincent - D. Knecht,1610612747,2024-25
2544-203458-1629029-1629060-1630559,L. James - A. Len - L. Dončić - R. Hachimura - A. Reaves,1610612747,2024-25
2544-1627827-1629020-1630559-1630692,L. James - D. Finney-Smith - J. Vanderbilt - A. Reaves - J. Goodwin,1610612747,2024-25
2544-1627827-1629020-1629029-1629637,L. James - D. Finney-Smith - J. Vanderbilt - L. Dončić - J. Hayes,1610612747,2024-25
2544-1627827-1629029-1629216-1630692,L. James - D. Finney-Smith - L. Dončić - G. Vincent - J. Goodwin,1610612747,2024-25
2544-1627827-1629029-1629637-1642261,L. James - D. Finney-Smith - L. Dončić - J. Hayes - D. Knecht,1610612747,2024-25
2544-1626156-1629216-1630559-1631132,L. James - D. Russell - G. Vincent - A. Reaves - C. Koloko,1610612747,2024-25
2544-1626156-1629216-1629637-1631108,L. James - D. Russell - G. Vincent - J. Hayes - M. Christie,1610612747,2024-25
2544-1629637-1630559-1630692-1642261,L. James - J. Hayes - A. Reaves - J. Goodwin - D. Knecht,1610612747,2024-25
2544-1629020-1629216-1630692-1641998,L. James - J. Vanderbilt - G. Vincent - J. Goodwin - T. Jemison III,1610612747,2024-25
2544-1629020-1629029-1629060-1630559,L. James - J. Vanderbilt - L. Dončić - R. Hachimura - A. Reaves,1610612747,2024-25
2544-1629020-1629060-1630559-1630692,L. James - J. Vanderbilt - R. Hachimura - A. Reaves - J. Goodwin,1610612747,2024-25
2544-1629020-1629060-1629216-1630692,L. James - J. Vanderbilt - R. Hachimura - G. Vincent - J. Goodwin,1610612747,2024-25
2544-1629060-1630559-1631108-1642261,L. James - R. Hachimura - A. Reaves - M. Christie - D. Knecht,1610612747,2024-25
2544-1629060-1629216-1631132-1642261,L. James - R. Hachimura - G. Vincent - C. Koloko - D. Knecht,1610612747,2024-25
2544-1629060-1629216-1629637-1631108,L. James - R. Hachimura - G. Vincent - J. Hayes - M. Christie,1610612747,2024-25
2544-1629060-1629216-1631108-1642261,L. James - R. Hachimura - G. Vincent - M. Christie - D. Knecht,1610612747,2024-25
2544-1629003-1629637-1630559-1642261,L. James - S. Milton - J. Hayes - A. Reaves - D. Knecht,1610612747,2024-25
1627827-1629020-1629029-1641998-1642261,D. Finney-Smith - J. Vanderbilt - L. Dončić - T. Jemison III - D. Knecht,1610612747,2024-25
1627827-1629029-1629216-1629637-1642261,D. Finney-Smith - L. Dončić - G. Vincent - J. Hayes - D. Knecht,1610612747,2024-25
1627827-1629029-1629060-1630559-1630692,D. Finney-Smith - L. Dončić - R. Hachimura - A. Reaves - J. Goodwin,1610612747,2024-25
1629020-1629029-1630692-1641998-1642261,J. Vanderbilt - L. Dončić - J. Goodwin - T. Jemison III - D. Knecht,1610612747,2024-25
1629029-1629060-1629216-1629637-1630559,L. Dončić - R. Hachimura - G. Vincent - J. Hayes - A. Reaves,1610612747,2024-25
2544-203076-1626156-1629637-1630559,L. James - A. Davis - D. Russell - J. Hayes - A. Reaves,1610612747,2024-25
2544-203076-1629216-1630559-1642261,L. James - A. Davis - G. Vincent - A. Reaves - D. Knecht,1610612747,2024-25
2544-1627827-1629060-1630559-1642261,L. James - D. Finney-Smith - R. Hachimura - A. Reaves - D. Knecht,1610612747,2024-25
2544-1627827-1629060-1629216-1642261,L. James - D. Finney-Smith - R. Hachimura - G. Vincent - D. Knecht,1610612747,2024-25
2544-1626156-1629060-1629629-1630559,L. James - D. Russell - R. Hachimura - C. Reddish - A. Reaves,1610612747,2024-25
2544-1629216-1630559-1631132-1642261,L. James - G. Vincent - A. Reaves - C. Koloko - D. Knecht,1610612747,2024-25
2544-1629216-1630559-1641998-1642261,L. James - G. Vincent - A. Reaves - T. Jemison III - D. Knecht,1610612747,2024-25
2544-1629216-1629629-1631108-1642422,L. James - G. Vincent - C. Reddish - M. Christie - A. Traoré,1610612747,2024-25
2544-1629020-1629216-1629637-1630692,L. James - J. Vanderbilt - G. Vincent - J. Hayes - J. Goodwin,1610612747,2024-25
2544-1629020-1629637-1630559-1631108,L. James - J. Vanderbilt - J. Hayes - A. Reaves - M. Christie,1610612747,2024-25
2544-1629060-1629629-1630559-1631108,L. James - R. Hachimura - C. Reddish - A. Reaves - M. Christie,1610612747,2024-25
2544-1629060-1629629-1629637-1630559,L. James - R. Hachimura - C. Reddish - J. Hayes - A. Reaves,1610612747,2024-25
2544-1629060-1629216-1629629-1642261,L. James - R. Hachimura - G. Vincent - C. Reddish - D. Knecht,1610612747,2024-25
2544-1629003-1629629-1631132-1642261,L. James - S. Milton - C. Reddish - C. Koloko - D. Knecht,1610612747,2024-25
2544-1629003-1629020-1641998-1642261,L. James - S. Milton - J. Vanderbilt - T. Jemison III - D. Knecht,1610612747,2024-25
1627827-1629020-1629029-1629216-1642261,D. Finney-Smith - J. Vanderbilt - L. Dončić - G. Vincent - D. Knecht,1610612747,2024-25
1627827-1629029-1629216-1630559-1631132,D. Finney-Smith - L. Dončić - G. Vincent - A. Reaves - C. Koloko,1610612747,2024-25
1627827-1629029-1629637-1630692-1642261,D. Finney-Smith - L. Dončić - J. Hayes - J. Goodwin - D. Knecht,1610612747,2024-25
1629020-1629029-1629216-1630559-1630692,J. Vanderbilt - L. Dončić - G. Vincent - A. Reaves - J. Goodwin,1610612747,2024-25
1629020-1629029-1629216-1629637-1630559,J. Vanderbilt - L. Dončić - G. Vincent - J. Hayes - A. Reaves,1610612747,2024-25
1629020-1629029-1630692-1631132-1642261,J. Vanderbilt - L. Dončić - J. Goodwin - C. Koloko - D. Knecht,1610612747,2024-25
1629020-1629029-1629060-1629216-1630692,J. Vanderbilt - L. Dončić - R. Hachimura - G. Vincent - J. Goodwin,1610612747,2024-25
2544-203076-1627827-1629003-1642261,L. James - A. Davis - D. Finney-Smith - S. Milton - D. Knecht,1610612747,2024-25
2544-203076-1629060-1631108-1642261,L. James - A. Davis - R. Hachimura - M. Christie - D. Knecht,1610612747,2024-25
2544-1627827-1630559-1641998-1642261,L. James - D. Finney-Smith - A. Reaves - T. Jemison III - D. Knecht,1610612747,2024-25
2544-1627827-1629216-1629637-1630692,L. James - D. Finney-Smith - G. Vincent - J. Hayes - J. Goodwin,1610612747,2024-25
2544-1627827-1629216-1641998-1642261,L. James - D. Finney-Smith - G. Vincent - T. Jemison III - D. Knecht,1610612747,2024-25
2544-1627827-1629020-1629216-1630692,L. James - D. Finney-Smith - J. Vanderbilt - G. Vincent - J. Goodwin,1610612747,2024-25
2544-1627827-1629020-1629216-1629637,L. James - D. Finney-Smith - J. Vanderbilt - G. Vincent - J. Hayes,1610612747,2024-25
2544-1627827-1629029-1629216-1642261,L. James - D. Finney-Smith - L. Dončić - G. Vincent - D. Knecht,1610612747,2024-25
2544-1626156-1629216-1629637-1630559,L. James - D. Russell - G. Vincent - J. Hayes - A. Reaves,1610612747,2024-25
2544-1626156-1631108-1631132-1642261,L. James - D. Russell - M. Christie - C. Koloko - D. Knecht,1610612747,2024-25
2544-1629020-1629216-1629637-1630559,L. James - J. Vanderbilt - G. Vincent - J. Hayes - A. Reaves,1610612747,2024-25
2544-1629029-1629060-1629216-1630559,L. James - L. Dončić - R. Hachimura - G. Vincent - A. Reaves,1610612747,2024-25
2544-1629060-1629216-1629637-1642261,L. James - R. Hachimura - G. Vincent - J. Hayes - D. Knecht,1610612747,2024-25
2544-1629060-1629216-1631108-1631132,L. James - R. Hachimura - G. Vincent - M. Christie - C. Koloko,1610612747,2024-25
2544-1629003-1629060-1629629-1642261,L. James - S. Milton - R. Hachimura - C. Reddish - D. Knecht,1610612747,2024-25
202693-1629029-1629216-1630559-1630692,M. Morris - L. Dončić - G. Vincent - A. Reaves - J. Goodwin,1610612747,2024-25
2544-203076-1626156-1629060-1630559,L. James - A. Davis - D. Russell - R. Hachimura - A. Reaves,1610612747,2023-24
2544-203076-1626156-1627752-1630559,L. James - A. Davis - D. Russell - T. Prince - A. Reaves,1610612747,2023-24
2544-203076-1626156-1627752-1629629,L. James - A. Davis - D. Russell - T. Prince - C. Reddish,1610612747,2023-24
2544-203076-1627752-1629629-1630559,L. James - A. Davis - T. Prince - C. Reddish - A. Reaves,1610612747,2023-24
2544-203076-203915-1629060-1630559,L. James - A. Davis - S. Dinwiddie - R. Hachimura - A. Reaves,1610612747,2023-24
2544-203076-1626156-1627752-1631108,L. James - A. Davis - D. Russell - T. Prince - M. Christie,1610612747,2023-24
2544-203076-1626156-1629629-1630559,L. James - A. Davis - D. Russell - C. Reddish - A. Reaves,1610612747,2023-24
2544-203076-1627752-1629060-1630559,L. James - A. Davis - T. Prince - R. Hachimura - A. Reaves,1610612747,2023-24
2544-1626156-1629060-1629637-1630559,L. James - D. Russell - R. Hachimura - J. Hayes - A. Reaves,1610612747,2023-24
2544-203076-1629060-1629629-1630559,L. James - A. Davis - R. Hachimura - C. Reddish - A. Reaves,1610612747,2023-24
2544-203915-1626156-1627752-1629637,L. James - S. Dinwiddie - D. Russell - T. Prince - J. Hayes,1610612747,2023-24
2544-1626156-1627752-1629637-1631108,L. James - D. Russell - T. Prince - J. Hayes - M. Christie,1610612747,2023-24
2544-203076-1627752-1630559-1631108,L. James - A. Davis - T. Prince - A. Reaves - M. Christie,1610612747,2023-24
2544-203076-1626156-1629020-1630559,L. James - A. Davis - D. Russell - J. Vanderbilt - A. Reaves,1610612747,2023-24
2544-1626156-1626174-1629020-1631108,L. James - D. Russell - C. Wood - J. Vanderbilt - M. Christie,1610612747,2023-24
2544-203076-1627752-1629020-1629629,L. James - A. Davis - T. Prince - J. Vanderbilt - C. Reddish,1610612747,2023-24
2544-1629060-1629629-1629637-1630559,L. James - R. Hachimura - C. Reddish - J. Hayes - A. Reaves,1610612747,2023-24
2544-203076-1627752-1629020-1630559,L. James - A. Davis - T. Prince - J. Vanderbilt - A. Reaves,1610612747,2023-24
2544-1626156-1626174-1629020-1629060,L. James - D. Russell - C. Wood - J. Vanderbilt - R. Hachimura,1610612747,2023-24
2544-203076-1626174-1627752-1630559,L. James - A. Davis - C. Wood - T. Prince - A. Reaves,1610612747,2023-24
2544-203076-203915-1627752-1630559,L. James - A. Davis - S. Dinwiddie - T. Prince - A. Reaves,1610612747,2023-24
2544-1626156-1627752-1629216-1629637,L. James - D. Russell - T. Prince - G. Vincent - J. Hayes,1610612747,2023-24
2544-203076-1626156-1630559-1631108,L. James - A. Davis - D. Russell - A. Reaves - M. Christie,1610612747,2023-24
2544-1626174-1629637-1630559-1631108,L. James - C. Wood - J. Hayes - A. Reaves - M. Christie,1610612747,2023-24
2544-203076-1626156-1627752-1629060,L. James - A. Davis - D. Russell - T. Prince - R. Hachimura,1610612747,2023-24
2544-1626174-1627752-1629060-1630559,L. James - C. Wood - T. Prince - R. Hachimura - A. Reaves,1610612747,2023-24
2544-1626156-1626174-1627752-1630559,L. James - D. Russell - C. Wood - T. Prince - A. Reaves,1610612747,2023-24
2544-203076-1626156-1629060-1629629,L. James - A. Davis - D. Russell - R. Hachimura - C. Reddish,1610612747,2023-24
2544-1626156-1627752-1629060-1630559,L. James - D. Russell - T. Prince - R. Hachimura - A. Reaves,1610612747,2023-24
2544-1627752-1629060-1629637-1630559,L. James - T. Prince - R. Hachimura - J. Hayes - A. Reaves,1610612747,2023-24
2544-203076-1627752-1629020-1629060,L. James - A. Davis - T. Prince - J. Vanderbilt - R. Hachimura,1610612747,2023-24
2544-203915-1629060-1629637-1630559,L. James - S. Dinwiddie - R. Hachimura - J. Hayes - A. Reaves,1610612747,2023-24
2544-1626156-1627752-1629637-1630559,L. James - D. Russell - T. Prince - J. Hayes - A. Reaves,1610612747,2023-24
2544-1626174-1629020-1629060-1630559,L. James - C. Wood - J. Vanderbilt - R. Hachimura - A. Reaves,1610612747,2023-24
2544-203076-1629020-1630559-1631108,L. James - A. Davis - J. Vanderbilt - A. Reaves - M. Christie,1610612747,2023-24
2544-203076-203915-1626156-1630559,L. James - A. Davis - S. Dinwiddie - D. Russell - A. Reaves,1610612747,2023-24
2544-1627752-1629637-1630559-1631108,L. James - T. Prince - J. Hayes - A. Reaves - M. Christie,1610612747,2023-24
2544-203076-1626156-1627752-1629216,L. James - A. Davis - D. Russell - T. Prince - G. Vincent,1610612747,2023-24
2544-1626156-1627752-1629629-1629637,L. James - D. Russell - T. Prince - C. Reddish - J. Hayes,1610612747,2023-24
2544-203915-1627752-1629060-1630559,L. James - S. Dinwiddie - T. Prince - R. Hachimura - A. Reaves,1610612747,2023-24
2544-203076-1626174-1630559-1631108,L. James - A. Davis - C. Wood - A. Reaves - M. Christie,1610612747,2023-24
2544-1626156-1627752-1629020-1629637,L. James - D. Russell - T. Prince - J. Vanderbilt - J. Hayes,1610612747,2023-24
2544-203076-1626156-1626174-1629216,L. James - A. Davis - D. Russell - C. Wood - G. Vincent,1610612747,2023-24
2544-203076-203915-1626156-1627752,L. James - A. Davis - S. Dinwiddie - D. Russell - T. Prince,1610612747,2023-24
2544-1626174-1629060-1629629-1630559,L. James - C. Wood - R. Hachimura - C. Reddish - A. Reaves,1610612747,2023-24
2544-1626174-1627752-1629629-1630559,L. James - C. Wood - T. Prince - C. Reddish - A. Reaves,1610612747,2023-24
2544-1626174-1627752-1629637-1630559,L. James - C. Wood - T. Prince - J. Hayes - A. Reaves,1610612747,2023-24
2544-1626156-1626174-1629216-1629637,L. James - D. Russell - C. Wood - G. Vincent - J. Hayes,1610612747,2023-24
2544-203076-1626156-1627752-1629020,L. James - A. Davis - D. Russell - T. Prince - J. Vanderbilt,1610612747,2023-24
2544-203076-1629060-1630559-1631108,L. James - A. Davis - R. Hachimura - A. Reaves - M. Christie,1610612747,2023-24
2544-203076-1626156-1626174-1630559,L. James - A. Davis - D. Russell - C. Wood - A. Reaves,1610612747,2023-24
2544-203076-1626156-1626174-1629629,L. James - A. Davis - D. Russell - C. Wood - C. Reddish,1610612747,2023-24
2544-203076-1627752-1629637-1630559,L. James - A. Davis - T. Prince - J. Hayes - A. Reaves,1610612747,2023-24
2544-1626156-1626174-1627752-1629060,L. James - D. Russell - C. Wood - T. Prince - R. Hachimura,1610612747,2023-24
2544-1626156-1629060-1629637-1631108,L. James - D. Russell - R. Hachimura - J. Hayes - M. Christie,1610612747,2023-24
2544-203915-1626156-1629060-1630559,L. James - S. Dinwiddie - D. Russell - R. Hachimura - A. Reaves,1610612747,2023-24
2544-203076-1626156-1626174-1627752,L. James - A. Davis - D. Russell - C. Wood - T. Prince,1610612747,2023-24
2544-203076-1629216-1629629-1630559,L. James - A. Davis - G. Vincent - C. Reddish - A. Reaves,1610612747,2023-24
2544-203076-203915-1629629-1630559,L. James - A. Davis - S. Dinwiddie - C. Reddish - A. Reaves,1610612747,2023-24
2544-203915-1627752-1629637-1631108,L. James - S. Dinwiddie - T. Prince - J. Hayes - M. Christie,1610612747,2023-24
2544-203076-1626174-1629216-1630559,L. James - A. Davis - C. Wood - G. Vincent - A. Reaves,1610612747,2023-24
2544-203076-1629020-1629060-1630559,L. James - A. Davis - J. Vanderbilt - R. Hachimura - A. Reaves,1610612747,2023-24
2544-1626156-1629060-1629629-1629637,L. James - D. Russell - R. Hachimura - C. Reddish - J. Hayes,1610612747,2023-24
2544-1626156-1627752-1629060-1629637,L. James - D. Russell - T. Prince - R. Hachimura - J. Hayes,1610612747,2023-24
2544-1626174-1627752-1629020-1630559,L. James - C. Wood - T. Prince - J. Vanderbilt - A. Reaves,1610612747,2023-24
2544-1626156-1626174-1629629-1630559,L. James - D. Russell - C. Wood - C. Reddish - A. Reaves,1610612747,2023-24
2544-1626156-1626174-1629020-1629629,L. James - D. Russell - C. Wood - J. Vanderbilt - C. Reddish,1610612747,2023-24
2544-203915-1626156-1629637-1631108,L. James - S. Dinwiddie - D. Russell - J. Hayes - M. Christie,1610612747,2023-24
2544-203076-1626174-1629629-1630559,L. James - A. Davis - C. Wood - C. Reddish - A. Reaves,1610612747,2023-24
2544-1626174-1629020-1630559-1631108,L. James - C. Wood - J. Vanderbilt - A. Reaves - M. Christie,1610612747,2023-24
2544-1626174-1629020-1629629-1630559,L. James - C. Wood - J. Vanderbilt - C. Reddish - A. Reaves,1610612747,2023-24
2544-1626156-1629060-1629216-1629637,L. James - D. Russell - R. Hachimura - G. Vincent - J. Hayes,1610612747,2023-24
2544-1629020-1629060-1629629-1630559,L. James - J. Vanderbilt - R. Hachimura - C. Reddish - A. Reaves,1610612747,2023-24
2544-1629060-1629637-1630559-1631108,L. James - R. Hachimura - J. Hayes - A. Reaves - M. Christie,1610612747,2023-24
2544-203915-1626156-1629060-1629637,L. James - S. Dinwiddie - D. Russell - R. Hachimura - J. Hayes,1610612747,2023-24
2544-203915-1627752-1629637-1630559,L. James - S. Dinwiddie - T. Prince - J. Hayes - A. Reaves,1610612747,2023-24
2544-203076-1626174-1627752-1631108,L. James - A. Davis - C. Wood - T. Prince - M. Christie,1610612747,2023-24
2544-203076-1626156-1629629-1631108,L. James - A. Davis - D. Russell - C. Reddish - M. Christie,1610612747,2023-24
2544-203076-1629060-1629216-1630559,L. James - A. Davis - R. Hachimura - G. Vincent - A. Reaves,1610612747,2023-24
2544-203076-1627752-1629216-1630559,L. James - A. Davis - T. Prince - G. Vincent - A. Reaves,1610612747,2023-24
2544-203076-1627752-1629020-1631108,L. James - A. Davis - T. Prince - J. Vanderbilt - M. Christie,1610612747,2023-24
2544-1626174-1629060-1630559-1631108,L. James - C. Wood - R. Hachimura - A. Reaves - M. Christie,1610612747,2023-24
2544-1626156-1626174-1629216-1629629,L. James - D. Russell - C. Wood - G. Vincent - C. Reddish,1610612747,2023-24
2544-1629060-1629629-1630559-1631108,L. James - R. Hachimura - C. Reddish - A. Reaves - M. Christie,1610612747,2023-24
2544-203076-1629629-1630559-1631108,L. James - A. Davis - C. Reddish - A. Reaves - M. Christie,1610612747,2023-24
2544-203076-1626156-1627752-1629637,L. James - A. Davis - D. Russell - T. Prince - J. Hayes,1610612747,2023-24
2544-1626174-1629020-1629060-1631108,L. James - C. Wood - J. Vanderbilt - R. Hachimura - M. Christie,1610612747,2023-24
2544-1626174-1629060-1629637-1630219,L. James - C. Wood - R. Hachimura - J. Hayes - S. Mays,1610612747,2023-24
2544-1626156-1626174-1630559-1641720,L. James - D. Russell - C. Wood - A. Reaves - J. Hood-Schifino,1610612747,2023-24
2544-1626156-1626174-1629060-1631108,L. James - D. Russell - C. Wood - R. Hachimura - M. Christie,1610612747,2023-24
2544-1626156-1626174-1627752-1629216,L. James - D. Russell - C. Wood - T. Prince - G. Vincent,1610612747,2023-24
2544-1626156-1626174-1627752-1631108,L. James - D. Russell - C. Wood - T. Prince - M. Christie,1610612747,2023-24
2544-1626156-1629216-1629629-1629637,L. James - D. Russell - G. Vincent - C. Reddish - J. Hayes,1610612747,2023-24
2544-1626156-1629216-1629637-1630559,L. James - D. Russell - G. Vincent - J. Hayes - A. Reaves,1610612747,2023-24
2544-1626156-1629020-1629637-1630559,L. James - D. Russell - J. Vanderbilt - J. Hayes - A. Reaves,1610612747,2023-24
2544-203915-1626156-1629629-1629637,L. James - S. Dinwiddie - D. Russell - C. Reddish - J. Hayes,1610612747,2023-24
2544-1627752-1629216-1629637-1630559,L. James - T. Prince - G. Vincent - J. Hayes - A. Reaves,1610612747,2023-24
2544-203076-1626174-1629020-1630559,L. James - A. Davis - C. Wood - J. Vanderbilt - A. Reaves,1610612747,2023-24
2544-203076-203915-1626156-1629060,L. James - A. Davis - S. Dinwiddie - D. Russell - R. Hachimura,1610612747,2023-24
2544-203076-203915-1629060-1629216,L. James - A. Davis - S. Dinwiddie - R. Hachimura - G. Vincent,1610612747,2023-24
2544-1626174-1629629-1631108-1641720,L. James - C. Wood - C. Reddish - M. Christie - J. Hood-Schifino,1610612747,2023-24
2544-1626174-1627752-1629060-1631108,L. James - C. Wood - T. Prince - R. Hachimura - M. Christie,1610612747,2023-24
2544-1626156-1626174-1629637-1630559,L. James - D. Russell - C. Wood - J. Hayes - A. Reaves,1610612747,2023-24
2544-1626156-1626174-1629637-1631108,L. James - D. Russell - C. Wood - J. Hayes - M. Christie,1610612747,2023-24
2544-1626156-1626174-1629060-1629629,L. James - D. Russell - C. Wood - R. Hachimura - C. Reddish,1610612747,2023-24
2544-1626156-1626174-1627752-1641720,L. James - D. Russell - C. Wood - T. Prince - J. Hood-Schifino,1610612747,2023-24
2544-1626156-1629020-1629060-1629637,L. James - D. Russell - J. Vanderbilt - R. Hachimura - J. Hayes,1610612747,2023-24
2544-1626156-1627752-1629020-1629060,L. James - D. Russell - T. Prince - J. Vanderbilt - R. Hachimura,1610612747,2023-24
2544-1626156-1627752-1629060-1631108,L. James - D. Russell - T. Prince - R. Hachimura - M. Christie,1610612747,2023-24
2544-203915-1626156-1627752-1629060,L. James - S. Dinwiddie - D. Russell - T. Prince - R. Hachimura,1610612747,2023-24
2544-201976-203471-1628418-1628972,L. James - P. Beverley - D. Schroder - T. Bryant - T. Brown Jr.,1610612747,2022-23
2544-203076-1626156-1629020-1630559,L. James - A. Davis - D. Russell - J. Vanderbilt - A. Reaves,1610612747,2022-23
2544-201976-203471-1628418-1629022,L. James - P. Beverley - D. Schroder - T. Bryant - L. Walker IV,1610612747,2022-23
2544-201976-203076-203471-1629022,L. James - P. Beverley - A. Davis - D. Schroder - L. Walker IV,1610612747,2022-23
2544-201566-203076-1629022-1630559,L. James - R. Westbrook - A. Davis - L. Walker IV - A. Reaves,1610612747,2022-23
2544-201976-203076-1628972-1629022,L. James - P. Beverley - A. Davis - T. Brown Jr. - L. Walker IV,1610612747,2022-23
2544-201566-201976-203076-1629022,L. James - R. Westbrook - P. Beverley - A. Davis - L. Walker IV,1610612747,2022-23
2544-201976-203076-203471-1629060,L. James - P. Beverley - A. Davis - D. Schroder - R. Hachimura,1610612747,2022-23
2544-203076-203471-1628972-1629022,L. James - A. Davis - D. Schroder - T. Brown Jr. - L. Walker IV,1610612747,2022-23
2544-201566-1628972-1629117-1630559,L. James - R. Westbrook - T. Brown Jr. - W. Gabriel - A. Reaves,1610612747,2022-23
2544-201976-203076-1629022-1630559,L. James - P. Beverley - A. Davis - L. Walker IV - A. Reaves,1610612747,2022-23
2544-201566-203076-1628972-1630559,L. James - R. Westbrook - A. Davis - T. Brown Jr. - A. Reaves,1610612747,2022-23
2544-201566-201976-203076-1630559,L. James - R. Westbrook - P. Beverley - A. Davis - A. Reaves,1610612747,2022-23
2544-201566-201976-203471-1628418,L. James - R. Westbrook - P. Beverley - D. Schroder - T. Bryant,1610612747,2022-23
2544-203076-203471-1629020-1630559,L. James - A. Davis - D. Schroder - J. Vanderbilt - A. Reaves,1610612747,2022-23
2544-201976-203076-203471-1630559,L. James - P. Beverley - A. Davis - D. Schroder - A. Reaves,1610612747,2022-23
2544-201976-203076-203471-1628972,L. James - P. Beverley - A. Davis - D. Schroder - T. Brown Jr.,1610612747,2022-23
2544-201566-203471-1628972-1629117,L. James - R. Westbrook - D. Schroder - T. Brown Jr. - W. Gabriel,1610612747,2022-23
2544-201976-203471-1628418-1630559,L. James - P. Beverley - D. Schroder - T. Bryant - A. Reaves,1610612747,2022-23
2544-201566-201976-203076-203471,L. James - R. Westbrook - P. Beverley - A. Davis - D. Schroder,1610612747,2022-23
2544-203076-203471-1628972-1630559,L. James - A. Davis - D. Schroder - T. Brown Jr. - A. Reaves,1610612747,2022-23
2544-1627736-1629060-1629117-1630559,L. James - M. Beasley - R. Hachimura - W. Gabriel - A. Reaves,1610612747,2022-23
2544-201976-203471-1628418-1629308,L. James - P. Beverley - D. Schroder - T. Bryant - J. Toscano-Anderson,1610612747,2022-23
2544-203076-203471-1627736-1629020,L. James - A. Davis - D. Schroder - M. Beasley - J. Vanderbilt,1610612747,2022-23
2544-201566-1629117-1629134-1631108,L. James - R. Westbrook - W. Gabriel - K. Nunn - M. Christie,1610612747,2022-23
2544-203076-1626156-1627736-1629020,L. James - A. Davis - D. Russell - M. Beasley - J. Vanderbilt,1610612747,2022-23
2544-203076-203471-1629022-1630559,L. James - A. Davis - D. Schroder - L. Walker IV - A. Reaves,1610612747,2022-23
2544-203471-1628418-1629022-1630559,L. James - D. Schroder - T. Bryant - L. Walker IV - A. Reaves,1610612747,2022-23
2544-201566-203076-203471-1628972,L. James - R. Westbrook - A. Davis - D. Schroder - T. Brown Jr.,1610612747,2022-23
2544-201566-1628418-1629022-1630559,L. James - R. Westbrook - T. Bryant - L. Walker IV - A. Reaves,1610612747,2022-23
2544-203076-203471-1628972-1629060,L. James - A. Davis - D. Schroder - T. Brown Jr. - R. Hachimura,1610612747,2022-23
2544-203076-1628972-1629022-1629134,L. James - A. Davis - T. Brown Jr. - L. Walker IV - K. Nunn,1610612747,2022-23
2544-201566-1628418-1628972-1630559,L. James - R. Westbrook - T. Bryant - T. Brown Jr. - A. Reaves,1610612747,2022-23
2544-203471-1628418-1628972-1629308,L. James - D. Schroder - T. Bryant - T. Brown Jr. - J. Toscano-Anderson,1610612747,2022-23
2544-201976-203076-1628972-1630559,L. James - P. Beverley - A. Davis - T. Brown Jr. - A. Reaves,1610612747,2022-23
2544-201566-203076-203471-1629060,L. James - R. Westbrook - A. Davis - D. Schroder - R. Hachimura,1610612747,2022-23
2544-201566-203471-1628418-1631108,L. James - R. Westbrook - D. Schroder - T. Bryant - M. Christie,1610612747,2022-23
2544-203471-1628418-1629308-1631108,L. James - D. Schroder - T. Bryant - J. Toscano-Anderson - M. Christie,1610612747,2022-23
2544-201566-203076-203471-1630559,L. James - R. Westbrook - A. Davis - D. Schroder - A. Reaves,1610612747,2022-23
2544-201566-203471-1628418-1630559,L. James - R. Westbrook - D. Schroder - T. Bryant - A. Reaves,1610612747,2022-23
2544-203471-1628964-1629060-1630559,L. James - D. Schroder - M. Bamba - R. Hachimura - A. Reaves,1610612747,2022-23
2544-203471-1628418-1628972-1629022,L. James - D. Schroder - T. Bryant - T. Brown Jr. - L. Walker IV,1610612747,2022-23
2544-201566-203076-203471-1629022,L. James - R. Westbrook - A. Davis - D. Schroder - L. Walker IV,1610612747,2022-23
2544-201566-203076-1628972-1629022,L. James - R. Westbrook - A. Davis - T. Brown Jr. - L. Walker IV,1610612747,2022-23
2544-201566-1629022-1629117-1630559,L. James - R. Westbrook - L. Walker IV - W. Gabriel - A. Reaves,1610612747,2022-23
2544-201566-1628972-1629117-1629134,L. James - R. Westbrook - T. Brown Jr. - W. Gabriel - K. Nunn,1610612747,2022-23
2544-201566-201976-203076-1628972,L. James - R. Westbrook - P. Beverley - A. Davis - T. Brown Jr.,1610612747,2022-23
2544-203076-1626156-1629060-1630559,L. James - A. Davis - D. Russell - R. Hachimura - A. Reaves,1610612747,2022-23
2544-203471-1628418-1628972-1630559,L. James - D. Schroder - T. Bryant - T. Brown Jr. - A. Reaves,1610612747,2022-23
2544-201566-203471-1628972-1629308,L. James - R. Westbrook - D. Schroder - T. Brown Jr. - J. Toscano-Anderson,1610612747,2022-23
2544-201566-203471-1628418-1628972,L. James - R. Westbrook - D. Schroder - T. Bryant - T. Brown Jr.,1610612747,2022-23
2544-201566-201976-1629117-1631108,L. James - R. Westbrook - P. Beverley - W. Gabriel - M. Christie,1610612747,2022-23
2544-201566-1628418-1629134-1631108,L. James - R. Westbrook - T. Bryant - K. Nunn - M. Christie,1610612747,2022-23
2544-203076-203471-1627736-1628972,L. James - A. Davis - D. Schroder - M. Beasley - T. Brown Jr.,1610612747,2022-23
2544-203471-1629060-1629117-1630559,L. James - D. Schroder - R. Hachimura - W. Gabriel - A. Reaves,1610612747,2022-23
2544-201976-1627745-1628972-1630559,L. James - P. Beverley - D. Jones - T. Brown Jr. - A. Reaves,1610612747,2022-23
2544-201976-1627745-1628972-1629022,L. James - P. Beverley - D. Jones - T. Brown Jr. - L. Walker IV,1610612747,2022-23
2544-201976-203471-1628418-1631108,L. James - P. Beverley - D. Schroder - T. Bryant - M. Christie,1610612747,2022-23
2544-201976-1629117-1630346-1630559,L. James - P. Beverley - W. Gabriel - M. Ryan - A. Reaves,1610612747,2022-23
2544-201566-203471-1629022-1630559,L. James - R. Westbrook - D. Schroder - L. Walker IV - A. Reaves,1610612747,2022-23
2544-203471-1627736-1629060-1629117,L. James - D. Schroder - M. Beasley - R. Hachimura - W. Gabriel,1610612747,2022-23
2544-203471-1628972-1629117-1629134,L. James - D. Schroder - T. Brown Jr. - W. Gabriel - K. Nunn,1610612747,2022-23
2544-203471-1628418-1630559-1631108,L. James - D. Schroder - T. Bryant - A. Reaves - M. Christie,1610612747,2022-23
2544-201566-203471-1628418-1629134,L. James - R. Westbrook - D. Schroder - T. Bryant - K. Nunn,1610612747,2022-23
2544-201566-203471-1628418-1629022,L. James - R. Westbrook - D. Schroder - T. Bryant - L. Walker IV,1610612747,2022-23
2544-201566-203471-1629117-1631108,L. James - R. Westbrook - D. Schroder - W. Gabriel - M. Christie,1610612747,2022-23
2544-201566-201976-1629117-1630559,L. James - R. Westbrook - P. Beverley - W. Gabriel - A. Reaves,1610612747,2022-23
2544-203076-1626156-1628972-1630559,L. James - A. Davis - D. Russell - T. Brown Jr. - A. Reaves,1610612747,2022-23
2544-203076-203471-1626156-1629020,L. James - A. Davis - D. Schroder - D. Russell - J. Vanderbilt,1610612747,2022-23
2544-1629022-1629117-1630346-1630559,L. James - L. Walker IV - W. Gabriel - M. Ryan - A. Reaves,1610612747,2022-23
2544-1628964-1629022-1629060-1630559,L. James - M. Bamba - L. Walker IV - R. Hachimura - A. Reaves,1610612747,2022-23
2544-1627736-1628972-1629060-1630559,L. James - M. Beasley - T. Brown Jr. - R. Hachimura - A. Reaves,1610612747,2022-23
2544-201976-1629022-1629308-1630559,L. James - P. Beverley - L. Walker IV - J. Toscano-Anderson - A. Reaves,1610612747,2022-23
2544-201566-203076-1629022-1629308,L. James - R. Westbrook - A. Davis - L. Walker IV - J. Toscano-Anderson,1610612747,2022-23
2544-201566-203471-1629117-1629134,L. James - R. Westbrook - D. Schroder - W. Gabriel - K. Nunn,1610612747,2022-23
2544-201566-201976-203471-1630559,L. James - R. Westbrook - P. Beverley - D. Schroder - A. Reaves,1610612747,2022-23
2544-201566-201976-203471-1629117,L. James - R. Westbrook - P. Beverley - D. Schroder - W. Gabriel,1610612747,2022-23
2544-201566-201976-1629022-1629117,L. James - R. Westbrook - P. Beverley - L. Walker IV - W. Gabriel,1610612747,2022-23
2544-201566-1628418-1628972-1631108,L. James - R. Westbrook - T. Bryant - T. Brown Jr. - M. Christie,1610612747,2022-23
2544-203076-1626156-1627736-1628972,L. James - A. Davis - D. Russell - M. Beasley - T. Brown Jr.,1610612747,2022-23
2544-203076-1627736-1628972-1630559,L. James - A. Davis - M. Beasley - T. Brown Jr. - A. Reaves,1610612747,2022-23
2544-201976-203076-1629022-1630346,L. James - P. Beverley - A. Davis - L. Walker IV - M. Ryan,1610612747,2022-23
2544-201976-1627745-1629134-1630346,L. James - P. Beverley - D. Jones - K. Nunn - M. Ryan,1610612747,2022-23
2544-201976-203471-1628972-1629117,L. James - P. Beverley - D. Schroder - T. Brown Jr. - W. Gabriel,1610612747,2022-23
2544-201976-203471-1628418-1629060,L. James - P. Beverley - D. Schroder - T. Bryant - R. Hachimura,1610612747,2022-23
2544-201566-203076-1629022-1629134,L. James - R. Westbrook - A. Davis - L. Walker IV - K. Nunn,1610612747,2022-23
2544-201566-203076-1628972-1629060,L. James - R. Westbrook - A. Davis - T. Brown Jr. - R. Hachimura,1610612747,2022-23
2544-201566-203471-1628972-1629134,L. James - R. Westbrook - D. Schroder - T. Brown Jr. - K. Nunn,1610612747,2022-23
2544-201566-203471-1628418-1629308,L. James - R. Westbrook - D. Schroder - T. Bryant - J. Toscano-Anderson,1610612747,2022-23
2544-203076-203471-1627736-1630559,L. James - A. Davis - D. Schroder - M. Beasley - A. Reaves,1610612747,2022-23
2544-203076-203471-1629060-1630559,L. James - A. Davis - D. Schroder - R. Hachimura - A. Reaves,1610612747,2022-23
2544-203076-1627736-1629060-1630559,L. James - A. Davis - M. Beasley - R. Hachimura - A. Reaves,1610612747,2022-23
2544-203076-1628972-1629022-1630346,L. James - A. Davis - T. Brown Jr. - L. Walker IV - M. Ryan,1610612747,2022-23
2544-203471-1627736-1628964-1629060,L. James - D. Schroder - M. Beasley - M. Bamba - R. Hachimura,1610612747,2022-23
2544-203471-1628972-1629117-1630559,L. James - D. Schroder - T. Brown Jr. - W. Gabriel - A. Reaves,1610612747,2022-23
2544-203471-1628418-1629060-1631108,L. James - D. Schroder - T. Bryant - R. Hachimura - M. Christie,1610612747,2022-23
2544-201976-203471-1629117-1630559,L. James - P. Beverley - D. Schroder - W. Gabriel - A. Reaves,1610612747,2022-23
2544-201976-1628418-1629022-1629060,L. James - P. Beverley - T. Bryant - L. Walker IV - R. Hachimura,1610612747,2022-23
2544-201566-201976-1627745-1628972,L. James - R. Westbrook - P. Beverley - D. Jones - T. Brown Jr.,1610612747,2022-23
2544-201566-201976-1629022-1630559,L. James - R. Westbrook - P. Beverley - L. Walker IV - A. Reaves,1610612747,2022-23
2544-201566-201976-1628418-1630559,L. James - R. Westbrook - P. Beverley - T. Bryant - A. Reaves,1610612747,2022-23
2544-201566-201976-1628418-1629022,L. James - R. Westbrook - P. Beverley - T. Bryant - L. Walker IV,1610612747,2022-23
2544-201566-1628418-1630559-1631108,L. James - R. Westbrook - T. Bryant - A. Reaves - M. Christie,1610612747,2022-23
2544-203076-1628972-1629022-1630559,L. James - A. Davis - T. Brown Jr. - L. Walker IV - A. Reaves,1610612747,2022-23
2544-201976-1627745-1628972-1629134,L. James - P. Beverley - D. Jones - T. Brown Jr. - K. Nunn,1610612747,2022-23
2544-201976-203471-1629022-1630559,L. James - P. Beverley - D. Schroder - L. Walker IV - A. Reaves,1610612747,2022-23
2544-201566-1627745-1628972-1630559,L. James - R. Westbrook - D. Jones - T. Brown Jr. - A. Reaves,1610612747,2022-23
2544-201566-203471-1629134-1629308,L. James - R. Westbrook - D. Schroder - K. Nunn - J. Toscano-Anderson,1610612747,2022-23
2544-201566-203471-1628972-1630559,L. James - R. Westbrook - D. Schroder - T. Brown Jr. - A. Reaves,1610612747,2022-23
2544-201566-201976-203471-1629308,L. James - R. Westbrook - P. Beverley - D. Schroder - J. Toscano-Anderson,1610612747,2022-23
2544-201566-1628418-1628972-1629022,L. James - R. Westbrook - T. Bryant - T. Brown Jr. - L. Walker IV,1610612747,2022-23
2544-201566-1629117-1630559-1631108,L. James - R. Westbrook - W. Gabriel - A. Reaves - M. Christie,1610612747,2022-23
2544-201566-202340-1626169-1628370,L. James - R. Westbrook - A. Bradley - S. Johnson - M. Monk,1610612747,2021-22
2544-201566-1626169-1628370-1630559,L. James - R. Westbrook - S. Johnson - M. Monk - A. Reaves,1610612747,2021-22
2544-2546-201566-1628370-1630559,L. James - C. Anthony - R. Westbrook - M. Monk - A. Reaves,1610612747,2021-22
2544-2546-1628370-1629659-1630559,L. James - C. Anthony - M. Monk - T. Horton-Tucker - A. Reaves,1610612747,2021-22
2544-201566-201599-203076-203145,L. James - R. Westbrook - D. Jordan - A. Davis - K. Bazemore,1610612747,2021-22
2544-2730-2772-201566-202340,L. James - D. Howard - T. Ariza - R. Westbrook - A. Bradley,1610612747,2021-22
2544-201566-202340-203076-1629659,L. James - R. Westbrook - A. Bradley - A. Davis - T. Horton-Tucker,1610612747,2021-22
2544-201566-202340-203076-203145,L. James - R. Westbrook - A. Bradley - A. Davis - K. Bazemore,1610612747,2021-22
2544-2546-201566-203076-1628370,L. James - C. Anthony - R. Westbrook - A. Davis - M. Monk,1610612747,2021-22
2544-2546-1626169-1628370-1629659,L. James - C. Anthony - S. Johnson - M. Monk - T. Horton-Tucker,1610612747,2021-22
2544-2730-201566-1628370-1630559,L. James - D. Howard - R. Westbrook - M. Monk - A. Reaves,1610612747,2021-22
2544-1626169-1628370-1629659-1630559,L. James - S. Johnson - M. Monk - T. Horton-Tucker - A. Reaves,1610612747,2021-22
2544-2546-201566-1629659-1630559,L. James - C. Anthony - R. Westbrook - T. Horton-Tucker - A. Reaves,1610612747,2021-22
2544-201566-201599-202340-203076,L. James - R. Westbrook - D. Jordan - A. Bradley - A. Davis,1610612747,2021-22
2544-2546-201566-202340-1628370,L. James - C. Anthony - R. Westbrook - A. Bradley - M. Monk,1610612747,2021-22
2544-2730-201566-202340-1629659,L. James - D. Howard - R. Westbrook - A. Bradley - T. Horton-Tucker,1610612747,2021-22
2544-2730-201566-202340-1628370,L. James - D. Howard - R. Westbrook - A. Bradley - M. Monk,1610612747,2021-22
2544-2730-2772-201566-1630559,L. James - D. Howard - T. Ariza - R. Westbrook - A. Reaves,1610612747,2021-22
2544-201566-203076-1626169-1628370,L. James - R. Westbrook - A. Davis - S. Johnson - M. Monk,1610612747,2021-22
2544-2546-201566-201961-1629659,L. James - C. Anthony - R. Westbrook - W. Ellington - T. Horton-Tucker,1610612747,2021-22
2544-2772-201566-202340-1628370,L. James - T. Ariza - R. Westbrook - A. Bradley - M. Monk,1610612747,2021-22
2544-2772-201566-203076-1628370,L. James - T. Ariza - R. Westbrook - A. Davis - M. Monk,1610612747,2021-22
2544-2546-201566-1628370-1629659,L. James - C. Anthony - R. Westbrook - M. Monk - T. Horton-Tucker,1610612747,2021-22
2544-202340-1626169-1628370-1629659,L. James - A. Bradley - S. Johnson - M. Monk - T. Horton-Tucker,1610612747,2021-22
2544-2546-2730-201566-1628370,L. James - C. Anthony - D. Howard - R. Westbrook - M. Monk,1610612747,2021-22
2544-2546-201566-201961-202738,L. James - C. Anthony - R. Westbrook - W. Ellington - I. Thomas,1610612747,2021-22
2544-2730-201566-1629117-1630559,L. James - D. Howard - R. Westbrook - W. Gabriel - A. Reaves,1610612747,2021-22
2544-2546-201566-202340-1629659,L. James - C. Anthony - R. Westbrook - A. Bradley - T. Horton-Tucker,1610612747,2021-22
2544-2546-201566-201961-1628370,L. James - C. Anthony - R. Westbrook - W. Ellington - M. Monk,1610612747,2021-22
2544-2546-201961-1628370-1629659,L. James - C. Anthony - W. Ellington - M. Monk - T. Horton-Tucker,1610612747,2021-22
2544-201566-202340-203076-1626169,L. James - R. Westbrook - A. Bradley - A. Davis - S. Johnson,1610612747,2021-22
2544-2730-201566-201961-1629659,L. James - D. Howard - R. Westbrook - W. Ellington - T. Horton-Tucker,1610612747,2021-22
2544-201566-202340-1626169-1629659,L. James - R. Westbrook - A. Bradley - S. Johnson - T. Horton-Tucker,1610612747,2021-22
2544-2772-202340-203076-1628370,L. James - T. Ariza - A. Bradley - A. Davis - M. Monk,1610612747,2021-22
2544-2546-2730-201566-1630559,L. James - C. Anthony - D. Howard - R. Westbrook - A. Reaves,1610612747,2021-22
2544-2546-201566-201961-1630559,L. James - C. Anthony - R. Westbrook - W. Ellington - A. Reaves,1610612747,2021-22
2544-2730-201566-202340-203076,L. James - D. Howard - R. Westbrook - A. Bradley - A. Davis,1610612747,2021-22
2544-2730-201566-203076-1629659,L. James - D. Howard - R. Westbrook - A. Davis - T. Horton-Tucker,1610612747,2021-22
2544-201566-203076-1628370-1629659,L. James - R. Westbrook - A. Davis - M. Monk - T. Horton-Tucker,1610612747,2021-22
2544-202340-1626169-1629659-1630559,L. James - A. Bradley - S. Johnson - T. Horton-Tucker - A. Reaves,1610612747,2021-22
2544-2546-201566-202340-203076,L. James - C. Anthony - R. Westbrook - A. Bradley - A. Davis,1610612747,2021-22
2544-201566-201961-202340-203076,L. James - R. Westbrook - W. Ellington - A. Bradley - A. Davis,1610612747,2021-22
2544-2546-2730-201566-201961,L. James - C. Anthony - D. Howard - R. Westbrook - W. Ellington,1610612747,2021-22
2544-2546-201566-1626169-1628370,L. James - C. Anthony - R. Westbrook - S. Johnson - M. Monk,1610612747,2021-22
2544-2546-201961-1629659-1630559,L. James - C. Anthony - W. Ellington - T. Horton-Tucker - A. Reaves,1610612747,2021-22
2544-2546-202340-1628370-1629659,L. James - C. Anthony - A. Bradley - M. Monk - T. Horton-Tucker,1610612747,2021-22
2544-2546-201566-202340-1626169,L. James - C. Anthony - R. Westbrook - A. Bradley - S. Johnson,1610612747,2021-22
2544-2546-201566-201571-202340,L. James - C. Anthony - R. Westbrook - D. Augustin - A. Bradley,1610612747,2021-22
2544-2546-201566-201571-1629659,L. James - C. Anthony - R. Westbrook - D. Augustin - T. Horton-Tucker,1610612747,2021-22
2544-2730-202340-1628370-1629659,L. James - D. Howard - A. Bradley - M. Monk - T. Horton-Tucker,1610612747,2021-22
2544-201566-202340-203076-1628370,L. James - R. Westbrook - A. Bradley - A. Davis - M. Monk,1610612747,2021-22
2544-201566-201599-202340-1629659,L. James - R. Westbrook - D. Jordan - A. Bradley - T. Horton-Tucker,1610612747,2021-22
2544-201566-201599-201961-1629659,L. James - R. Westbrook - D. Jordan - W. Ellington - T. Horton-Tucker,1610612747,2021-22
2544-201566-201961-203076-1630559,L. James - R. Westbrook - W. Ellington - A. Davis - A. Reaves,1610612747,2021-22
2544-2772-201961-1629659-1630559,L. James - T. Ariza - W. Ellington - T. Horton-Tucker - A. Reaves,1610612747,2021-22
2544-2546-201566-201599-1630559,L. James - C. Anthony - R. Westbrook - D. Jordan - A. Reaves,1610612747,2021-22
2544-2730-1628370-1629659-1630559,L. James - D. Howard - M. Monk - T. Horton-Tucker - A. Reaves,1610612747,2021-22
2544-2772-202340-1628370-1629659,L. James - T. Ariza - A. Bradley - M. Monk - T. Horton-Tucker,1610612747,2021-22
2544-2772-203076-1628370-1629659,L. James - T. Ariza - A. Davis - M. Monk - T. Horton-Tucker,1610612747,2021-22
2544-2772-1628370-1629659-1630559,L. James - T. Ariza - M. Monk - T. Horton-Tucker - A. Reaves,1610612747,2021-22
2544-201961-1626169-1629659-1630559,L. James - W. Ellington - S. Johnson - T. Horton-Tucker - A. Reaves,1610612747,2021-22
2544-202340-203076-1626169-1628370,L. James - A. Bradley - A. Davis - S. Johnson - M. Monk,1610612747,2021-22
2544-2730-201571-1626169-1628370,L. James - D. Howard - D. Augustin - S. Johnson - M. Monk,1610612747,2021-22
2544-2730-201566-1628370-1629117,L. James - D. Howard - R. Westbrook - M. Monk - W. Gabriel,1610612747,2021-22
2544-2772-201566-202340-1626169,L. James - T. Ariza - R. Westbrook - A. Bradley - S. Johnson,1610612747,2021-22
2544-2546-201566-203076-203145,L. James - C. Anthony - R. Westbrook - A. Davis - K. Bazemore,1610612747,2021-22
2544-2546-201566-201954-1628370,L. James - C. Anthony - R. Westbrook - D. Collison - M. Monk,1610612747,2021-22
2544-201566-202340-1629117-1630559,L. James - R. Westbrook - A. Bradley - W. Gabriel - A. Reaves,1610612747,2021-22
2544-2772-202340-1629659-1630559,L. James - T. Ariza - A. Bradley - T. Horton-Tucker - A. Reaves,1610612747,2021-22
2544-202340-203076-203145-1628370,L. James - A. Bradley - A. Davis - K. Bazemore - M. Monk,1610612747,2021-22
2544-2546-2730-1628370-1629659,L. James - C. Anthony - D. Howard - M. Monk - T. Horton-Tucker,1610612747,2021-22
2544-2546-201566-203076-1630559,L. James - C. Anthony - R. Westbrook - A. Davis - A. Reaves,1610612747,2021-22
2544-2546-201961-203076-1628370,L. James - C. Anthony - W. Ellington - A. Davis - M. Monk,1610612747,2021-22
2544-201571-1626169-1628370-1630559,L. James - D. Augustin - S. Johnson - M. Monk - A. Reaves,1610612747,2021-22
2544-201566-202340-203076-1630559,L. James - R. Westbrook - A. Bradley - A. Davis - A. Reaves,1610612747,2021-22
2544-201566-201599-201961-202738,L. James - R. Westbrook - D. Jordan - W. Ellington - I. Thomas,1610612747,2021-22
2544-201566-1626169-1628370-1629659,L. James - R. Westbrook - S. Johnson - M. Monk - T. Horton-Tucker,1610612747,2021-22
2544-201566-201961-203076-203145,L. James - R. Westbrook - W. Ellington - A. Davis - K. Bazemore,1610612747,2021-22
2544-2772-201566-1626169-1628370,L. James - T. Ariza - R. Westbrook - S. Johnson - M. Monk,1610612747,2021-22
2544-2546-203076-1628370-1629659,L. James - C. Anthony - A. Davis - M. Monk - T. Horton-Tucker,1610612747,2021-22
2544-2546-201571-203145-1626169,L. James - C. Anthony - D. Augustin - K. Bazemore - S. Johnson,1610612747,2021-22
2544-2546-2730-1628370-1630559,L. James - C. Anthony - D. Howard - M. Monk - A. Reaves,1610612747,2021-22
2544-2546-201566-202340-1630559,L. James - C. Anthony - R. Westbrook - A. Bradley - A. Reaves,1610612747,2021-22
2544-2546-201566-203145-1629659,L. James - C. Anthony - R. Westbrook - K. Bazemore - T. Horton-Tucker,1610612747,2021-22
2544-2730-201571-1628370-1629659,L. James - D. Howard - D. Augustin - M. Monk - T. Horton-Tucker,1610612747,2021-22
2544-201599-202340-203076-1629659,L. James - D. Jordan - A. Bradley - A. Davis - T. Horton-Tucker,1610612747,2021-22
2544-201566-202340-1628370-1630559,L. James - R. Westbrook - A. Bradley - M. Monk - A. Reaves,1610612747,2021-22
2544-201566-202340-1626169-1630559,L. James - R. Westbrook - A. Bradley - S. Johnson - A. Reaves,1610612747,2021-22
2544-201566-1628370-1629659-1630559,L. James - R. Westbrook - M. Monk - T. Horton-Tucker - A. Reaves,1610612747,2021-22
2544-201566-1628370-1629117-1630559,L. James - R. Westbrook - M. Monk - W. Gabriel - A. Reaves,1610612747,2021-22
2544-201566-201961-1626169-1629659,L. James - R. Westbrook - W. Ellington - S. Johnson - T. Horton-Tucker,1610612747,2021-22
2544-2772-203076-1629659-1630559,L. James - T. Ariza - A. Davis - T. Horton-Tucker - A. Reaves,1610612747,2021-22
2544-2772-201566-1629659-1630559,L. James - T. Ariza - R. Westbrook - T. Horton-Tucker - A. Reaves,1610612747,2021-22
2544-202340-203076-1628370-1629659,L. James - A. Bradley - A. Davis - M. Monk - T. Horton-Tucker,1610612747,2021-22
2544-203076-1628370-1629659-1630559,L. James - A. Davis - M. Monk - T. Horton-Tucker - A. Reaves,1610612747,2021-22
2544-2546-202340-203076-1628370,L. James - C. Anthony - A. Bradley - A. Davis - M. Monk,1610612747,2021-22
2544-2546-203076-203145-1630559,L. James - C. Anthony - A. Davis - K. Bazemore - A. Reaves,1610612747,2021-22
2544-2546-203076-1628370-1630559,L. James - C. Anthony - A. Davis - M. Monk - A. Reaves,1610612747,2021-22
2544-2546-201571-1628370-1630559,L. James - C. Anthony - D. Augustin - M. Monk - A. Reaves,1610612747,2021-22
2544-2546-2730-202340-1628370,L. James - C. Anthony - D. Howard - A. Bradley - M. Monk,1610612747,2021-22
2544-2546-2730-201566-202340,L. James - C. Anthony - D. Howard - R. Westbrook - A. Bradley,1610612747,2021-22
2544-2546-2730-201961-1629659,L. James - C. Anthony - D. Howard - W. Ellington - T. Horton-Tucker,1610612747,2021-22
2544-2546-200765-201961-202738,L. James - C. Anthony - R. Rondo - W. Ellington - I. Thomas,1610612747,2021-22
2544-2546-201566-201961-203145,L. James - C. Anthony - R. Westbrook - W. Ellington - K. Bazemore,1610612747,2021-22
2544-2546-201566-201961-1626169,L. James - C. Anthony - R. Westbrook - W. Ellington - S. Johnson,1610612747,2021-22
2544-2546-2772-200765-201566,L. James - C. Anthony - T. Ariza - R. Rondo - R. Westbrook,1610612747,2021-22
2544-2546-2772-1629659-1630559,L. James - C. Anthony - T. Ariza - T. Horton-Tucker - A. Reaves,1610612747,2021-22
2544-201571-202340-1626169-1628370,L. James - D. Augustin - A. Bradley - S. Johnson - M. Monk,1610612747,2021-22
2544-201571-1626169-1629659-1630559,L. James - D. Augustin - S. Johnson - T. Horton-Tucker - A. Reaves,1610612747,2021-22
2544-2730-202340-203076-1628370,L. James - D. Howard - A. Bradley - A. Davis - M. Monk,1610612747,2021-22
2544-2730-203076-1628370-1629659,L. James - D. Howard - A. Davis - M. Monk - T. Horton-Tucker,1610612747,2021-22
2544-2730-203145-1629659-1630559,L. James - D. Howard - K. Bazemore - T. Horton-Tucker - A. Reaves,1610612747,2021-22
2544-2730-201566-1628370-1629659,L. James - D. Howard - R. Westbrook - M. Monk - T. Horton-Tucker,1610612747,2021-22
2544-2730-1626169-1628370-1629659,L. James - D. Howard - S. Johnson - M. Monk - T. Horton-Tucker,1610612747,2021-22
2544-201566-201571-202340-1629117,L. James - R. Westbrook - D. Augustin - A. Bradley - W. Gabriel,1610612747,2021-22
2544-201566-201571-1626169-1628370,L. James - R. Westbrook - D. Augustin - S. Johnson - M. Monk,1610612747,2021-22
2544-2772-201566-1628370-1630559,L. James - T. Ariza - R. Westbrook - M. Monk - A. Reaves,1610612747,2021-22
2544-2546-202340-1629659-1630559,L. James - C. Anthony - A. Bradley - T. Horton-Tucker - A. Reaves,1610612747,2021-22
2544-2546-201599-203145-1630559,L. James - C. Anthony - D. Jordan - K. Bazemore - A. Reaves,1610612747,2021-22
2544-2730-201566-1629659-1630559,L. James - D. Howard - R. Westbrook - T. Horton-Tucker - A. Reaves,1610612747,2021-22
2544-2730-1626169-1628370-1630559,L. James - D. Howard - S. Johnson - M. Monk - A. Reaves,1610612747,2021-22
2544-201599-203076-1628370-1629659,L. James - D. Jordan - A. Davis - M. Monk - T. Horton-Tucker,1610612747,2021-22
2544-201599-201961-202340-1629659,L. James - D. Jordan - W. Ellington - A. Bradley - T. Horton-Tucker,1610612747,2021-22
2544-201566-201599-202340-1628370,L. James - R. Westbrook - D. Jordan - A. Bradley - M. Monk,1610612747,2021-22
2544-201566-201961-203076-1629659,L. James - R. Westbrook - W. Ellington - A. Davis - T. Horton-Tucker,1610612747,2021-22
2544-201961-202340-203076-1630559,L. James - W. Ellington - A. Bradley - A. Davis - A. Reaves,1610612747,2021-22
2544-201188-203076-203471-203484,L. James - M. Gasol - A. Davis - D. Schroder - K. Caldwell-Pope,1610612747,2020-21
2544-201188-203471-203484-1628398,L. James - M. Gasol - D. Schroder - K. Caldwell-Pope - K. Kuzma,1610612747,2020-21
2544-202083-202693-1626149-1628398,L. James - W. Matthews - M. Morris - M. Harrell - K. Kuzma,1610612747,2020-21
2544-1626149-1627936-1628398-1629659,L. James - M. Harrell - A. Caruso - K. Kuzma - T. Horton-Tucker,1610612747,2020-21
2544-202083-1626149-1628398-1629659,L. James - W. Matthews - M. Harrell - K. Kuzma - T. Horton-Tucker,1610612747,2020-21
2544-201188-203076-203471-1628398,L. James - M. Gasol - A. Davis - D. Schroder - K. Kuzma,1610612747,2020-21
2544-201188-202083-203484-1628398,L. James - M. Gasol - W. Matthews - K. Caldwell-Pope - K. Kuzma,1610612747,2020-21
2544-202083-202693-1626149-1629659,L. James - W. Matthews - M. Morris - M. Harrell - T. Horton-Tucker,1610612747,2020-21
2544-203076-203083-203471-203484,L. James - A. Davis - A. Drummond - D. Schroder - K. Caldwell-Pope,1610612747,2020-21
2544-202693-203471-203484-1627745,L. James - M. Morris - D. Schroder - K. Caldwell-Pope - D. Jones,1610612747,2020-21
2544-202693-1626149-1627936-1628398,L. James - M. Morris - M. Harrell - A. Caruso - K. Kuzma,1610612747,2020-21
2544-201188-202693-203471-203484,L. James - M. Gasol - M. Morris - D. Schroder - K. Caldwell-Pope,1610612747,2020-21
2544-203076-203471-203484-1627936,L. James - A. Davis - D. Schroder - K. Caldwell-Pope - A. Caruso,1610612747,2020-21
2544-203076-203471-203484-1626149,L. James - A. Davis - D. Schroder - K. Caldwell-Pope - M. Harrell,1610612747,2020-21
2544-202083-202693-1626149-1627936,L. James - W. Matthews - M. Morris - M. Harrell - A. Caruso,1610612747,2020-21
2544-202693-1626149-1627936-1629659,L. James - M. Morris - M. Harrell - A. Caruso - T. Horton-Tucker,1610612747,2020-21
2544-202083-1626149-1627936-1628398,L. James - W. Matthews - M. Harrell - A. Caruso - K. Kuzma,1610612747,2020-21
2544-202693-203471-203484-1626149,L. James - M. Morris - D. Schroder - K. Caldwell-Pope - M. Harrell,1610612747,2020-21
2544-202083-203471-1626149-1628398,L. James - W. Matthews - D. Schroder - M. Harrell - K. Kuzma,1610612747,2020-21
2544-201188-203484-1627936-1628398,L. James - M. Gasol - K. Caldwell-Pope - A. Caruso - K. Kuzma,1610612747,2020-21
2544-201188-202083-202693-203471,L. James - M. Gasol - W. Matthews - M. Morris - D. Schroder,1610612747,2020-21
2544-203076-203083-203484-1629659,L. James - A. Davis - A. Drummond - K. Caldwell-Pope - T. Horton-Tucker,1610612747,2020-21
2544-203076-1626149-1627936-1628398,L. James - A. Davis - M. Harrell - A. Caruso - K. Kuzma,1610612747,2020-21
2544-202693-203484-1626149-1629659,L. James - M. Morris - K. Caldwell-Pope - M. Harrell - T. Horton-Tucker,1610612747,2020-21
2544-202693-1626149-1628398-1629659,L. James - M. Morris - M. Harrell - K. Kuzma - T. Horton-Tucker,1610612747,2020-21
2544-203076-203471-1626149-1627936,L. James - A. Davis - D. Schroder - M. Harrell - A. Caruso,1610612747,2020-21
2544-202083-202693-203471-1626149,L. James - W. Matthews - M. Morris - D. Schroder - M. Harrell,1610612747,2020-21
2544-203484-1626149-1627936-1628398,L. James - K. Caldwell-Pope - M. Harrell - A. Caruso - K. Kuzma,1610612747,2020-21
2544-202083-203076-203471-1628398,L. James - W. Matthews - A. Davis - D. Schroder - K. Kuzma,1610612747,2020-21
2544-201188-202693-203484-1629659,L. James - M. Gasol - M. Morris - K. Caldwell-Pope - T. Horton-Tucker,1610612747,2020-21
2544-202693-203471-203484-1628398,L. James - M. Morris - D. Schroder - K. Caldwell-Pope - K. Kuzma,1610612747,2020-21
2544-203076-203471-203484-1628398,L. James - A. Davis - D. Schroder - K. Caldwell-Pope - K. Kuzma,1610612747,2020-21
2544-203484-1626149-1628398-1629659,L. James - K. Caldwell-Pope - M. Harrell - K. Kuzma - T. Horton-Tucker,1610612747,2020-21
2544-202083-203076-1626149-1628398,L. James - W. Matthews - A. Davis - M. Harrell - K. Kuzma,1610612747,2020-21
2544-202083-203471-203484-1626149,L. James - W. Matthews - D. Schroder - K. Caldwell-Pope - M. Harrell,1610612747,2020-21
2544-202083-202693-1628398-1629659,L. James - W. Matthews - M. Morris - K. Kuzma - T. Horton-Tucker,1610612747,2020-21
2544-203076-203484-1627936-1628398,L. James - A. Davis - K. Caldwell-Pope - A. Caruso - K. Kuzma,1610612747,2020-21
2544-202083-1626149-1627936-1629659,L. James - W. Matthews - M. Harrell - A. Caruso - T. Horton-Tucker,1610612747,2020-21
2544-203076-203083-203484-1627936,L. James - A. Davis - A. Drummond - K. Caldwell-Pope - A. Caruso,1610612747,2020-21
2544-203076-1626149-1628398-1629659,L. James - A. Davis - M. Harrell - K. Kuzma - T. Horton-Tucker,1610612747,2020-21
2544-203471-203484-1627936-1628398,L. James - D. Schroder - K. Caldwell-Pope - A. Caruso - K. Kuzma,1610612747,2020-21
2544-203471-203484-1626149-1628398,L. James - D. Schroder - K. Caldwell-Pope - M. Harrell - K. Kuzma,1610612747,2020-21
2544-201188-203471-1627936-1628398,L. James - M. Gasol - D. Schroder - A. Caruso - K. Kuzma,1610612747,2020-21
2544-201188-202693-203484-1627936,L. James - M. Gasol - M. Morris - K. Caldwell-Pope - A. Caruso,1610612747,2020-21
2544-202083-202693-203471-203484,L. James - W. Matthews - M. Morris - D. Schroder - K. Caldwell-Pope,1610612747,2020-21
2544-201162-202083-1626149-1629659,L. James - J. Dudley - W. Matthews - M. Harrell - T. Horton-Tucker,1610612747,2020-21
2544-201188-203484-1627936-1629659,L. James - M. Gasol - K. Caldwell-Pope - A. Caruso - T. Horton-Tucker,1610612747,2020-21
2544-202693-203484-1627936-1628398,L. James - M. Morris - K. Caldwell-Pope - A. Caruso - K. Kuzma,1610612747,2020-21
2544-202083-202693-203471-1629659,L. James - W. Matthews - M. Morris - D. Schroder - T. Horton-Tucker,1610612747,2020-21
2544-203076-203471-1626149-1628398,L. James - A. Davis - D. Schroder - M. Harrell - K. Kuzma,1610612747,2020-21
2544-203463-1626149-1627936-1628398,L. James - B. McLemore - M. Harrell - A. Caruso - K. Kuzma,1610612747,2020-21
2544-203471-1626149-1627936-1628398,L. James - D. Schroder - M. Harrell - A. Caruso - K. Kuzma,1610612747,2020-21
2544-201188-203076-203471-1627936,L. James - M. Gasol - A. Davis - D. Schroder - A. Caruso,1610612747,2020-21
2544-201188-202083-203471-203484,L. James - M. Gasol - W. Matthews - D. Schroder - K. Caldwell-Pope,1610612747,2020-21
2544-201188-202083-202693-1629659,L. James - M. Gasol - W. Matthews - M. Morris - T. Horton-Tucker,1610612747,2020-21
2544-1626149-1628035-1628398-1629659,L. James - M. Harrell - A. McKinnie - K. Kuzma - T. Horton-Tucker,1610612747,2020-21
2544-202083-203076-1626149-1627936,L. James - W. Matthews - A. Davis - M. Harrell - A. Caruso,1610612747,2020-21
2544-203076-203083-203484-1628398,L. James - A. Davis - A. Drummond - K. Caldwell-Pope - K. Kuzma,1610612747,2020-21
2544-203076-203471-1627936-1628398,L. James - A. Davis - D. Schroder - A. Caruso - K. Kuzma,1610612747,2020-21
2544-203076-203484-1626149-1629659,L. James - A. Davis - K. Caldwell-Pope - M. Harrell - T. Horton-Tucker,1610612747,2020-21
2544-201162-202083-1627936-1629659,L. James - J. Dudley - W. Matthews - A. Caruso - T. Horton-Tucker,1610612747,2020-21
2544-203484-1626149-1627936-1629659,L. James - K. Caldwell-Pope - M. Harrell - A. Caruso - T. Horton-Tucker,1610612747,2020-21
2544-201188-202693-203463-1629659,L. James - M. Gasol - M. Morris - B. McLemore - T. Horton-Tucker,1610612747,2020-21
2544-201188-202083-203471-1628398,L. James - M. Gasol - W. Matthews - D. Schroder - K. Kuzma,1610612747,2020-21
2544-202693-203463-1626149-1628398,L. James - M. Morris - B. McLemore - M. Harrell - K. Kuzma,1610612747,2020-21
2544-202693-203471-1626149-1628398,L. James - M. Morris - D. Schroder - M. Harrell - K. Kuzma,1610612747,2020-21
2544-202693-203484-1627745-1629659,L. James - M. Morris - K. Caldwell-Pope - D. Jones - T. Horton-Tucker,1610612747,2020-21
2544-202083-203076-1627936-1628398,L. James - W. Matthews - A. Davis - A. Caruso - K. Kuzma,1610612747,2020-21
2544-203076-203083-1628398-1629659,L. James - A. Davis - A. Drummond - K. Kuzma - T. Horton-Tucker,1610612747,2020-21
2544-203076-203471-203484-1629659,L. James - A. Davis - D. Schroder - K. Caldwell-Pope - T. Horton-Tucker,1610612747,2020-21
2544-203471-203484-1627745-1628398,L. James - D. Schroder - K. Caldwell-Pope - D. Jones - K. Kuzma,1610612747,2020-21
2544-203471-203484-1626149-1629659,L. James - D. Schroder - K. Caldwell-Pope - M. Harrell - T. Horton-Tucker,1610612747,2020-21
2544-201188-203076-1627936-1628398,L. James - M. Gasol - A. Davis - A. Caruso - K. Kuzma,1610612747,2020-21
2544-201188-203076-203484-1627936,L. James - M. Gasol - A. Davis - K. Caldwell-Pope - A. Caruso,1610612747,2020-21
2544-201188-202693-1628398-1629659,L. James - M. Gasol - M. Morris - K. Kuzma - T. Horton-Tucker,1610612747,2020-21
2544-1626149-1626188-1627936-1629659,L. James - M. Harrell - Q. Cook - A. Caruso - T. Horton-Tucker,1610612747,2020-21
2544-202693-203076-203471-203484,L. James - M. Morris - A. Davis - D. Schroder - K. Caldwell-Pope,1610612747,2020-21
2544-202693-203484-1627745-1627936,L. James - M. Morris - K. Caldwell-Pope - D. Jones - A. Caruso,1610612747,2020-21
2544-202083-203076-1627936-1629659,L. James - W. Matthews - A. Davis - A. Caruso - T. Horton-Tucker,1610612747,2020-21
2544-202083-203076-203471-1626149,L. James - W. Matthews - A. Davis - D. Schroder - M. Harrell,1610612747,2020-21
2544-202083-203484-1626149-1628398,L. James - W. Matthews - K. Caldwell-Pope - M. Harrell - K. Kuzma,1610612747,2020-21
2544-202083-202693-1627936-1628398,L. James - W. Matthews - M. Morris - A. Caruso - K. Kuzma,1610612747,2020-21
2544-201580-201980-202340-203076,L. James - J. McGee - D. Green - A. Bradley - A. Davis,1610612747,2019-20
2544-201580-201980-203076-203484,L. James - J. McGee - D. Green - A. Davis - K. Caldwell-Pope,1610612747,2019-20
2544-2730-200765-203484-1628398,L. James - D. Howard - R. Rondo - K. Caldwell-Pope - K. Kuzma,1610612747,2019-20
2544-201580-201980-202340-1628398,L. James - J. McGee - D. Green - A. Bradley - K. Kuzma,1610612747,2019-20
2544-2730-201980-202340-203076,L. James - D. Howard - D. Green - A. Bradley - A. Davis,1610612747,2019-20
2544-2730-200765-1627936-1628398,L. James - D. Howard - R. Rondo - A. Caruso - K. Kuzma,1610612747,2019-20
2544-201980-202340-203076-1628398,L. James - D. Green - A. Bradley - A. Davis - K. Kuzma,1610612747,2019-20
2544-201980-203076-203484-1628398,L. James - D. Green - A. Davis - K. Caldwell-Pope - K. Kuzma,1610612747,2019-20
2544-201980-202340-203076-1627936,L. James - D. Green - A. Bradley - A. Davis - A. Caruso,1610612747,2019-20
2544-2730-201980-203076-203484,L. James - D. Howard - D. Green - A. Davis - K. Caldwell-Pope,1610612747,2019-20
2544-202340-203076-203484-1628398,L. James - A. Bradley - A. Davis - K. Caldwell-Pope - K. Kuzma,1610612747,2019-20
2544-201980-203076-203484-1627936,L. James - D. Green - A. Davis - K. Caldwell-Pope - A. Caruso,1610612747,2019-20
2544-2730-203076-203484-1627936,L. James - D. Howard - A. Davis - K. Caldwell-Pope - A. Caruso,1610612747,2019-20
2544-203076-203484-1627936-1628398,L. James - A. Davis - K. Caldwell-Pope - A. Caruso - K. Kuzma,1610612747,2019-20
2544-2730-200765-203584-1628398,L. James - D. Howard - R. Rondo - T. Daniels - K. Kuzma,1610612747,2019-20
2544-201980-202340-203076-203484,L. James - D. Green - A. Bradley - A. Davis - K. Caldwell-Pope,1610612747,2019-20
2544-2730-203484-1627936-1628398,L. James - D. Howard - K. Caldwell-Pope - A. Caruso - K. Kuzma,1610612747,2019-20
2544-200765-203076-203484-1628398,L. James - R. Rondo - A. Davis - K. Caldwell-Pope - K. Kuzma,1610612747,2019-20
2544-2730-203584-1627936-1628398,L. James - D. Howard - T. Daniels - A. Caruso - K. Kuzma,1610612747,2019-20
2544-201580-203076-203484-1627936,L. James - J. McGee - A. Davis - K. Caldwell-Pope - A. Caruso,1610612747,2019-20
2544-200765-201980-203076-203484,L. James - R. Rondo - D. Green - A. Davis - K. Caldwell-Pope,1610612747,2019-20
2544-2730-200765-201162-202340,L. James - D. Howard - R. Rondo - J. Dudley - A. Bradley,1610612747,2019-20
2544-201980-203076-1627936-1628398,L. James - D. Green - A. Davis - A. Caruso - K. Kuzma,1610612747,2019-20
2544-2730-201162-203484-203584,L. James - D. Howard - J. Dudley - K. Caldwell-Pope - T. Daniels,1610612747,2019-20
2544-2730-200765-203484-1627936,L. James - D. Howard - R. Rondo - K. Caldwell-Pope - A. Caruso,1610612747,2019-20
2544-2730-203484-203584-1626188,L. James - D. Howard - K. Caldwell-Pope - T. Daniels - Q. Cook,1610612747,2019-20
2544-201580-202340-203076-1627936,L. James - J. McGee - A. Bradley - A. Davis - A. Caruso,1610612747,2019-20
2544-201580-201980-203076-1628398,L. James - J. McGee - D. Green - A. Davis - K. Kuzma,1610612747,2019-20
2544-200765-202693-203484-1628398,L. James - R. Rondo - M. Morris - K. Caldwell-Pope - K. Kuzma,1610612747,2019-20
2544-2730-200765-203076-203484,L. James - D. Howard - R. Rondo - A. Davis - K. Caldwell-Pope,1610612747,2019-20
2544-201162-201580-201980-203484,L. James - J. Dudley - J. McGee - D. Green - K. Caldwell-Pope,1610612747,2019-20
2544-2730-202340-203484-1628398,L. James - D. Howard - A. Bradley - K. Caldwell-Pope - K. Kuzma,1610612747,2019-20
2544-2730-2747-203079-1628398,L. James - D. Howard - J. Smith - D. Waiters - K. Kuzma,1610612747,2019-20
2544-200765-201162-203484-1628398,L. James - R. Rondo - J. Dudley - K. Caldwell-Pope - K. Kuzma,1610612747,2019-20
2544-2730-201980-203076-1627936,L. James - D. Howard - D. Green - A. Davis - A. Caruso,1610612747,2019-20
2544-201580-201980-203484-1628398,L. James - J. McGee - D. Green - K. Caldwell-Pope - K. Kuzma,1610612747,2019-20
2544-2730-201162-202340-1627936,L. James - D. Howard - J. Dudley - A. Bradley - A. Caruso,1610612747,2019-20
2544-2730-201980-1627936-1628398,L. James - D. Howard - D. Green - A. Caruso - K. Kuzma,1610612747,2019-20
2544-2730-201980-203484-1627936,L. James - D. Howard - D. Green - K. Caldwell-Pope - A. Caruso,1610612747,2019-20
2544-201580-202340-203076-203484,L. James - J. McGee - A. Bradley - A. Davis - K. Caldwell-Pope,1610612747,2019-20
2544-201580-201980-203076-1627936,L. James - J. McGee - D. Green - A. Davis - A. Caruso,1610612747,2019-20
2544-200765-201980-203076-1628398,L. James - R. Rondo - D. Green - A. Davis - K. Kuzma,1610612747,2019-20
2544-2730-201980-202340-1628398,L. James - D. Howard - D. Green - A. Bradley - K. Kuzma,1610612747,2019-20
2544-2730-201162-203484-1626188,L. James - D. Howard - J. Dudley - K. Caldwell-Pope - Q. Cook,1610612747,2019-20
2544-2730-203484-1626188-1627936,L. James - D. Howard - K. Caldwell-Pope - Q. Cook - A. Caruso,1610612747,2019-20
2544-2730-203484-203584-1627936,L. James - D. Howard - K. Caldwell-Pope - T. Daniels - A. Caruso,1610612747,2019-20
2544-2730-1626188-1627936-1628398,L. James - D. Howard - Q. Cook - A. Caruso - K. Kuzma,1610612747,2019-20
2544-2730-200765-202340-1627936,L. James - D. Howard - R. Rondo - A. Bradley - A. Caruso,1610612747,2019-20
2544-200765-203076-203484-1627936,L. James - R. Rondo - A. Davis - K. Caldwell-Pope - A. Caruso,1610612747,2019-20
2544-2730-203079-1627936-1628398,L. James - D. Howard - D. Waiters - A. Caruso - K. Kuzma,1610612747,2019-20
2544-2730-201162-1628398-1629659,L. James - D. Howard - J. Dudley - K. Kuzma - T. Horton-Tucker,1610612747,2019-20
2544-2730-203484-1626188-1628398,L. James - D. Howard - K. Caldwell-Pope - Q. Cook - K. Kuzma,1610612747,2019-20
2544-202693-203076-203484-1627936,L. James - M. Morris - A. Davis - K. Caldwell-Pope - A. Caruso,1610612747,2019-20
2544-200765-201162-203484-1627936,L. James - R. Rondo - J. Dudley - K. Caldwell-Pope - A. Caruso,1610612747,2019-20
2544-202340-203076-1627936-1628398,L. James - A. Bradley - A. Davis - A. Caruso - K. Kuzma,1610612747,2019-20
2544-201980-202340-203076-1626188,L. James - D. Green - A. Bradley - A. Davis - Q. Cook,1610612747,2019-20
2544-2730-203076-1626188-1627936,L. James - D. Howard - A. Davis - Q. Cook - A. Caruso,1610612747,2019-20
2544-2730-200765-202693-203484,L. James - D. Howard - R. Rondo - M. Morris - K. Caldwell-Pope,1610612747,2019-20
2544-201580-202340-203076-1628398,L. James - J. McGee - A. Bradley - A. Davis - K. Kuzma,1610612747,2019-20
2544-202340-203076-203484-1627936,L. James - A. Bradley - A. Davis - K. Caldwell-Pope - A. Caruso,1610612747,2019-20
2544-201980-203076-203079-1628398,L. James - D. Green - A. Davis - D. Waiters - K. Kuzma,1610612747,2019-20
2544-2730-202340-203076-1627936,L. James - D. Howard - A. Bradley - A. Davis - A. Caruso,1610612747,2019-20
2544-2730-203076-203484-1626188,L. James - D. Howard - A. Davis - K. Caldwell-Pope - Q. Cook,1610612747,2019-20
2544-2730-203076-203484-203584,L. James - D. Howard - A. Davis - K. Caldwell-Pope - T. Daniels,1610612747,2019-20
2544-2730-201162-203584-1626188,L. James - D. Howard - J. Dudley - T. Daniels - Q. Cook,1610612747,2019-20
2544-2730-203484-203584-1628398,L. James - D. Howard - K. Caldwell-Pope - T. Daniels - K. Kuzma,1610612747,2019-20
2544-2730-202693-203079-1629659,L. James - D. Howard - M. Morris - D. Waiters - T. Horton-Tucker,1610612747,2019-20
2544-2730-202693-203484-1627936,L. James - D. Howard - M. Morris - K. Caldwell-Pope - A. Caruso,1610612747,2019-20
2544-2730-200765-201980-203076,L. James - D. Howard - R. Rondo - D. Green - A. Davis,1610612747,2019-20
2544-2730-200765-201162-203484,L. James - D. Howard - R. Rondo - J. Dudley - K. Caldwell-Pope,1610612747,2019-20
2544-201580-201980-203076-1626188,L. James - J. McGee - D. Green - A. Davis - Q. Cook,1610612747,2019-20
2544-201580-201980-202693-1629659,L. James - J. McGee - D. Green - M. Morris - T. Horton-Tucker,1610612747,2019-20
2544-201580-203484-203584-1626188,L. James - J. McGee - K. Caldwell-Pope - T. Daniels - Q. Cook,1610612747,2019-20
2544-202693-203079-1627936-1628398,L. James - M. Morris - D. Waiters - A. Caruso - K. Kuzma,1610612747,2019-20
2544-200765-201580-203484-1628398,L. James - R. Rondo - J. McGee - K. Caldwell-Pope - K. Kuzma,1610612747,2019-20
2544-2730-202340-203076-1628398,L. James - D. Howard - A. Bradley - A. Davis - K. Kuzma,1610612747,2019-20
2544-2730-203076-1627936-1628398,L. James - D. Howard - A. Davis - A. Caruso - K. Kuzma,1610612747,2019-20
2544-2730-2747-201162-203079,L. James - D. Howard - J. Smith - J. Dudley - D. Waiters,1610612747,2019-20
2544-2730-200765-202340-203076,L. James - D. Howard - R. Rondo - A. Bradley - A. Davis,1610612747,2019-20
2544-2730-200765-201980-1628398,L. James - D. Howard - R. Rondo - D. Green - K. Kuzma,1610612747,2019-20
2544-201580-202340-203484-1628398,L. James - J. McGee - A. Bradley - K. Caldwell-Pope - K. Kuzma,1610612747,2019-20
2544-201580-203484-1627936-1628398,L. James - J. McGee - K. Caldwell-Pope - A. Caruso - K. Kuzma,1610612747,2019-20
2544-2747-202693-203079-1628398,L. James - J. Smith - M. Morris - D. Waiters - K. Kuzma,1610612747,2019-20
2544-200765-201580-203584-1628398,L. James - R. Rondo - J. McGee - T. Daniels - K. Kuzma,1610612747,2019-20
2544-203076-203079-1627936-1628398,L. James - A. Davis - D. Waiters - A. Caruso - K. Kuzma,1610612747,2019-20
2544-201980-203076-203584-1627936,L. James - D. Green - A. Davis - T. Daniels - A. Caruso,1610612747,2019-20
2544-201980-203484-203584-1628398,L. James - D. Green - K. Caldwell-Pope - T. Daniels - K. Kuzma,1610612747,2019-20
2544-2730-202340-203484-1626188,L. James - D. Howard - A. Bradley - K. Caldwell-Pope - Q. Cook,1610612747,2019-20
2544-2730-201980-203079-1628398,L. James - D. Howard - D. Green - D. Waiters - K. Kuzma,1610612747,2019-20
2544-2730-201980-203484-1628398,L. James - D. Howard - D. Green - K. Caldwell-Pope - K. Kuzma,1610612747,2019-20
2544-2730-201980-1626188-1628398,L. James - D. Howard - D. Green - Q. Cook - K. Kuzma,1610612747,2019-20
2544-2730-201980-203584-1627936,L. James - D. Howard - D. Green - T. Daniels - A. Caruso,1610612747,2019-20
2544-2730-201162-202340-203484,L. James - D. Howard - J. Dudley - A. Bradley - K. Caldwell-Pope,1610612747,2019-20
2544-2730-201162-201980-202340,L. James - D. Howard - J. Dudley - D. Green - A. Bradley,1610612747,2019-20
2544-2730-201162-203484-1627936,L. James - D. Howard - J. Dudley - K. Caldwell-Pope - A. Caruso,1610612747,2019-20
2544-201162-201580-202340-1627936,L. James - J. Dudley - J. McGee - A. Bradley - A. Caruso,1610612747,2019-20
2544-201162-201580-201980-202340,L. James - J. Dudley - J. McGee - D. Green - A. Bradley,1610612747,2019-20
2544-201162-1626188-1628398-1629659,L. James - J. Dudley - Q. Cook - K. Kuzma - T. Horton-Tucker,1610612747,2019-20
2544-201580-203076-203484-1628398,L. James - J. McGee - A. Davis - K. Caldwell-Pope - K. Kuzma,1610612747,2019-20
2544-200765-203076-1627936-1628398,L. James - R. Rondo - A. Davis - A. Caruso - K. Kuzma,1610612747,2019-20
2544-200765-203484-1627936-1628398,L. James - R. Rondo - K. Caldwell-Pope - A. Caruso - K. Kuzma,1610612747,2019-20
2544-202340-203076-203584-1628398,L. James - A. Bradley - A. Davis - T. Daniels - K. Kuzma,1610612747,2019-20
2544-201980-202340-202693-203076,L. James - D. Green - A. Bradley - M. Morris - A. Davis,1610612747,2019-20
2544-201980-203076-203484-1626188,L. James - D. Green - A. Davis - K. Caldwell-Pope - Q. Cook,1610612747,2019-20
2544-2730-202340-203076-1626188,L. James - D. Howard - A. Bradley - A. Davis - Q. Cook,1610612747,2019-20
2544-2730-202340-202693-203484,L. James - D. Howard - A. Bradley - M. Morris - K. Caldwell-Pope,1610612747,2019-20
2544-2730-201980-203076-1628398,L. James - D. Howard - D. Green - A. Davis - K. Kuzma,1610612747,2019-20
2544-2730-203079-203484-1628398,L. James - D. Howard - D. Waiters - K. Caldwell-Pope - K. Kuzma,1610612747,2019-20
2544-2730-201162-1626188-1627936,L. James - D. Howard - J. Dudley - Q. Cook - A. Caruso,1610612747,2019-20
2544-2730-202693-203079-1628398,L. James - D. Howard - M. Morris - D. Waiters - K. Kuzma,1610612747,2019-20
2544-2730-202693-203484-1628398,L. James - D. Howard - M. Morris - K. Caldwell-Pope - K. Kuzma,1610612747,2019-20
2544-2730-203584-1626188-1627936,L. James - D. Howard - T. Daniels - Q. Cook - A. Caruso,1610612747,2019-20
2544-201162-203076-203484-1627936,L. James - J. Dudley - A. Davis - K. Caldwell-Pope - A. Caruso,1610612747,2019-20
2544-201580-203076-203484-203584,L. James - J. McGee - A. Davis - K. Caldwell-Pope - T. Daniels,1610612747,2019-20
2544-201580-201980-202693-1627936,L. James - J. McGee - D. Green - M. Morris - A. Caruso,1610612747,2019-20
2544-201580-203484-203584-1628398,L. James - J. McGee - K. Caldwell-Pope - T. Daniels - K. Kuzma,1610612747,2019-20
2544-201580-203584-1627936-1628398,L. James - J. McGee - T. Daniels - A. Caruso - K. Kuzma,1610612747,2019-20
2544-200765-203076-203484-203584,L. James - R. Rondo - A. Davis - K. Caldwell-Pope - T. Daniels,1610612747,2019-20
2544-200765-203076-203584-1628398,L. James - R. Rondo - A. Davis - T. Daniels - K. Kuzma,1610612747,2019-20
2544-200765-201980-203076-1627936,L. James - R. Rondo - D. Green - A. Davis - A. Caruso,1610612747,2019-20
2544-200765-201580-203076-203484,L. James - R. Rondo - J. McGee - A. Davis - K. Caldwell-Pope,1610612747,2019-20
2544-200765-201580-1626188-1627936,L. James - R. Rondo - J. McGee - Q. Cook - A. Caruso,1610612747,2019-20
2544-200765-202693-203076-203484,L. James - R. Rondo - M. Morris - A. Davis - K. Caldwell-Pope,1610612747,2019-20
2544-202340-202693-203076-203484,L. James - A. Bradley - M. Morris - A. Davis - K. Caldwell-Pope,1610612747,2019-20
2544-202340-202693-203484-1628398,L. James - A. Bradley - M. Morris - K. Caldwell-Pope - K. Kuzma,1610612747,2019-20
2544-203076-203484-203584-1627936,L. James - A. Davis - K. Caldwell-Pope - T. Daniels - A. Caruso,1610612747,2019-20
2544-201980-202340-203076-203584,L. James - D. Green - A. Bradley - A. Davis - T. Daniels,1610612747,2019-20
2544-2730-202340-203076-203484,L. James - D. Howard - A. Bradley - A. Davis - K. Caldwell-Pope,1610612747,2019-20
2544-2730-201162-202340-203584,L. James - D. Howard - J. Dudley - A. Bradley - T. Daniels,1610612747,2019-20
2544-2730-200765-201980-1627936,L. James - D. Howard - R. Rondo - D. Green - A. Caruso,1610612747,2019-20
2544-201162-203484-1627936-1628398,L. James - J. Dudley - K. Caldwell-Pope - A. Caruso - K. Kuzma,1610612747,2019-20
2544-201580-201980-202693-1626188,L. James - J. McGee - D. Green - M. Morris - Q. Cook,1610612747,2019-20
2544-201580-201980-203584-1628398,L. James - J. McGee - D. Green - T. Daniels - K. Kuzma,1610612747,2019-20
2544-201580-1627742-1628366-1628398,L. James - J. McGee - B. Ingram - L. Ball - K. Kuzma,1610612747,2018-19
2544-201580-1628366-1628398-1628404,L. James - J. McGee - L. Ball - K. Kuzma - J. Hart,1610612747,2018-19
2544-201580-203493-1627742-1628398,L. James - J. McGee - R. Bullock - B. Ingram - K. Kuzma,1610612747,2018-19
2199-2544-1628366-1628398-1628404,T. Chandler - L. James - L. Ball - K. Kuzma - J. Hart,1610612747,2018-19
2544-200765-201580-203493-1628398,L. James - R. Rondo - J. McGee - R. Bullock - K. Kuzma,1610612747,2018-19
2544-200765-203493-1627742-1628398,L. James - R. Rondo - R. Bullock - B. Ingram - K. Kuzma,1610612747,2018-19
2199-2544-1627742-1628366-1628398,T. Chandler - L. James - B. Ingram - L. Ball - K. Kuzma,1610612747,2018-19
2544-1627742-1627826-1628366-1628398,L. James - B. Ingram - I. Zubac - L. Ball - K. Kuzma,1610612747,2018-19
2544-200765-201580-203484-1628398,L. James - R. Rondo - J. McGee - K. Caldwell-Pope - K. Kuzma,1610612747,2018-19
2544-200765-201580-1627742-1628398,L. James - R. Rondo - J. McGee - B. Ingram - K. Kuzma,1610612747,2018-19
2199-2544-203484-1628366-1628398,T. Chandler - L. James - K. Caldwell-Pope - L. Ball - K. Kuzma,1610612747,2018-19
2544-201580-203484-1628366-1628398,L. James - J. McGee - K. Caldwell-Pope - L. Ball - K. Kuzma,1610612747,2018-19
2544-200765-1627742-1627826-1628398,L. James - R. Rondo - B. Ingram - I. Zubac - K. Kuzma,1610612747,2018-19
2544-202362-1628366-1628398-1628404,L. James - L. Stephenson - L. Ball - K. Kuzma - J. Hart,1610612747,2018-19
2544-200765-201580-203484-1627742,L. James - R. Rondo - J. McGee - K. Caldwell-Pope - B. Ingram,1610612747,2018-19
2544-203484-1628366-1628398-1628404,L. James - K. Caldwell-Pope - L. Ball - K. Kuzma - J. Hart,1610612747,2018-19
2199-2544-203484-1627742-1628404,T. Chandler - L. James - K. Caldwell-Pope - B. Ingram - J. Hart,1610612747,2018-19
2199-2544-200765-1627742-1628398,T. Chandler - L. James - R. Rondo - B. Ingram - K. Kuzma,1610612747,2018-19
2544-1627742-1628366-1628398-1628404,L. James - B. Ingram - L. Ball - K. Kuzma - J. Hart,1610612747,2018-19
2544-203484-1627936-1628404-1629140,L. James - K. Caldwell-Pope - A. Caruso - J. Hart - J. Williams,1610612747,2018-19
2544-200765-203484-1628398-1628404,L. James - R. Rondo - K. Caldwell-Pope - K. Kuzma - J. Hart,1610612747,2018-19
2544-201580-1627742-1628398-1628404,L. James - J. McGee - B. Ingram - K. Kuzma - J. Hart,1610612747,2018-19
2199-2544-203484-1628366-1628404,T. Chandler - L. James - K. Caldwell-Pope - L. Ball - J. Hart,1610612747,2018-19
2199-2544-202362-203484-1628404,T. Chandler - L. James - L. Stephenson - K. Caldwell-Pope - J. Hart,1610612747,2018-19
2544-200765-1627742-1628398-1628404,L. James - R. Rondo - B. Ingram - K. Kuzma - J. Hart,1610612747,2018-19
2544-200765-203493-1628398-1628404,L. James - R. Rondo - R. Bullock - K. Kuzma - J. Hart,1610612747,2018-19
2544-201580-203484-1627936-1628398,L. James - J. McGee - K. Caldwell-Pope - A. Caruso - K. Kuzma,1610612747,2018-19
2544-201580-202362-203484-1629004,L. James - J. McGee - L. Stephenson - K. Caldwell-Pope - S. Mykhailiuk,1610612747,2018-19
2544-201580-202362-1628366-1628398,L. James - J. McGee - L. Stephenson - L. Ball - K. Kuzma,1610612747,2018-19
2544-203493-1627742-1628398-1628404,L. James - R. Bullock - B. Ingram - K. Kuzma - J. Hart,1610612747,2018-19
2544-200765-201580-202362-1628404,L. James - R. Rondo - J. McGee - L. Stephenson - J. Hart,1610612747,2018-19
2544-200765-201580-203493-1628404,L. James - R. Rondo - J. McGee - R. Bullock - J. Hart,1610612747,2018-19
2544-200765-203484-1627742-1628404,L. James - R. Rondo - K. Caldwell-Pope - B. Ingram - J. Hart,1610612747,2018-19
2544-200765-203484-1627742-1628398,L. James - R. Rondo - K. Caldwell-Pope - B. Ingram - K. Kuzma,1610612747,2018-19
2199-2544-1627742-1628398-1628404,T. Chandler - L. James - B. Ingram - K. Kuzma - J. Hart,1610612747,2018-19
2199-2544-1627742-1628366-1628404,T. Chandler - L. James - B. Ingram - L. Ball - J. Hart,1610612747,2018-19
2199-2544-203484-1627742-1628398,T. Chandler - L. James - K. Caldwell-Pope - B. Ingram - K. Kuzma,1610612747,2018-19
2544-1627936-1628404-1629021-1629140,L. James - A. Caruso - J. Hart - M. Wagner - J. Williams,1610612747,2018-19
2544-200765-201580-202362-203484,L. James - R. Rondo - J. McGee - L. Stephenson - K. Caldwell-Pope,1610612747,2018-19
2199-2544-200765-203484-1628404,T. Chandler - L. James - R. Rondo - K. Caldwell-Pope - J. Hart,1610612747,2018-19
2544-201580-202362-203484-1628398,L. James - J. McGee - L. Stephenson - K. Caldwell-Pope - K. Kuzma,1610612747,2018-19
2544-202362-1627936-1629021-1629140,L. James - L. Stephenson - A. Caruso - M. Wagner - J. Williams,1610612747,2018-19
2544-200765-201580-203484-1629021,L. James - R. Rondo - J. McGee - K. Caldwell-Pope - M. Wagner,1610612747,2018-19
2199-2544-203484-1628398-1629004,T. Chandler - L. James - K. Caldwell-Pope - K. Kuzma - S. Mykhailiuk,1610612747,2018-19
2544-201580-203484-203493-1627936,L. James - J. McGee - K. Caldwell-Pope - R. Bullock - A. Caruso,1610612747,2018-19
2544-1628366-1628398-1628404-1629140,L. James - L. Ball - K. Kuzma - J. Hart - J. Williams,1610612747,2018-19
2199-2544-200765-203484-1628398,T. Chandler - L. James - R. Rondo - K. Caldwell-Pope - K. Kuzma,1610612747,2018-19
2544-1627826-1628366-1628398-1628404,L. James - I. Zubac - L. Ball - K. Kuzma - J. Hart,1610612747,2018-19
2544-201580-203484-1628398-1628404,L. James - J. McGee - K. Caldwell-Pope - K. Kuzma - J. Hart,1610612747,2018-19
2544-201580-202362-1627936-1629021,L. James - J. McGee - L. Stephenson - A. Caruso - M. Wagner,1610612747,2018-19
2544-203484-1627936-1628398-1628404,L. James - K. Caldwell-Pope - A. Caruso - K. Kuzma - J. Hart,1610612747,2018-19
2544-200765-203484-1628398-1629140,L. James - R. Rondo - K. Caldwell-Pope - K. Kuzma - J. Williams,1610612747,2018-19
2199-2544-203484-1628398-1628404,T. Chandler - L. James - K. Caldwell-Pope - K. Kuzma - J. Hart,1610612747,2018-19
2199-2544-203493-1627742-1628398,T. Chandler - L. James - R. Bullock - B. Ingram - K. Kuzma,1610612747,2018-19
2199-2544-200765-1627742-1628404,T. Chandler - L. James - R. Rondo - B. Ingram - J. Hart,1610612747,2018-19
2544-201580-203484-1627742-1628398,L. James - J. McGee - K. Caldwell-Pope - B. Ingram - K. Kuzma,1610612747,2018-19
2544-201580-202362-1627936-1628398,L. James - J. McGee - L. Stephenson - A. Caruso - K. Kuzma,1610612747,2018-19
2544-203484-1628366-1628398-1629140,L. James - K. Caldwell-Pope - L. Ball - K. Kuzma - J. Williams,1610612747,2018-19
2544-202362-203484-1629004-1629021,L. James - L. Stephenson - K. Caldwell-Pope - S. Mykhailiuk - M. Wagner,1610612747,2018-19
2544-200765-201580-1627742-1628404,L. James - R. Rondo - J. McGee - B. Ingram - J. Hart,1610612747,2018-19
2544-200765-203488-203493-1628398,L. James - R. Rondo - M. Muscala - R. Bullock - K. Kuzma,1610612747,2018-19
2199-2544-202362-203484-1628398,T. Chandler - L. James - L. Stephenson - K. Caldwell-Pope - K. Kuzma,1610612747,2018-19
2544-201580-203484-203488-1628404,L. James - J. McGee - K. Caldwell-Pope - M. Muscala - J. Hart,1610612747,2018-19
2544-201580-202362-1628398-1628404,L. James - J. McGee - L. Stephenson - K. Kuzma - J. Hart,1610612747,2018-19
2544-203484-1627936-1628404-1629021,L. James - K. Caldwell-Pope - A. Caruso - J. Hart - M. Wagner,1610612747,2018-19
2544-203484-1627742-1628398-1628404,L. James - K. Caldwell-Pope - B. Ingram - K. Kuzma - J. Hart,1610612747,2018-19
2544-203484-203493-1627742-1628398,L. James - K. Caldwell-Pope - R. Bullock - B. Ingram - K. Kuzma,1610612747,2018-19
2544-203493-1627936-1628404-1629021,L. James - R. Bullock - A. Caruso - J. Hart - M. Wagner,1610612747,2018-19
2544-200765-1627936-1629021-1629140,L. James - R. Rondo - A. Caruso - M. Wagner - J. Williams,1610612747,2018-19
2544-200765-203484-203493-1628404,L. James - R. Rondo - K. Caldwell-Pope - R. Bullock - J. Hart,1610612747,2018-19
2544-200765-202362-203484-1627742,L. James - R. Rondo - L. Stephenson - K. Caldwell-Pope - B. Ingram,1610612747,2018-19
2544-200765-202362-203484-1628404,L. James - R. Rondo - L. Stephenson - K. Caldwell-Pope - J. Hart,1610612747,2018-19
2544-200765-202362-203493-1628398,L. James - R. Rondo - L. Stephenson - R. Bullock - K. Kuzma,1610612747,2018-19
2199-2544-202362-203484-1627742,T. Chandler - L. James - L. Stephenson - K. Caldwell-Pope - B. Ingram,1610612747,2018-19
2544-201580-203484-1627742-1628404,L. James - J. McGee - K. Caldwell-Pope - B. Ingram - J. Hart,1610612747,2018-19
2544-201580-203484-1628404-1629004,L. James - J. McGee - K. Caldwell-Pope - J. Hart - S. Mykhailiuk,1610612747,2018-19
2544-201580-202362-203484-1628366,L. James - J. McGee - L. Stephenson - K. Caldwell-Pope - L. Ball,1610612747,2018-19
2544-203484-1627742-1628398-1629004,L. James - K. Caldwell-Pope - B. Ingram - K. Kuzma - S. Mykhailiuk,1610612747,2018-19
2544-203484-1627742-1628366-1628398,L. James - K. Caldwell-Pope - B. Ingram - L. Ball - K. Kuzma,1610612747,2018-19
2544-203493-1627936-1628404-1629140,L. James - R. Bullock - A. Caruso - J. Hart - J. Williams,1610612747,2018-19
2544-200765-201580-1627936-1628398,L. James - R. Rondo - J. McGee - A. Caruso - K. Kuzma,1610612747,2018-19
2544-200765-201580-1628398-1628404,L. James - R. Rondo - J. McGee - K. Kuzma - J. Hart,1610612747,2018-19
2544-200765-203484-203493-1628398,L. James - R. Rondo - K. Caldwell-Pope - R. Bullock - K. Kuzma,1610612747,2018-19
2544-200765-202362-203484-1629140,L. James - R. Rondo - L. Stephenson - K. Caldwell-Pope - J. Williams,1610612747,2018-19
2199-2544-201563-203484-1629004,T. Chandler - L. James - M. Beasley - K. Caldwell-Pope - S. Mykhailiuk,1610612747,2018-19
2544-203484-1627936-1628398-1629140,L. James - K. Caldwell-Pope - A. Caruso - K. Kuzma - J. Williams,1610612747,2018-19
2544-200765-201580-203484-1628404,L. James - R. Rondo - J. McGee - K. Caldwell-Pope - J. Hart,1610612747,2018-19
2544-200765-201580-202362-1627742,L. James - R. Rondo - J. McGee - L. Stephenson - B. Ingram,1610612747,2018-19
2544-200765-202362-1627742-1627826,L. James - R. Rondo - L. Stephenson - B. Ingram - I. Zubac,1610612747,2018-19
2544-200765-203493-1628404-1629021,L. James - R. Rondo - R. Bullock - J. Hart - M. Wagner,1610612747,2018-19
2199-2544-202362-203484-1628366,T. Chandler - L. James - L. Stephenson - K. Caldwell-Pope - L. Ball,1610612747,2018-19
2199-2544-200765-1628398-1628404,T. Chandler - L. James - R. Rondo - K. Kuzma - J. Hart,1610612747,2018-19
2199-2544-200765-202362-1627742,T. Chandler - L. James - R. Rondo - L. Stephenson - B. Ingram,1610612747,2018-19
2544-2747-101181-201567-203109,L. James - J. Smith - J. Calderon - K. Love - J. Crowder,1610612739,2017-18
2544-2747-201588-202684-1626224,L. James - J. Smith - G. Hill - T. Thompson - C. Osman,1610612739,2017-18
2544-2747-201567-202738-203109,L. James - J. Smith - K. Love - I. Thomas - J. Crowder,1610612739,2017-18
2544-2747-202684-202738-203109,L. James - J. Smith - T. Thompson - I. Thomas - J. Crowder,1610612739,2017-18
2544-2548-2594-101112-201145,L. James - D. Wade - K. Korver - C. Frye - J. Green,1610612739,2017-18
2544-2747-201567-202697-203109,L. James - J. Smith - K. Love - I. Shumpert - J. Crowder,1610612739,2017-18
2544-2747-201565-201567-203109,L. James - J. Smith - D. Rose - K. Love - J. Crowder,1610612739,2017-18
2544-2747-201588-203918-1626204,L. James - J. Smith - G. Hill - R. Hood - L. Nance Jr.,1610612739,2017-18
2544-2548-2747-201567-203109,L. James - D. Wade - J. Smith - K. Love - J. Crowder,1610612739,2017-18
2544-2747-201567-202684-202738,L. James - J. Smith - K. Love - T. Thompson - I. Thomas,1610612739,2017-18
2544-2548-2594-201145-201567,L. James - D. Wade - K. Korver - J. Green - K. Love,1610612739,2017-18
2544-2548-2594-2747-201567,L. James - D. Wade - K. Korver - J. Smith - K. Love,1610612739,2017-18
2544-2548-2594-201145-202684,L. James - D. Wade - K. Korver - J. Green - T. Thompson,1610612739,2017-18
2544-2594-2747-201145-201567,L. James - K. Korver - J. Smith - J. Green - K. Love,1610612739,2017-18
2544-2594-2747-201567-203109,L. James - K. Korver - J. Smith - K. Love - J. Crowder,1610612739,2017-18
2544-2747-201567-202684-203109,L. James - J. Smith - K. Love - T. Thompson - J. Crowder,1610612739,2017-18
2544-2594-201145-201567-201588,L. James - K. Korver - J. Green - K. Love - G. Hill,1610612739,2017-18
2544-2548-2747-201145-201567,L. James - D. Wade - J. Smith - J. Green - K. Love,1610612739,2017-18
2544-2747-201565-201567-202684,L. James - J. Smith - D. Rose - K. Love - T. Thompson,1610612739,2017-18
2544-2747-201588-202684-203918,L. James - J. Smith - G. Hill - T. Thompson - R. Hood,1610612739,2017-18
2544-2548-201565-201567-203109,L. James - D. Wade - D. Rose - K. Love - J. Crowder,1610612739,2017-18
2544-2594-203903-203918-1626204,L. James - K. Korver - J. Clarkson - R. Hood - L. Nance Jr.,1610612739,2017-18
2544-201588-203903-203918-1626204,L. James - G. Hill - J. Clarkson - R. Hood - L. Nance Jr.,1610612739,2017-18
2544-2594-101112-201145-1626224,L. James - K. Korver - C. Frye - J. Green - C. Osman,1610612739,2017-18
2544-101181-201145-201567-201588,L. James - J. Calderon - J. Green - K. Love - G. Hill,1610612739,2017-18
2544-2747-201145-201588-1626204,L. James - J. Smith - J. Green - G. Hill - L. Nance Jr.,1610612739,2017-18
2544-2548-2594-201145-203109,L. James - D. Wade - K. Korver - J. Green - J. Crowder,1610612739,2017-18
2544-2548-2594-2747-201145,L. James - D. Wade - K. Korver - J. Smith - J. Green,1610612739,2017-18
2544-2548-2594-201567-203109,L. James - D. Wade - K. Korver - K. Love - J. Crowder,1610612739,2017-18
2544-101181-201567-203918-1626204,L. James - J. Calderon - K. Love - R. Hood - L. Nance Jr.,1610612739,2017-18
2544-201145-201567-203918-1626224,L. James - J. Green - K. Love - R. Hood - C. Osman,1610612739,2017-18
2544-2594-2747-201145-201588,L. James - K. Korver - J. Smith - J. Green - G. Hill,1610612739,2017-18
2544-2594-2747-201145-202684,L. James - K. Korver - J. Smith - J. Green - T. Thompson,1610612739,2017-18
2544-201588-202684-203918-1626224,L. James - G. Hill - T. Thompson - R. Hood - C. Osman,1610612739,2017-18
2544-101181-201567-201588-1626204,L. James - J. Calderon - K. Love - G. Hill - L. Nance Jr.,1610612739,2017-18
2544-201145-201588-202684-203918,L. James - J. Green - G. Hill - T. Thompson - R. Hood,1610612739,2017-18
2544-2747-203903-203918-1626204,L. James - J. Smith - J. Clarkson - R. Hood - L. Nance Jr.,1610612739,2017-18
2544-101181-201145-201567-203918,L. James - J. Calderon - J. Green - K. Love - R. Hood,1610612739,2017-18
2544-2747-201145-201567-203109,L. James - J. Smith - J. Green - K. Love - J. Crowder,1610612739,2017-18
2544-2594-101112-201145-203109,L. James - K. Korver - C. Frye - J. Green - J. Crowder,1610612739,2017-18
2544-2747-201567-202684-202697,L. James - J. Smith - K. Love - T. Thompson - I. Shumpert,1610612739,2017-18
2544-2594-201145-202684-1626224,L. James - K. Korver - J. Green - T. Thompson - C. Osman,1610612739,2017-18
2544-101112-101181-201567-203109,L. James - C. Frye - J. Calderon - K. Love - J. Crowder,1610612739,2017-18
2544-2548-2747-201145-203109,L. James - D. Wade - J. Smith - J. Green - J. Crowder,1610612739,2017-18
2544-2548-2594-201145-201565,L. James - D. Wade - K. Korver - J. Green - D. Rose,1610612739,2017-18
2544-2548-2594-2747-101112,L. James - D. Wade - K. Korver - J. Smith - C. Frye,1610612739,2017-18
2544-101181-201145-201588-1627790,L. James - J. Calderon - J. Green - G. Hill - A. Zizic,1610612739,2017-18
2544-2594-201565-201567-203109,L. James - K. Korver - D. Rose - K. Love - J. Crowder,1610612739,2017-18
2544-2594-2747-203903-1626204,L. James - K. Korver - J. Smith - J. Clarkson - L. Nance Jr.,1610612739,2017-18
2544-2548-2747-201145-202684,L. James - D. Wade - J. Smith - J. Green - T. Thompson,1610612739,2017-18
2544-2548-2747-201567-202684,L. James - D. Wade - J. Smith - K. Love - T. Thompson,1610612739,2017-18
2544-2548-2594-201145-1626224,L. James - D. Wade - K. Korver - J. Green - C. Osman,1610612739,2017-18
2544-201145-203903-203918-1626204,L. James - J. Green - J. Clarkson - R. Hood - L. Nance Jr.,1610612739,2017-18
2544-2747-101181-203903-1626204,L. James - J. Smith - J. Calderon - J. Clarkson - L. Nance Jr.,1610612739,2017-18
2544-2747-101181-202684-1626224,L. James - J. Smith - J. Calderon - T. Thompson - C. Osman,1610612739,2017-18
2544-2747-202684-203903-203918,L. James - J. Smith - T. Thompson - J. Clarkson - R. Hood,1610612739,2017-18
2544-2594-201145-201588-203918,L. James - K. Korver - J. Green - G. Hill - R. Hood,1610612739,2017-18
2544-201567-201588-203918-1626204,L. James - K. Love - G. Hill - R. Hood - L. Nance Jr.,1610612739,2017-18
2544-2747-101181-201567-202684,L. James - J. Smith - J. Calderon - K. Love - T. Thompson,1610612739,2017-18
2544-2594-101181-201145-201567,L. James - K. Korver - J. Calderon - J. Green - K. Love,1610612739,2017-18
2544-2594-201145-203903-1626204,L. James - K. Korver - J. Green - J. Clarkson - L. Nance Jr.,1610612739,2017-18
2544-101181-201145-201588-203903,L. James - J. Calderon - J. Green - G. Hill - J. Clarkson,1610612739,2017-18
2544-2747-101181-201145-203903,L. James - J. Smith - J. Calderon - J. Green - J. Clarkson,1610612739,2017-18
2544-2747-101181-201145-203109,L. James - J. Smith - J. Calderon - J. Green - J. Crowder,1610612739,2017-18
2544-2747-201145-201588-202684,L. James - J. Smith - J. Green - G. Hill - T. Thompson,1610612739,2017-18
2544-2747-201145-203903-1626204,L. James - J. Smith - J. Green - J. Clarkson - L. Nance Jr.,1610612739,2017-18
2544-2747-201145-202684-203903,L. James - J. Smith - J. Green - T. Thompson - J. Clarkson,1610612739,2017-18
2544-2594-201588-203918-1626204,L. James - K. Korver - G. Hill - R. Hood - L. Nance Jr.,1610612739,2017-18
2544-2747-101181-201145-201567,L. James - J. Smith - J. Calderon - J. Green - K. Love,1610612739,2017-18
2544-2747-201145-202697-203109,L. James - J. Smith - J. Green - I. Shumpert - J. Crowder,1610612739,2017-18
2544-2594-201145-204066-1626224,L. James - K. Korver - J. Green - J. Holland - C. Osman,1610612739,2017-18
2544-2594-2747-101112-201145,L. James - K. Korver - J. Smith - C. Frye - J. Green,1610612739,2017-18
2544-2548-2594-101112-203109,L. James - D. Wade - K. Korver - C. Frye - J. Crowder,1610612739,2017-18
2544-2747-201588-203903-1626204,L. James - J. Smith - G. Hill - J. Clarkson - L. Nance Jr.,1610612739,2017-18
2544-2594-101181-201567-203109,L. James - K. Korver - J. Calderon - K. Love - J. Crowder,1610612739,2017-18
2544-2594-201145-201588-1626204,L. James - K. Korver - J. Green - G. Hill - L. Nance Jr.,1610612739,2017-18
2544-2594-201145-203903-203918,L. James - K. Korver - J. Green - J. Clarkson - R. Hood,1610612739,2017-18
2544-2548-2747-101112-201145,L. James - D. Wade - J. Smith - C. Frye - J. Green,1610612739,2017-18
2544-2548-2747-202684-203109,L. James - D. Wade - J. Smith - T. Thompson - J. Crowder,1610612739,2017-18
2544-2548-2594-201145-202697,L. James - D. Wade - K. Korver - J. Green - I. Shumpert,1610612739,2017-18
2544-2548-201567-202697-203109,L. James - D. Wade - K. Love - I. Shumpert - J. Crowder,1610612739,2017-18
2544-2747-101181-203903-1627790,L. James - J. Smith - J. Calderon - J. Clarkson - A. Zizic,1610612739,2017-18
2544-2747-201145-201565-203109,L. James - J. Smith - J. Green - D. Rose - J. Crowder,1610612739,2017-18
2544-2747-201145-201567-1626224,L. James - J. Smith - J. Green - K. Love - C. Osman,1610612739,2017-18
2544-2747-201145-201567-201588,L. James - J. Smith - J. Green - K. Love - G. Hill,1610612739,2017-18
2544-2747-201145-201567-202738,L. James - J. Smith - J. Green - K. Love - I. Thomas,1610612739,2017-18
2544-2747-201145-201567-203903,L. James - J. Smith - J. Green - K. Love - J. Clarkson,1610612739,2017-18
2544-2747-201145-202684-203109,L. James - J. Smith - J. Green - T. Thompson - J. Crowder,1610612739,2017-18
2544-2747-201567-203903-1626204,L. James - J. Smith - K. Love - J. Clarkson - L. Nance Jr.,1610612739,2017-18
2544-2594-201588-203903-1626204,L. James - K. Korver - G. Hill - J. Clarkson - L. Nance Jr.,1610612739,2017-18
2544-2594-201145-201588-203903,L. James - K. Korver - J. Green - G. Hill - J. Clarkson,1610612739,2017-18
2544-2594-201145-201567-1626224,L. James - K. Korver - J. Green - K. Love - C. Osman,1610612739,2017-18
2544-201567-201588-203903-203918,L. James - K. Love - G. Hill - J. Clarkson - R. Hood,1610612739,2017-18
2544-2548-2747-201567-202697,L. James - D. Wade - J. Smith - K. Love - I. Shumpert,1610612739,2017-18
2544-2548-2747-202684-202738,L. James - D. Wade - J. Smith - T. Thompson - I. Thomas,1610612739,2017-18
2544-2747-201145-201565-201567,L. James - J. Smith - J. Green - D. Rose - K. Love,1610612739,2017-18
2544-2747-201145-202684-202697,L. James - J. Smith - J. Green - T. Thompson - I. Shumpert,1610612739,2017-18
2544-2747-201567-203109-1626224,L. James - J. Smith - K. Love - J. Crowder - C. Osman,1610612739,2017-18
2544-2594-201145-201588-204066,L. James - K. Korver - J. Green - G. Hill - J. Holland,1610612739,2017-18
2544-2548-101181-201567-203109,L. James - D. Wade - J. Calderon - K. Love - J. Crowder,1610612739,2017-18
2544-2548-2747-101112-203109,L. James - D. Wade - J. Smith - C. Frye - J. Crowder,1610612739,2017-18
2544-2548-2747-202738-203109,L. James - D. Wade - J. Smith - I. Thomas - J. Crowder,1610612739,2017-18
2544-201588-202684-203903-203918,L. James - G. Hill - T. Thompson - J. Clarkson - R. Hood,1610612739,2017-18
2544-101181-201145-201588-203918,L. James - J. Calderon - J. Green - G. Hill - R. Hood,1610612739,2017-18
2544-101181-201567-202684-203918,L. James - J. Calderon - K. Love - T. Thompson - R. Hood,1610612739,2017-18
2544-201145-201588-1626204-1626224,L. James - J. Green - G. Hill - L. Nance Jr. - C. Osman,1610612739,2017-18
2544-2747-101112-202738-203109,L. James - J. Smith - C. Frye - I. Thomas - J. Crowder,1610612739,2017-18
2544-2747-101181-201567-203918,L. James - J. Smith - J. Calderon - K. Love - R. Hood,1610612739,2017-18
2544-2747-201145-201588-203918,L. James - J. Smith - J. Green - G. Hill - R. Hood,1610612739,2017-18
2544-2747-201145-203903-1626224,L. James - J. Smith - J. Green - J. Clarkson - C. Osman,1610612739,2017-18
2544-2747-201145-202684-1626224,L. James - J. Smith - J. Green - T. Thompson - C. Osman,1610612739,2017-18
2544-2594-101112-201145-202738,L. James - K. Korver - C. Frye - J. Green - I. Thomas,1610612739,2017-18
2544-2594-201145-201567-203903,L. James - K. Korver - J. Green - K. Love - J. Clarkson,1610612739,2017-18
2544-2594-201145-201567-203918,L. James - K. Korver - J. Green - K. Love - R. Hood,1610612739,2017-18
2544-2594-2747-201145-203903,L. James - K. Korver - J. Smith - J. Green - J. Clarkson,1610612739,2017-18
2544-2548-2594-202684-203109,L. James - D. Wade - K. Korver - T. Thompson - J. Crowder,1610612739,2017-18
2544-101181-201145-201588-1626204,L. James - J. Calderon - J. Green - G. Hill - L. Nance Jr.,1610612739,2017-18
2544-201145-201567-201588-203918,L. James - J. Green - K. Love - G. Hill - R. Hood,1610612739,2017-18
2544-201145-201567-203903-203918,L. James - J. Green - K. Love - J. Clarkson - R. Hood,1610612739,2017-18
2544-2747-101112-201565-203109,L. James - J. Smith - C. Frye - D. Rose - J. Crowder,1610612739,2017-18
2544-2747-201588-203903-1627790,L. James - J. Smith - G. Hill - J. Clarkson - A. Zizic,1610612739,2017-18
2544-2747-201588-203903-204066,L. James - J. Smith - G. Hill - J. Clarkson - J. Holland,1610612739,2017-18
2544-2747-201588-1626204-1626224,L. James - J. Smith - G. Hill - L. Nance Jr. - C. Osman,1610612739,2017-18
2544-2747-201588-202684-203903,L. James - J. Smith - G. Hill - T. Thompson - J. Clarkson,1610612739,2017-18
2544-2747-101181-203903-204066,L. James - J. Smith - J. Calderon - J. Clarkson - J. Holland,1610612739,2017-18
2544-2747-101181-203109-1627790,L. James - J. Smith - J. Calderon - J. Crowder - A. Zizic,1610612739,2017-18
2544-2747-101181-201567-1626204,L. James - J. Smith - J. Calderon - K. Love - L. Nance Jr.,1610612739,2017-18
2544-2747-101181-202684-203903,L. James - J. Smith - J. Calderon - T. Thompson - J. Clarkson,1610612739,2017-18
2544-2747-201145-202738-203109,L. James - J. Smith - J. Green - I. Thomas - J. Crowder,1610612739,2017-18
2544-2747-201145-202684-202738,L. James - J. Smith - J. Green - T. Thompson - I. Thomas,1610612739,2017-18
2544-2594-101112-101181-203109,L. James - K. Korver - C. Frye - J. Calderon - J. Crowder,1610612739,2017-18
2544-2594-101112-101181-201145,L. James - K. Korver - C. Frye - J. Calderon - J. Green,1610612739,2017-18
2544-2594-201588-203903-204066,L. James - K. Korver - G. Hill - J. Clarkson - J. Holland,1610612739,2017-18
2544-2594-201588-204066-1626204,L. James - K. Korver - G. Hill - J. Holland - L. Nance Jr.,1610612739,2017-18
2544-2594-201145-203918-1626204,L. James - K. Korver - J. Green - R. Hood - L. Nance Jr.,1610612739,2017-18
2544-2594-2747-201567-1626224,L. James - K. Korver - J. Smith - K. Love - C. Osman,1610612739,2017-18
2544-2548-201145-202684-1626224,L. James - D. Wade - J. Green - T. Thompson - C. Osman,1610612739,2017-18
2544-2548-2747-201565-203109,L. James - D. Wade - J. Smith - D. Rose - J. Crowder,1610612739,2017-18
2544-2548-2594-201567-202684,L. James - D. Wade - K. Korver - K. Love - T. Thompson,1610612739,2017-18
2544-2548-201567-202684-203109,L. James - D. Wade - K. Love - T. Thompson - J. Crowder,1610612739,2017-18
2544-201588-203918-1626204-1626224,L. James - G. Hill - R. Hood - L. Nance Jr. - C. Osman,1610612739,2017-18
2544-101181-201145-201567-203109,L. James - J. Calderon - J. Green - K. Love - J. Crowder,1610612739,2017-18
2544-101181-201567-202684-203109,L. James - J. Calderon - K. Love - T. Thompson - J. Crowder,1610612739,2017-18
2544-2747-101112-201565-201567,L. James - J. Smith - C. Frye - D. Rose - K. Love,1610612739,2017-18
2544-2747-101112-101181-203109,L. James - J. Smith - C. Frye - J. Calderon - J. Crowder,1610612739,2017-18
2544-2747-201565-202684-203109,L. James - J. Smith - D. Rose - T. Thompson - J. Crowder,1610612739,2017-18
2544-2747-201145-203903-1627790,L. James - J. Smith - J. Green - J. Clarkson - A. Zizic,1610612739,2017-18
2544-2747-201567-202684-203903,L. James - J. Smith - K. Love - T. Thompson - J. Clarkson,1610612739,2017-18
2544-2747-202684-202697-203109,L. James - J. Smith - T. Thompson - I. Shumpert - J. Crowder,1610612739,2017-18
2544-2594-201588-202684-203918,L. James - K. Korver - G. Hill - T. Thompson - R. Hood,1610612739,2017-18
2544-2594-203903-1626224-1627790,L. James - K. Korver - J. Clarkson - C. Osman - A. Zizic,1610612739,2017-18
2544-2594-201145-201565-1626224,L. James - K. Korver - J. Green - D. Rose - C. Osman,1610612739,2017-18
2544-2594-201145-201567-202697,L. James - K. Korver - J. Green - K. Love - I. Shumpert,1610612739,2017-18
2544-2594-2747-201565-201567,L. James - K. Korver - J. Smith - D. Rose - K. Love,1610612739,2017-18
2544-2594-2747-201588-1626204,L. James - K. Korver - J. Smith - G. Hill - L. Nance Jr.,1610612739,2017-18
2544-2594-2747-201588-203918,L. James - K. Korver - J. Smith - G. Hill - R. Hood,1610612739,2017-18
2544-2594-2747-201588-202684,L. James - K. Korver - J. Smith - G. Hill - T. Thompson,1610612739,2017-18
2544-2594-2747-201145-1626224,L. James - K. Korver - J. Smith - J. Green - C. Osman,1610612739,2017-18
2544-2594-2747-201145-202697,L. James - K. Korver - J. Smith - J. Green - I. Shumpert,1610612739,2017-18
2544-201567-202684-202697-203109,L. James - K. Love - T. Thompson - I. Shumpert - J. Crowder,1610612739,2017-18
2544-2548-201145-202684-202738,L. James - D. Wade - J. Green - T. Thompson - I. Thomas,1610612739,2017-18
2544-2548-2747-101181-203109,L. James - D. Wade - J. Smith - J. Calderon - J. Crowder,1610612739,2017-18
2544-2548-2594-101112-1626224,L. James - D. Wade - K. Korver - C. Frye - C. Osman,1610612739,2017-18
2544-101181-201145-203109-1626224,L. James - J. Calderon - J. Green - J. Crowder - C. Osman,1610612739,2017-18
2544-101181-201145-202684-203903,L. James - J. Calderon - J. Green - T. Thompson - J. Clarkson,1610612739,2017-18
2544-2747-201588-204066-1627790,L. James - J. Smith - G. Hill - J. Holland - A. Zizic,1610612739,2017-18
2544-2747-201145-203903-203918,L. James - J. Smith - J. Green - J. Clarkson - R. Hood,1610612739,2017-18
2544-2747-201145-201567-202684,L. James - J. Smith - J. Green - K. Love - T. Thompson,1610612739,2017-18
2544-2594-201145-202684-202697,L. James - K. Korver - J. Green - T. Thompson - I. Shumpert,1610612739,2017-18
2544-2594-2747-101181-203109,L. James - K. Korver - J. Smith - J. Calderon - J. Crowder,1610612739,2017-18
2544-2594-2747-203903-1627790,L. James - K. Korver - J. Smith - J. Clarkson - A. Zizic,1610612739,2017-18
2544-2594-2747-201567-202684,L. James - K. Korver - J. Smith - K. Love - T. Thompson,1610612739,2017-18
2544-2747-201567-202681-202684,L. James - J. Smith - K. Love - K. Irving - T. Thompson,1610612739,2016-17
2544-201567-202681-202684-202697,L. James - K. Love - K. Irving - T. Thompson - I. Shumpert,1610612739,2016-17
2544-201567-202681-202684-202732,L. James - K. Love - K. Irving - T. Thompson - D. Liggins,1610612739,2016-17
2210-2544-202681-202684-202697,R. Jefferson - L. James - K. Irving - T. Thompson - I. Shumpert,1610612739,2016-17
2544-101112-202681-202684-202697,L. James - C. Frye - K. Irving - T. Thompson - I. Shumpert,1610612739,2016-17
2544-2747-101112-201567-202681,L. James - J. Smith - C. Frye - K. Love - K. Irving,1610612739,2016-17
2210-2544-101112-202681-202697,R. Jefferson - L. James - C. Frye - K. Irving - I. Shumpert,1610612739,2016-17
2210-2544-2747-202681-202684,R. Jefferson - L. James - J. Smith - K. Irving - T. Thompson,1610612739,2016-17
2544-2594-201567-202681-202684,L. James - K. Korver - K. Love - K. Irving - T. Thompson,1610612739,2016-17
2544-2747-201567-202681-202697,L. James - J. Smith - K. Love - K. Irving - I. Shumpert,1610612739,2016-17
2544-2747-202681-202684-202697,L. James - J. Smith - K. Irving - T. Thompson - I. Shumpert,1610612739,2016-17
2210-2544-2594-101112-1627770,R. Jefferson - L. James - K. Korver - C. Frye - K. Felder,1610612739,2016-17
2210-2544-2594-101112-202682,R. Jefferson - L. James - K. Korver - C. Frye - D. Williams,1610612739,2016-17
2544-201567-202684-202732-203895,L. James - K. Love - T. Thompson - D. Liggins - J. McRae,1610612739,2016-17
2544-101112-201567-202681-202697,L. James - C. Frye - K. Love - K. Irving - I. Shumpert,1610612739,2016-17
2210-2544-2594-101112-202732,R. Jefferson - L. James - K. Korver - C. Frye - D. Liggins,1610612739,2016-17
2210-2544-201567-202681-202684,R. Jefferson - L. James - K. Love - K. Irving - T. Thompson,1610612739,2016-17
2210-2544-2594-101114-202697,R. Jefferson - L. James - K. Korver - D. Williams - I. Shumpert,1610612739,2016-17
2544-2594-202681-202684-202697,L. James - K. Korver - K. Irving - T. Thompson - I. Shumpert,1610612739,2016-17
2210-2544-101112-202697-203895,R. Jefferson - L. James - C. Frye - I. Shumpert - J. McRae,1610612739,2016-17
2544-2747-101112-202681-202684,L. James - J. Smith - C. Frye - K. Irving - T. Thompson,1610612739,2016-17
2544-2594-2747-201567-202681,L. James - K. Korver - J. Smith - K. Love - K. Irving,1610612739,2016-17
2210-2544-2747-101112-101114,R. Jefferson - L. James - J. Smith - C. Frye - D. Williams,1610612739,2016-17
2210-2399-2544-101112-202697,R. Jefferson - M. Dunleavy - L. James - C. Frye - I. Shumpert,1610612739,2016-17
2544-2592-202681-202684-202697,L. James - J. Jones - K. Irving - T. Thompson - I. Shumpert,1610612739,2016-17
2544-201567-202681-202684-203895,L. James - K. Love - K. Irving - T. Thompson - J. McRae,1610612739,2016-17
2210-2544-101112-202697-1627770,R. Jefferson - L. James - C. Frye - I. Shumpert - K. Felder,1610612739,2016-17
2399-2544-101112-202697-203895,M. Dunleavy - L. James - C. Frye - I. Shumpert - J. McRae,1610612739,2016-17
2210-2544-202681-202684-202732,R. Jefferson - L. James - K. Irving - T. Thompson - D. Liggins,1610612739,2016-17
2544-2594-202681-202682-202684,L. James - K. Korver - K. Irving - D. Williams - T. Thompson,1610612739,2016-17
2544-2747-201567-202684-202732,L. James - J. Smith - K. Love - T. Thompson - D. Liggins,1610612739,2016-17
2210-2544-101112-101114-202697,R. Jefferson - L. James - C. Frye - D. Williams - I. Shumpert,1610612739,2016-17
2210-2544-2594-101112-101114,R. Jefferson - L. James - K. Korver - C. Frye - D. Williams,1610612739,2016-17
2210-2544-2594-101114-202682,R. Jefferson - L. James - K. Korver - D. Williams - D. Williams,1610612739,2016-17
2544-201567-202684-202697-202732,L. James - K. Love - T. Thompson - I. Shumpert - D. Liggins,1610612739,2016-17
2544-2747-101112-101114-202682,L. James - J. Smith - C. Frye - D. Williams - D. Williams,1610612739,2016-17
2544-2747-201567-202684-202697,L. James - J. Smith - K. Love - T. Thompson - I. Shumpert,1610612739,2016-17
2210-2544-202684-202697-1627770,R. Jefferson - L. James - T. Thompson - I. Shumpert - K. Felder,1610612739,2016-17
2544-101112-202684-202732-203895,L. James - C. Frye - T. Thompson - D. Liggins - J. McRae,1610612739,2016-17
2544-2594-101112-202681-202697,L. James - K. Korver - C. Frye - K. Irving - I. Shumpert,1610612739,2016-17
2399-2544-201567-202681-202684,M. Dunleavy - L. James - K. Love - K. Irving - T. Thompson,1610612739,2016-17
2210-2544-101112-201567-202697,R. Jefferson - L. James - C. Frye - K. Love - I. Shumpert,1610612739,2016-17
2210-2544-2747-201567-202681,R. Jefferson - L. James - J. Smith - K. Love - K. Irving,1610612739,2016-17
2210-2544-201567-202681-202697,R. Jefferson - L. James - K. Love - K. Irving - I. Shumpert,1610612739,2016-17
2210-2544-101112-202697-202732,R. Jefferson - L. James - C. Frye - I. Shumpert - D. Liggins,1610612739,2016-17
2544-2594-201567-202684-202697,L. James - K. Korver - K. Love - T. Thompson - I. Shumpert,1610612739,2016-17
2210-2544-2594-202681-202684,R. Jefferson - L. James - K. Korver - K. Irving - T. Thompson,1610612739,2016-17
2210-2544-2594-201567-202681,R. Jefferson - L. James - K. Korver - K. Love - K. Irving,1610612739,2016-17
2544-2594-101112-101114-202697,L. James - K. Korver - C. Frye - D. Williams - I. Shumpert,1610612739,2016-17
2210-2399-2544-101112-202681,R. Jefferson - M. Dunleavy - L. James - C. Frye - K. Irving,1610612739,2016-17
2544-2592-2594-101112-1627770,L. James - J. Jones - K. Korver - C. Frye - K. Felder,1610612739,2016-17
2210-2399-2544-201567-202697,R. Jefferson - M. Dunleavy - L. James - K. Love - I. Shumpert,1610612739,2016-17
2544-2747-101114-202681-202684,L. James - J. Smith - D. Williams - K. Irving - T. Thompson,1610612739,2016-17
2544-2594-101112-202682-202697,L. James - K. Korver - C. Frye - D. Williams - I. Shumpert,1610612739,2016-17
2399-2544-2747-201567-202681,M. Dunleavy - L. James - J. Smith - K. Love - K. Irving,1610612739,2016-17
2210-2544-2747-202681-202697,R. Jefferson - L. James - J. Smith - K. Irving - I. Shumpert,1610612739,2016-17
2210-2544-2594-101112-202697,R. Jefferson - L. James - K. Korver - C. Frye - I. Shumpert,1610612739,2016-17
2210-2544-2594-101112-202681,R. Jefferson - L. James - K. Korver - C. Frye - K. Irving,1610612739,2016-17
2210-2544-2594-202684-1627770,R. Jefferson - L. James - K. Korver - T. Thompson - K. Felder,1610612739,2016-17
2210-2399-2544-202684-202697,R. Jefferson - M. Dunleavy - L. James - T. Thompson - I. Shumpert,1610612739,2016-17
2544-2594-101112-202681-202684,L. James - K. Korver - C. Frye - K. Irving - T. Thompson,1610612739,2016-17
2399-2544-101112-202697-202732,M. Dunleavy - L. James - C. Frye - I. Shumpert - D. Liggins,1610612739,2016-17
2210-2544-101112-101114-202682,R. Jefferson - L. James - C. Frye - D. Williams - D. Williams,1610612739,2016-17
2210-2544-2747-101112-202681,R. Jefferson - L. James - J. Smith - C. Frye - K. Irving,1610612739,2016-17
2210-2544-2747-101114-201567,R. Jefferson - L. James - J. Smith - D. Williams - K. Love,1610612739,2016-17
2210-2544-202681-202697-202732,R. Jefferson - L. James - K. Irving - I. Shumpert - D. Liggins,1610612739,2016-17
2544-101112-101114-202697-202732,L. James - C. Frye - D. Williams - I. Shumpert - D. Liggins,1610612739,2016-17
2544-101112-202681-202684-202732,L. James - C. Frye - K. Irving - T. Thompson - D. Liggins,1610612739,2016-17
2544-101112-202684-202697-1627770,L. James - C. Frye - T. Thompson - I. Shumpert - K. Felder,1610612739,2016-17
2399-2544-101112-202681-202697,M. Dunleavy - L. James - C. Frye - K. Irving - I. Shumpert,1610612739,2016-17
2399-2544-201567-202684-202732,M. Dunleavy - L. James - K. Love - T. Thompson - D. Liggins,1610612739,2016-17
2210-2544-101114-202681-202684,R. Jefferson - L. James - D. Williams - K. Irving - T. Thompson,1610612739,2016-17
2210-2544-2747-101112-202697,R. Jefferson - L. James - J. Smith - C. Frye - I. Shumpert,1610612739,2016-17
2210-2399-2544-202681-202697,R. Jefferson - M. Dunleavy - L. James - K. Irving - I. Shumpert,1610612739,2016-17
2544-2594-101112-201567-202697,L. James - K. Korver - C. Frye - K. Love - I. Shumpert,1610612739,2016-17
2544-2594-201567-202681-202697,L. James - K. Korver - K. Love - K. Irving - I. Shumpert,1610612739,2016-17
2399-2544-2747-201567-202697,M. Dunleavy - L. James - J. Smith - K. Love - I. Shumpert,1610612739,2016-17
2210-2544-2592-2594-1627770,R. Jefferson - L. James - J. Jones - K. Korver - K. Felder,1610612739,2016-17
2210-2544-2594-101112-203895,R. Jefferson - L. James - K. Korver - C. Frye - J. McRae,1610612739,2016-17
2210-2544-202684-202697-203895,R. Jefferson - L. James - T. Thompson - I. Shumpert - J. McRae,1610612739,2016-17
2544-101114-202681-202682-202684,L. James - D. Williams - K. Irving - D. Williams - T. Thompson,1610612739,2016-17
2544-2592-2747-202681-202684,L. James - J. Jones - J. Smith - K. Irving - T. Thompson,1610612739,2016-17
2544-202681-202682-202684-202697,L. James - K. Irving - D. Williams - T. Thompson - I. Shumpert,1610612739,2016-17
2544-2594-101112-202682-203895,L. James - K. Korver - C. Frye - D. Williams - J. McRae,1610612739,2016-17
2544-2594-101112-202681-202682,L. James - K. Korver - C. Frye - K. Irving - D. Williams,1610612739,2016-17
2544-2594-101114-201567-202697,L. James - K. Korver - D. Williams - K. Love - I. Shumpert,1610612739,2016-17
2399-2544-101112-202697-1627770,M. Dunleavy - L. James - C. Frye - I. Shumpert - K. Felder,1610612739,2016-17
2399-2544-201567-202681-202697,M. Dunleavy - L. James - K. Love - K. Irving - I. Shumpert,1610612739,2016-17
2210-2544-101112-202681-202732,R. Jefferson - L. James - C. Frye - K. Irving - D. Liggins,1610612739,2016-17
2210-2544-201567-202684-202732,R. Jefferson - L. James - K. Love - T. Thompson - D. Liggins,1610612739,2016-17
2544-101112-101114-201567-202697,L. James - C. Frye - D. Williams - K. Love - I. Shumpert,1610612739,2016-17
2544-101112-202681-202697-202732,L. James - C. Frye - K. Irving - I. Shumpert - D. Liggins,1610612739,2016-17
2544-2747-101112-101114-202697,L. James - J. Smith - C. Frye - D. Williams - I. Shumpert,1610612739,2016-17
2544-2747-101112-201567-202697,L. James - J. Smith - C. Frye - K. Love - I. Shumpert,1610612739,2016-17
2544-2594-101112-202732-203895,L. James - K. Korver - C. Frye - D. Liggins - J. McRae,1610612739,2016-17
2544-2594-101112-202681-203895,L. James - K. Korver - C. Frye - K. Irving - J. McRae,1610612739,2016-17
2544-2594-101114-202682-202697,L. James - K. Korver - D. Williams - D. Williams - I. Shumpert,1610612739,2016-17
2544-2594-101114-202681-202682,L. James - K. Korver - D. Williams - K. Irving - D. Williams,1610612739,2016-17
2544-2594-101114-202681-202684,L. James - K. Korver - D. Williams - K. Irving - T. Thompson,1610612739,2016-17
2544-2594-202682-202684-202697,L. James - K. Korver - D. Williams - T. Thompson - I. Shumpert,1610612739,2016-17
2210-2544-101112-203895-1627770,R. Jefferson - L. James - C. Frye - J. McRae - K. Felder,1610612739,2016-17
2210-2544-101112-201567-202681,R. Jefferson - L. James - C. Frye - K. Love - K. Irving,1610612739,2016-17
2210-2544-2592-101112-202697,R. Jefferson - L. James - J. Jones - C. Frye - I. Shumpert,1610612739,2016-17
2210-2544-2594-2747-101114,R. Jefferson - L. James - K. Korver - J. Smith - D. Williams,1610612739,2016-17
2210-2544-2594-202684-202732,R. Jefferson - L. James - K. Korver - T. Thompson - D. Liggins,1610612739,2016-17
2210-2399-2544-101112-202732,R. Jefferson - M. Dunleavy - L. James - C. Frye - D. Liggins,1610612739,2016-17
2544-101112-101114-202681-202697,L. James - C. Frye - D. Williams - K. Irving - I. Shumpert,1610612739,2016-17
2544-101112-202697-203895-1627770,L. James - C. Frye - I. Shumpert - J. McRae - K. Felder,1610612739,2016-17
2544-101112-202681-202682-202684,L. James - C. Frye - K. Irving - D. Williams - T. Thompson,1610612739,2016-17
2544-2592-2747-201567-202681,L. James - J. Jones - J. Smith - K. Love - K. Irving,1610612739,2016-17
2544-2747-101114-201567-202697,L. James - J. Smith - D. Williams - K. Love - I. Shumpert,1610612739,2016-17
2544-2594-101112-202682-1627770,L. James - K. Korver - C. Frye - D. Williams - K. Felder,1610612739,2016-17
2544-2594-101112-202684-203895,L. James - K. Korver - C. Frye - T. Thompson - J. McRae,1610612739,2016-17
2544-2594-202681-202697-203895,L. James - K. Korver - K. Irving - I. Shumpert - J. McRae,1610612739,2016-17
2210-2544-101114-201567-202682,R. Jefferson - L. James - D. Williams - K. Love - D. Williams,1610612739,2016-17
2210-2544-2747-101112-203895,R. Jefferson - L. James - J. Smith - C. Frye - J. McRae,1610612739,2016-17
2210-2544-2747-201567-202697,R. Jefferson - L. James - J. Smith - K. Love - I. Shumpert,1610612739,2016-17
2210-2544-2747-202684-202697,R. Jefferson - L. James - J. Smith - T. Thompson - I. Shumpert,1610612739,2016-17
2210-2544-202681-202697-203895,R. Jefferson - L. James - K. Irving - I. Shumpert - J. McRae,1610612739,2016-17
2210-2544-2594-202681-202682,R. Jefferson - L. James - K. Korver - K. Irving - D. Williams,1610612739,2016-17
2210-2544-201567-202684-202697,R. Jefferson - L. James - K. Love - T. Thompson - I. Shumpert,1610612739,2016-17
2210-2544-202684-202732-203895,R. Jefferson - L. James - T. Thompson - D. Liggins - J. McRae,1610612739,2016-17
2210-2544-202684-202697-202732,R. Jefferson - L. James - T. Thompson - I. Shumpert - D. Liggins,1610612739,2016-17
2210-2399-2544-201567-202681,R. Jefferson - M. Dunleavy - L. James - K. Love - K. Irving,1610612739,2016-17
2544-2747-201567-202681-202684,L. James - J. Smith - K. Love - K. Irving - T. Thompson,1610612739,2015-16
2544-2747-201567-202389-202681,L. James - J. Smith - K. Love - T. Mozgov - K. Irving,1610612739,2015-16
2544-2747-201567-202684-203521,L. James - J. Smith - K. Love - T. Thompson - M. Dellavedova,1610612739,2015-16
2544-2747-201567-202389-203521,L. James - J. Smith - K. Love - T. Mozgov - M. Dellavedova,1610612739,2015-16
2544-2590-2747-201567-202389,L. James - M. Williams - J. Smith - K. Love - T. Mozgov,1610612739,2015-16
2544-201567-202684-202697-203521,L. James - K. Love - T. Thompson - I. Shumpert - M. Dellavedova,1610612739,2015-16
2544-2747-202684-202697-203521,L. James - J. Smith - T. Thompson - I. Shumpert - M. Dellavedova,1610612739,2015-16
2210-2544-201567-202684-203521,R. Jefferson - L. James - K. Love - T. Thompson - M. Dellavedova,1610612739,2015-16
2544-201567-202681-202684-202697,L. James - K. Love - K. Irving - T. Thompson - I. Shumpert,1610612739,2015-16
2544-2747-201567-202681-202697,L. James - J. Smith - K. Love - K. Irving - I. Shumpert,1610612739,2015-16
2544-2590-201567-202684-203521,L. James - M. Williams - K. Love - T. Thompson - M. Dellavedova,1610612739,2015-16
2544-2747-201567-202681-203521,L. James - J. Smith - K. Love - K. Irving - M. Dellavedova,1610612739,2015-16
2544-2590-2747-201567-202684,L. James - M. Williams - J. Smith - K. Love - T. Thompson,1610612739,2015-16
2210-2544-2590-201567-202389,R. Jefferson - L. James - M. Williams - K. Love - T. Mozgov,1610612739,2015-16
2544-2747-202681-202684-202697,L. James - J. Smith - K. Irving - T. Thompson - I. Shumpert,1610612739,2015-16
2544-101112-202684-202697-203521,L. James - C. Frye - T. Thompson - I. Shumpert - M. Dellavedova,1610612739,2015-16
2544-2747-201567-202697-203521,L. James - J. Smith - K. Love - I. Shumpert - M. Dellavedova,1610612739,2015-16
2544-201567-202389-202681-202697,L. James - K. Love - T. Mozgov - K. Irving - I. Shumpert,1610612739,2015-16
2210-2544-202684-202697-203521,R. Jefferson - L. James - T. Thompson - I. Shumpert - M. Dellavedova,1610612739,2015-16
2544-2747-202389-202681-202684,L. James - J. Smith - T. Mozgov - K. Irving - T. Thompson,1610612739,2015-16
2544-2590-201567-202389-203521,L. James - M. Williams - K. Love - T. Mozgov - M. Dellavedova,1610612739,2015-16
2544-2747-201567-202684-203099,L. James - J. Smith - K. Love - T. Thompson - J. Cunningham,1610612739,2015-16
2210-2544-2592-202684-203521,R. Jefferson - L. James - J. Jones - T. Thompson - M. Dellavedova,1610612739,2015-16
2210-2544-2747-202684-203521,R. Jefferson - L. James - J. Smith - T. Thompson - M. Dellavedova,1610612739,2015-16
2544-2747-101112-202681-202684,L. James - J. Smith - C. Frye - K. Irving - T. Thompson,1610612739,2015-16
2544-2747-202389-202684-203521,L. James - J. Smith - T. Mozgov - T. Thompson - M. Dellavedova,1610612739,2015-16
2544-2747-202389-202681-202697,L. James - J. Smith - T. Mozgov - K. Irving - I. Shumpert,1610612739,2015-16
2210-2544-2590-201567-202684,R. Jefferson - L. James - M. Williams - K. Love - T. Thompson,1610612739,2015-16
2544-2747-101112-202389-202681,L. James - J. Smith - C. Frye - T. Mozgov - K. Irving,1610612739,2015-16
2544-201567-202389-202697-203521,L. James - K. Love - T. Mozgov - I. Shumpert - M. Dellavedova,1610612739,2015-16
2544-2747-2760-202681-202684,L. James - J. Smith - A. Varejao - K. Irving - T. Thompson,1610612739,2015-16
2544-2592-202684-202697-203521,L. James - J. Jones - T. Thompson - I. Shumpert - M. Dellavedova,1610612739,2015-16
2544-2747-202681-202684-203521,L. James - J. Smith - K. Irving - T. Thompson - M. Dellavedova,1610612739,2015-16
2544-2592-2747-202684-203521,L. James - J. Jones - J. Smith - T. Thompson - M. Dellavedova,1610612739,2015-16
2544-2747-2760-201567-203521,L. James - J. Smith - A. Varejao - K. Love - M. Dellavedova,1610612739,2015-16
2544-2590-201567-202389-203099,L. James - M. Williams - K. Love - T. Mozgov - J. Cunningham,1610612739,2015-16
2210-2544-2760-202684-203521,R. Jefferson - L. James - A. Varejao - T. Thompson - M. Dellavedova,1610612739,2015-16
2544-2747-201567-202684-202697,L. James - J. Smith - K. Love - T. Thompson - I. Shumpert,1610612739,2015-16
2544-202681-202684-202697-203521,L. James - K. Irving - T. Thompson - I. Shumpert - M. Dellavedova,1610612739,2015-16
2544-201567-202389-203099-203521,L. James - K. Love - T. Mozgov - J. Cunningham - M. Dellavedova,1610612739,2015-16
2210-2544-2590-2747-201567,R. Jefferson - L. James - M. Williams - J. Smith - K. Love,1610612739,2015-16
2210-2544-201567-202389-203521,R. Jefferson - L. James - K. Love - T. Mozgov - M. Dellavedova,1610612739,2015-16
2544-2747-2760-202684-203521,L. James - J. Smith - A. Varejao - T. Thompson - M. Dellavedova,1610612739,2015-16
2544-201567-202681-202684-203521,L. James - K. Love - K. Irving - T. Thompson - M. Dellavedova,1610612739,2015-16
2544-2590-101112-202684-202697,L. James - M. Williams - C. Frye - T. Thompson - I. Shumpert,1610612739,2015-16
2210-2544-202681-202684-202697,R. Jefferson - L. James - K. Irving - T. Thompson - I. Shumpert,1610612739,2015-16
2544-2747-101112-202684-203521,L. James - J. Smith - C. Frye - T. Thompson - M. Dellavedova,1610612739,2015-16
2544-2747-201567-203099-203521,L. James - J. Smith - K. Love - J. Cunningham - M. Dellavedova,1610612739,2015-16
2544-2747-202389-202697-203521,L. James - J. Smith - T. Mozgov - I. Shumpert - M. Dellavedova,1610612739,2015-16
2210-2544-2747-201567-203521,R. Jefferson - L. James - J. Smith - K. Love - M. Dellavedova,1610612739,2015-16
2544-2592-2747-202389-203521,L. James - J. Jones - J. Smith - T. Mozgov - M. Dellavedova,1610612739,2015-16
2544-2592-2747-202684-203099,L. James - J. Jones - J. Smith - T. Thompson - J. Cunningham,1610612739,2015-16
2544-2747-101112-202389-203521,L. James - J. Smith - C. Frye - T. Mozgov - M. Dellavedova,1610612739,2015-16
2544-201567-202681-202697-203521,L. James - K. Love - K. Irving - I. Shumpert - M. Dellavedova,1610612739,2015-16
2544-2590-2747-2760-202684,L. James - M. Williams - J. Smith - A. Varejao - T. Thompson,1610612739,2015-16
2210-2544-2747-202681-202684,R. Jefferson - L. James - J. Smith - K. Irving - T. Thompson,1610612739,2015-16
2210-2544-2590-2760-201567,R. Jefferson - L. James - M. Williams - A. Varejao - K. Love,1610612739,2015-16
2544-101112-202681-202684-203521,L. James - C. Frye - K. Irving - T. Thompson - M. Dellavedova,1610612739,2015-16
2544-2592-202684-203099-203521,L. James - J. Jones - T. Thompson - J. Cunningham - M. Dellavedova,1610612739,2015-16
2544-2747-101112-201567-203521,L. James - J. Smith - C. Frye - K. Love - M. Dellavedova,1610612739,2015-16
2544-201567-202389-202681-203521,L. James - K. Love - T. Mozgov - K. Irving - M. Dellavedova,1610612739,2015-16
2544-2590-2760-202684-202697,L. James - M. Williams - A. Varejao - T. Thompson - I. Shumpert,1610612739,2015-16
2544-2590-2592-2747-202684,L. James - M. Williams - J. Jones - J. Smith - T. Thompson,1610612739,2015-16
2544-2590-202684-203099-203521,L. James - M. Williams - T. Thompson - J. Cunningham - M. Dellavedova,1610612739,2015-16
2544-202389-202684-203099-203521,L. James - T. Mozgov - T. Thompson - J. Cunningham - M. Dellavedova,1610612739,2015-16
2210-2544-2747-201567-202684,R. Jefferson - L. James - J. Smith - K. Love - T. Thompson,1610612739,2015-16
2544-2747-2760-202681-202697,L. James - J. Smith - A. Varejao - K. Irving - I. Shumpert,1610612739,2015-16
2544-2590-202389-202684-202697,L. James - M. Williams - T. Mozgov - T. Thompson - I. Shumpert,1610612739,2015-16
2544-202389-202684-202697-203521,L. James - T. Mozgov - T. Thompson - I. Shumpert - M. Dellavedova,1610612739,2015-16
2210-2544-2592-2760-203099,R. Jefferson - L. James - J. Jones - A. Varejao - J. Cunningham,1610612739,2015-16
2210-2544-2590-2592-202684,R. Jefferson - L. James - M. Williams - J. Jones - T. Thompson,1610612739,2015-16
2210-2544-2590-202684-203521,R. Jefferson - L. James - M. Williams - T. Thompson - M. Dellavedova,1610612739,2015-16
2544-2592-202389-202697-203521,L. James - J. Jones - T. Mozgov - I. Shumpert - M. Dellavedova,1610612739,2015-16
2544-2747-201567-202389-202697,L. James - J. Smith - K. Love - T. Mozgov - I. Shumpert,1610612739,2015-16
2544-2590-2592-2747-201567,L. James - M. Williams - J. Jones - J. Smith - K. Love,1610612739,2015-16
2544-2590-2747-202389-202697,L. James - M. Williams - J. Smith - T. Mozgov - I. Shumpert,1610612739,2015-16
2544-2590-2747-202389-202684,L. James - M. Williams - J. Smith - T. Mozgov - T. Thompson,1610612739,2015-16
2544-2590-201567-202684-202697,L. James - M. Williams - K. Love - T. Thompson - I. Shumpert,1610612739,2015-16
2544-202389-202681-202684-202697,L. James - T. Mozgov - K. Irving - T. Thompson - I. Shumpert,1610612739,2015-16
2210-2544-2760-201567-203521,R. Jefferson - L. James - A. Varejao - K. Love - M. Dellavedova,1610612739,2015-16
2210-2544-2760-202684-203099,R. Jefferson - L. James - A. Varejao - T. Thompson - J. Cunningham,1610612739,2015-16
2210-2544-101112-201567-202681,R. Jefferson - L. James - C. Frye - K. Love - K. Irving,1610612739,2015-16
2210-2544-101112-203521-203895,R. Jefferson - L. James - C. Frye - M. Dellavedova - J. McRae,1610612739,2015-16
2210-2544-201567-202684-203099,R. Jefferson - L. James - K. Love - T. Thompson - J. Cunningham,1610612739,2015-16
2210-2544-2590-2747-202684,R. Jefferson - L. James - M. Williams - J. Smith - T. Thompson,1610612739,2015-16
2544-101112-201567-202697-203521,L. James - C. Frye - K. Love - I. Shumpert - M. Dellavedova,1610612739,2015-16
2544-101112-202389-202697-203521,L. James - C. Frye - T. Mozgov - I. Shumpert - M. Dellavedova,1610612739,2015-16
2544-2747-101112-202697-203521,L. James - J. Smith - C. Frye - I. Shumpert - M. Dellavedova,1610612739,2015-16
2544-2590-2747-2760-201567,L. James - M. Williams - J. Smith - A. Varejao - K. Love,1610612739,2015-16
2544-2590-201567-202389-202697,L. James - M. Williams - K. Love - T. Mozgov - I. Shumpert,1610612739,2015-16
2544-202389-202681-202697-203521,L. James - T. Mozgov - K. Irving - I. Shumpert - M. Dellavedova,1610612739,2015-16
2210-2544-2747-202389-203521,R. Jefferson - L. James - J. Smith - T. Mozgov - M. Dellavedova,1610612739,2015-16
2210-2544-201567-203099-203521,R. Jefferson - L. James - K. Love - J. Cunningham - M. Dellavedova,1610612739,2015-16
2210-2544-2590-202684-202697,R. Jefferson - L. James - M. Williams - T. Thompson - I. Shumpert,1610612739,2015-16
2210-2544-202389-202697-203521,R. Jefferson - L. James - T. Mozgov - I. Shumpert - M. Dellavedova,1610612739,2015-16
2210-2544-202684-203099-203521,R. Jefferson - L. James - T. Thompson - J. Cunningham - M. Dellavedova,1610612739,2015-16
2544-101112-202681-202697-203521,L. James - C. Frye - K. Irving - I. Shumpert - M. Dellavedova,1610612739,2015-16
2544-2747-2760-201567-202697,L. James - J. Smith - A. Varejao - K. Love - I. Shumpert,1610612739,2015-16
2544-2747-101112-201567-202681,L. James - J. Smith - C. Frye - K. Love - K. Irving,1610612739,2015-16
2544-2747-202681-202697-203521,L. James - J. Smith - K. Irving - I. Shumpert - M. Dellavedova,1610612739,2015-16
2544-2590-2760-202389-202697,L. James - M. Williams - A. Varejao - T. Mozgov - I. Shumpert,1610612739,2015-16
2544-2590-2760-202684-203521,L. James - M. Williams - A. Varejao - T. Thompson - M. Dellavedova,1610612739,2015-16
2544-2590-2747-2760-202697,L. James - M. Williams - J. Smith - A. Varejao - I. Shumpert,1610612739,2015-16
2544-2590-202681-202684-202697,L. James - M. Williams - K. Irving - T. Thompson - I. Shumpert,1610612739,2015-16
2544-2590-201567-203099-203521,L. James - M. Williams - K. Love - J. Cunningham - M. Dellavedova,1610612739,2015-16
2210-2544-2592-2760-203521,R. Jefferson - L. James - J. Jones - A. Varejao - M. Dellavedova,1610612739,2015-16
2210-2544-2592-201567-202684,R. Jefferson - L. James - J. Jones - K. Love - T. Thompson,1610612739,2015-16
2210-2544-2747-2760-203521,R. Jefferson - L. James - J. Smith - A. Varejao - M. Dellavedova,1610612739,2015-16
2210-2544-2747-202389-202681,R. Jefferson - L. James - J. Smith - T. Mozgov - K. Irving,1610612739,2015-16
2210-2544-2747-202389-202684,R. Jefferson - L. James - J. Smith - T. Mozgov - T. Thompson,1610612739,2015-16
2210-2544-201567-202697-203521,R. Jefferson - L. James - K. Love - I. Shumpert - M. Dellavedova,1610612739,2015-16
2210-2544-201567-202681-203521,R. Jefferson - L. James - K. Love - K. Irving - M. Dellavedova,1610612739,2015-16
2210-2544-2590-201567-203099,R. Jefferson - L. James - M. Williams - K. Love - J. Cunningham,1610612739,2015-16
2210-2544-2590-202389-202697,R. Jefferson - L. James - M. Williams - T. Mozgov - I. Shumpert,1610612739,2015-16
2544-2592-2747-201567-203521,L. James - J. Jones - J. Smith - K. Love - M. Dellavedova,1610612739,2015-16
2544-2747-202389-202684-202697,L. James - J. Smith - T. Mozgov - T. Thompson - I. Shumpert,1610612739,2015-16
202681-202691-1629023-1629029-1641726,K. Irving - K. Thompson - P. Washington - L. Dončić - D. Lively II,1610612742,2024-25
202681-202691-1629023-1629029-1629655,K. Irving - K. Thompson - P. Washington - L. Dončić - D. Gafford,1610612742,2024-25
202681-202691-1629029-1629655-1630230,K. Irving - K. Thompson - L. Dončić - D. Gafford - N. Marshall,1610612742,2024-25
202681-1629023-1629029-1629655-1629656,K. Irving - P. Washington - L. Dončić - D. Gafford - Q. Grimes,1610612742,2024-25
202681-202691-1629023-1629029-1630230,K. Irving - K. Thompson - P. Washington - L. Dončić - N. Marshall,1610612742,2024-25
202681-202691-1629029-1630230-1641726,K. Irving - K. Thompson - L. Dončić - N. Marshall - D. Lively II,1610612742,2024-25
202691-203915-1629023-1629029-1641726,K. Thompson - S. Dinwiddie - P. Washington - L. Dončić - D. Lively II,1610612742,2024-25
202681-202691-203939-1629029-1630230,K. Irving - K. Thompson - D. Powell - L. Dončić - N. Marshall,1610612742,2024-25
202691-1628467-1629029-1629656-1641726,K. Thompson - M. Kleber - L. Dončić - Q. Grimes - D. Lively II,1610612742,2024-25
203915-1628467-1629029-1629655-1629656,S. Dinwiddie - M. Kleber - L. Dončić - D. Gafford - Q. Grimes,1610612742,2024-25
202681-202691-1629029-1629655-1629656,K. Irving - K. Thompson - L. Dončić - D. Gafford - Q. Grimes,1610612742,2024-25
202681-202691-1629029-1629656-1641726,K. Irving - K. Thompson - L. Dončić - Q. Grimes - D. Lively II,1610612742,2024-25
202681-203915-1629023-1629029-1641726,K. Irving - S. Dinwiddie - P. Washington - L. Dončić - D. Lively II,1610612742,2024-25
202691-1629023-1629029-1629656-1641726,K. Thompson - P. Washington - L. Dončić - Q. Grimes - D. Lively II,1610612742,2024-25
1629023-1629029-1630230-1630702-1641726,P. Washington - L. Dončić - N. Marshall - J. Hardy - D. Lively II,1610612742,2024-25
1629023-1629029-1629655-1629656-1630702,P. Washington - L. Dončić - D. Gafford - Q. Grimes - J. Hardy,1610612742,2024-25
203915-1629029-1629656-1630230-1641726,S. Dinwiddie - L. Dončić - Q. Grimes - N. Marshall - D. Lively II,1610612742,2024-25
203915-1629023-1629029-1629655-1629656,S. Dinwiddie - P. Washington - L. Dončić - D. Gafford - Q. Grimes,1610612742,2024-25
203915-1629023-1629029-1629656-1641726,S. Dinwiddie - P. Washington - L. Dončić - Q. Grimes - D. Lively II,1610612742,2024-25
202681-202691-1628467-1629029-1641726,K. Irving - K. Thompson - M. Kleber - L. Dončić - D. Lively II,1610612742,2024-25
202681-1629023-1629029-1629656-1641726,K. Irving - P. Washington - L. Dončić - Q. Grimes - D. Lively II,1610612742,2024-25
202691-203915-1629029-1629655-1630702,K. Thompson - S. Dinwiddie - L. Dončić - D. Gafford - J. Hardy,1610612742,2024-25
202681-202691-203915-1629029-1629655,K. Irving - K. Thompson - S. Dinwiddie - L. Dončić - D. Gafford,1610612742,2024-25
202681-203915-1629029-1629655-1630230,K. Irving - S. Dinwiddie - L. Dončić - D. Gafford - N. Marshall,1610612742,2024-25
202691-203915-1629029-1641726-1641765,K. Thompson - S. Dinwiddie - L. Dončić - D. Lively II - O. Prosper,1610612742,2024-25
202691-203915-1629023-1629029-1629655,K. Thompson - S. Dinwiddie - P. Washington - L. Dončić - D. Gafford,1610612742,2024-25
1629029-1629656-1630230-1630702-1641726,L. Dončić - Q. Grimes - N. Marshall - J. Hardy - D. Lively II,1610612742,2024-25
203915-1629029-1629655-1630230-1630702,S. Dinwiddie - L. Dončić - D. Gafford - N. Marshall - J. Hardy,1610612742,2024-25
202681-1629023-1629029-1630230-1641726,K. Irving - P. Washington - L. Dončić - N. Marshall - D. Lively II,1610612742,2024-25
202681-203915-203939-1629029-1630230,K. Irving - S. Dinwiddie - D. Powell - L. Dončić - N. Marshall,1610612742,2024-25
202691-203915-1628467-1629029-1629655,K. Thompson - S. Dinwiddie - M. Kleber - L. Dončić - D. Gafford,1610612742,2024-25
1628467-1629029-1629655-1630230-1630702,M. Kleber - L. Dončić - D. Gafford - N. Marshall - J. Hardy,1610612742,2024-25
202681-1629029-1630230-1630702-1641726,K. Irving - L. Dončić - N. Marshall - J. Hardy - D. Lively II,1610612742,2024-25
202681-1629023-1629029-1630230-1630702,K. Irving - P. Washington - L. Dončić - N. Marshall - J. Hardy,1610612742,2024-25
202681-203915-1629029-1629655-1641765,K. Irving - S. Dinwiddie - L. Dončić - D. Gafford - O. Prosper,1610612742,2024-25
202681-203915-1629029-1630230-1641726,K. Irving - S. Dinwiddie - L. Dončić - N. Marshall - D. Lively II,1610612742,2024-25
202691-1629029-1629655-1629656-1630230,K. Thompson - L. Dončić - D. Gafford - Q. Grimes - N. Marshall,1610612742,2024-25
202691-1628467-1629029-1630702-1641726,K. Thompson - M. Kleber - L. Dončić - J. Hardy - D. Lively II,1610612742,2024-25
202691-1629023-1629029-1629655-1630230,K. Thompson - P. Washington - L. Dončić - D. Gafford - N. Marshall,1610612742,2024-25
202691-1629023-1629029-1630702-1641726,K. Thompson - P. Washington - L. Dončić - J. Hardy - D. Lively II,1610612742,2024-25
202691-203915-1629029-1629655-1629656,K. Thompson - S. Dinwiddie - L. Dončić - D. Gafford - Q. Grimes,1610612742,2024-25
203915-1629029-1629655-1629656-1641765,S. Dinwiddie - L. Dončić - D. Gafford - Q. Grimes - O. Prosper,1610612742,2024-25
203915-1629029-1629656-1641726-1641765,S. Dinwiddie - L. Dončić - Q. Grimes - D. Lively II - O. Prosper,1610612742,2024-25
203915-1628467-1629023-1629029-1629656,S. Dinwiddie - M. Kleber - P. Washington - L. Dončić - Q. Grimes,1610612742,2024-25
202681-1627884-1629023-1629029-1629655,K. Irving - D. Jones Jr. - P. Washington - L. Doncic - D. Gafford,1610612742,2023-24
202681-1627884-1629029-1629684-1641726,K. Irving - D. Jones Jr. - L. Doncic - G. Williams - D. Lively II,1610612742,2023-24
202681-1629023-1629029-1630182-1641726,K. Irving - P. Washington - L. Doncic - J. Green - D. Lively II,1610612742,2023-24
203501-1629029-1629684-1630182-1641726,T. Hardaway Jr. - L. Doncic - G. Williams - J. Green - D. Lively II,1610612742,2023-24
202681-1627884-1628467-1629029-1630182,K. Irving - D. Jones Jr. - M. Kleber - L. Doncic - J. Green,1610612742,2023-24
1627884-1629029-1629684-1630182-1641726,D. Jones Jr. - L. Doncic - G. Williams - J. Green - D. Lively II,1610612742,2023-24
202681-1627884-1629029-1630182-1641726,K. Irving - D. Jones Jr. - L. Doncic - J. Green - D. Lively II,1610612742,2023-24
202681-1629023-1629029-1629655-1630182,K. Irving - P. Washington - L. Doncic - D. Gafford - J. Green,1610612742,2023-24
202681-203501-1628467-1629023-1629029,K. Irving - T. Hardaway Jr. - M. Kleber - P. Washington - L. Doncic,1610612742,2023-24
202681-203957-1628467-1629023-1629029,K. Irving - D. Exum - M. Kleber - P. Washington - L. Doncic,1610612742,2023-24
203501-203957-1627884-1629029-1641726,T. Hardaway Jr. - D. Exum - D. Jones Jr. - L. Doncic - D. Lively II,1610612742,2023-24
202681-203501-1628467-1629029-1630182,K. Irving - T. Hardaway Jr. - M. Kleber - L. Doncic - J. Green,1610612742,2023-24
203501-1627884-1629029-1629684-1641726,T. Hardaway Jr. - D. Jones Jr. - L. Doncic - G. Williams - D. Lively II,1610612742,2023-24
203501-203957-1627884-1629029-1629684,T. Hardaway Jr. - D. Exum - D. Jones Jr. - L. Doncic - G. Williams,1610612742,2023-24
202681-1628467-1629023-1629029-1630182,K. Irving - M. Kleber - P. Washington - L. Doncic - J. Green,1610612742,2023-24
202681-203957-1629023-1629029-1629655,K. Irving - D. Exum - P. Washington - L. Doncic - D. Gafford,1610612742,2023-24
203501-203939-1629029-1629684-1630182,T. Hardaway Jr. - D. Powell - L. Doncic - G. Williams - J. Green,1610612742,2023-24
202681-203501-1629029-1629684-1641726,K. Irving - T. Hardaway Jr. - L. Doncic - G. Williams - D. Lively II,1610612742,2023-24
203501-203957-1628467-1629029-1641726,T. Hardaway Jr. - D. Exum - M. Kleber - L. Doncic - D. Lively II,1610612742,2023-24
203501-203939-1627884-1629029-1629684,T. Hardaway Jr. - D. Powell - D. Jones Jr. - L. Doncic - G. Williams,1610612742,2023-24
202681-203957-1627884-1629029-1641726,K. Irving - D. Exum - D. Jones Jr. - L. Doncic - D. Lively II,1610612742,2023-24
202681-203939-1627884-1629029-1630182,K. Irving - D. Powell - D. Jones Jr. - L. Doncic - J. Green,1610612742,2023-24
202681-203957-1629023-1629029-1641726,K. Irving - D. Exum - P. Washington - L. Doncic - D. Lively II,1610612742,2023-24
202681-1629029-1629684-1630182-1641726,K. Irving - L. Doncic - G. Williams - J. Green - D. Lively II,1610612742,2023-24
202681-203501-203939-1629029-1629684,K. Irving - T. Hardaway Jr. - D. Powell - L. Doncic - G. Williams,1610612742,2023-24
203501-1627884-1629023-1629029-1629655,T. Hardaway Jr. - D. Jones Jr. - P. Washington - L. Doncic - D. Gafford,1610612742,2023-24
203501-203939-1627884-1629029-1630182,T. Hardaway Jr. - D. Powell - D. Jones Jr. - L. Doncic - J. Green,1610612742,2023-24
202681-203501-203939-1627884-1629029,K. Irving - T. Hardaway Jr. - D. Powell - D. Jones Jr. - L. Doncic,1610612742,2023-24
202681-203501-1629023-1629029-1629655,K. Irving - T. Hardaway Jr. - P. Washington - L. Doncic - D. Gafford,1610612742,2023-24
203501-1627884-1629029-1630182-1641726,T. Hardaway Jr. - D. Jones Jr. - L. Doncic - J. Green - D. Lively II,1610612742,2023-24
203501-1627884-1628467-1629029-1630182,T. Hardaway Jr. - D. Jones Jr. - M. Kleber - L. Doncic - J. Green,1610612742,2023-24
203501-1628467-1629029-1629684-1630182,T. Hardaway Jr. - M. Kleber - L. Doncic - G. Williams - J. Green,1610612742,2023-24
203501-203552-1627884-1629029-1641726,T. Hardaway Jr. - S. Curry - D. Jones Jr. - L. Doncic - D. Lively II,1610612742,2023-24
202681-1627884-1628467-1629023-1629029,K. Irving - D. Jones Jr. - M. Kleber - P. Washington - L. Doncic,1610612742,2023-24
202681-203501-1627884-1629029-1641726,K. Irving - T. Hardaway Jr. - D. Jones Jr. - L. Doncic - D. Lively II,1610612742,2023-24
202681-203501-1627884-1628467-1629029,K. Irving - T. Hardaway Jr. - D. Jones Jr. - M. Kleber - L. Doncic,1610612742,2023-24
203501-203957-1629023-1629029-1641726,T. Hardaway Jr. - D. Exum - P. Washington - L. Doncic - D. Lively II,1610612742,2023-24
203957-1627884-1629029-1629684-1641726,D. Exum - D. Jones Jr. - L. Doncic - G. Williams - D. Lively II,1610612742,2023-24
203939-203957-1627884-1629029-1629684,D. Powell - D. Exum - D. Jones Jr. - L. Doncic - G. Williams,1610612742,2023-24
202681-203939-1629029-1629684-1630182,K. Irving - D. Powell - L. Doncic - G. Williams - J. Green,1610612742,2023-24
203501-203957-1629029-1629684-1641726,T. Hardaway Jr. - D. Exum - L. Doncic - G. Williams - D. Lively II,1610612742,2023-24
203501-203957-1629023-1629029-1629655,T. Hardaway Jr. - D. Exum - P. Washington - L. Doncic - D. Gafford,1610612742,2023-24
203501-1627884-1629029-1630702-1641726,T. Hardaway Jr. - D. Jones Jr. - L. Doncic - J. Hardy - D. Lively II,1610612742,2023-24
1627884-1628467-1629029-1629684-1630182,D. Jones Jr. - M. Kleber - L. Doncic - G. Williams - J. Green,1610612742,2023-24
202681-203501-1627884-1629029-1629684,K. Irving - T. Hardaway Jr. - D. Jones Jr. - L. Doncic - G. Williams,1610612742,2023-24
1629029-1629684-1630182-1630702-1641726,L. Doncic - G. Williams - J. Green - J. Hardy - D. Lively II,1610612742,2023-24
203552-1627884-1629029-1629684-1641726,S. Curry - D. Jones Jr. - L. Doncic - G. Williams - D. Lively II,1610612742,2023-24
203501-1627884-1628467-1629029-1629655,T. Hardaway Jr. - D. Jones Jr. - M. Kleber - L. Doncic - D. Gafford,1610612742,2023-24
203501-1629029-1629684-1630702-1641726,T. Hardaway Jr. - L. Doncic - G. Williams - J. Hardy - D. Lively II,1610612742,2023-24
203501-1629023-1629029-1629655-1630182,T. Hardaway Jr. - P. Washington - L. Doncic - D. Gafford - J. Green,1610612742,2023-24
202681-203957-1628467-1629029-1641726,K. Irving - D. Exum - M. Kleber - L. Doncic - D. Lively II,1610612742,2023-24
202681-203501-1628467-1629029-1629684,K. Irving - T. Hardaway Jr. - M. Kleber - L. Doncic - G. Williams,1610612742,2023-24
203501-203957-1629029-1630182-1641726,T. Hardaway Jr. - D. Exum - L. Doncic - J. Green - D. Lively II,1610612742,2023-24
203957-1627884-1629029-1630702-1641726,D. Exum - D. Jones Jr. - L. Doncic - J. Hardy - D. Lively II,1610612742,2023-24
202681-1627884-1629029-1629684-1630182,K. Irving - D. Jones Jr. - L. Doncic - G. Williams - J. Green,1610612742,2023-24
202681-203939-1627884-1629029-1629684,K. Irving - D. Powell - D. Jones Jr. - L. Doncic - G. Williams,1610612742,2023-24
202681-203501-203939-1629029-1630182,K. Irving - T. Hardaway Jr. - D. Powell - L. Doncic - J. Green,1610612742,2023-24
202681-203501-1629023-1629029-1641726,K. Irving - T. Hardaway Jr. - P. Washington - L. Doncic - D. Lively II,1610612742,2023-24
203552-203957-1627884-1629029-1641726,S. Curry - D. Exum - D. Jones Jr. - L. Doncic - D. Lively II,1610612742,2023-24
203501-203552-1629029-1629684-1641726,T. Hardaway Jr. - S. Curry - L. Doncic - G. Williams - D. Lively II,1610612742,2023-24
202681-1626158-1627884-1629029-1629684,K. Irving - R. Holmes - D. Jones Jr. - L. Doncic - G. Williams,1610612742,2023-24
202681-203501-1629029-1629684-1630182,K. Irving - T. Hardaway Jr. - L. Doncic - G. Williams - J. Green,1610612742,2023-24
202681-203501-1626158-1629029-1629684,K. Irving - T. Hardaway Jr. - R. Holmes - L. Doncic - G. Williams,1610612742,2023-24
203501-203957-1627884-1628467-1629029,T. Hardaway Jr. - D. Exum - D. Jones Jr. - M. Kleber - L. Doncic,1610612742,2023-24
203501-203939-1627884-1629029-1630702,T. Hardaway Jr. - D. Powell - D. Jones Jr. - L. Doncic - J. Hardy,1610612742,2023-24
203501-1629029-1630182-1630702-1641726,T. Hardaway Jr. - L. Doncic - J. Green - J. Hardy - D. Lively II,1610612742,2023-24
203501-1628467-1629029-1630702-1641726,T. Hardaway Jr. - M. Kleber - L. Doncic - J. Hardy - D. Lively II,1610612742,2023-24
203957-1629023-1629029-1630182-1641726,D. Exum - P. Washington - L. Doncic - J. Green - D. Lively II,1610612742,2023-24
203939-1627884-1629029-1629684-1630702,D. Powell - D. Jones Jr. - L. Doncic - G. Williams - J. Hardy,1610612742,2023-24
202681-1627884-1628467-1629029-1641726,K. Irving - D. Jones Jr. - M. Kleber - L. Doncic - D. Lively II,1610612742,2023-24
202681-203501-203957-1628467-1629029,K. Irving - T. Hardaway Jr. - D. Exum - M. Kleber - L. Doncic,1610612742,2023-24
202693-203501-203957-1627884-1629029,M. Morris - T. Hardaway Jr. - D. Exum - D. Jones Jr. - L. Doncic,1610612742,2023-24
203552-1627884-1629029-1629684-1630182,S. Curry - D. Jones Jr. - L. Doncic - G. Williams - J. Green,1610612742,2023-24
203552-1629029-1630639-1641726-1641765,S. Curry - L. Doncic - A. Lawson - D. Lively II - O. Prosper,1610612742,2023-24
203501-1627884-1629023-1629029-1641726,T. Hardaway Jr. - D. Jones Jr. - P. Washington - L. Doncic - D. Lively II,1610612742,2023-24
203501-203939-203957-1627884-1629029,T. Hardaway Jr. - D. Powell - D. Exum - D. Jones Jr. - L. Doncic,1610612742,2023-24
203501-1628467-1629029-1630182-1641726,T. Hardaway Jr. - M. Kleber - L. Doncic - J. Green - D. Lively II,1610612742,2023-24
203501-203552-203939-1627884-1629029,T. Hardaway Jr. - S. Curry - D. Powell - D. Jones Jr. - L. Doncic,1610612742,2023-24
203957-1627884-1629023-1629029-1629655,D. Exum - D. Jones Jr. - P. Washington - L. Doncic - D. Gafford,1610612742,2023-24
203957-1628467-1629029-1630182-1641726,D. Exum - M. Kleber - L. Doncic - J. Green - D. Lively II,1610612742,2023-24
202681-1628467-1629029-1629684-1630182,K. Irving - M. Kleber - L. Doncic - G. Williams - J. Green,1610612742,2023-24
202681-203501-1627884-1629029-1629655,K. Irving - T. Hardaway Jr. - D. Jones Jr. - L. Doncic - D. Gafford,1610612742,2023-24
202681-203501-1629029-1630182-1641726,K. Irving - T. Hardaway Jr. - L. Doncic - J. Green - D. Lively II,1610612742,2023-24
1628467-1629029-1630182-1630702-1641726,M. Kleber - L. Doncic - J. Green - J. Hardy - D. Lively II,1610612742,2023-24
202693-203501-1627884-1629029-1629684,M. Morris - T. Hardaway Jr. - D. Jones Jr. - L. Doncic - G. Williams,1610612742,2023-24
203552-203957-1627884-1629029-1629684,S. Curry - D. Exum - D. Jones Jr. - L. Doncic - G. Williams,1610612742,2023-24
203501-203957-1627884-1629029-1630702,T. Hardaway Jr. - D. Exum - D. Jones Jr. - L. Doncic - J. Hardy,1610612742,2023-24
203501-203957-1628467-1629023-1629029,T. Hardaway Jr. - D. Exum - M. Kleber - P. Washington - L. Doncic,1610612742,2023-24
202681-1627884-1629023-1629029-1641726,K. Irving - D. Jones Jr. - P. Washington - L. Doncic - D. Lively II,1610612742,2023-24
202681-203501-203957-1629029-1629684,K. Irving - T. Hardaway Jr. - D. Exum - L. Doncic - G. Williams,1610612742,2023-24
202681-203501-1628467-1629029-1641726,K. Irving - T. Hardaway Jr. - M. Kleber - L. Doncic - D. Lively II,1610612742,2023-24
203501-203939-1629029-1630639-1630702,T. Hardaway Jr. - D. Powell - L. Doncic - A. Lawson - J. Hardy,1610612742,2023-24
203501-1628467-1629029-1629684-1630702,T. Hardaway Jr. - M. Kleber - L. Doncic - G. Williams - J. Hardy,1610612742,2023-24
203957-1629029-1629684-1630182-1641726,D. Exum - L. Doncic - G. Williams - J. Green - D. Lively II,1610612742,2023-24
203957-1629029-1629684-1630702-1641726,D. Exum - L. Doncic - G. Williams - J. Hardy - D. Lively II,1610612742,2023-24
1627884-1629023-1629029-1629655-1630702,D. Jones Jr. - P. Washington - L. Doncic - D. Gafford - J. Hardy,1610612742,2023-24
202681-1627884-1629029-1630702-1641726,K. Irving - D. Jones Jr. - L. Doncic - J. Hardy - D. Lively II,1610612742,2023-24
202681-203939-1627884-1629029-1630702,K. Irving - D. Powell - D. Jones Jr. - L. Doncic - J. Hardy,1610612742,2023-24
202681-1628467-1629029-1630182-1641726,K. Irving - M. Kleber - L. Doncic - J. Green - D. Lively II,1610612742,2023-24
202681-203501-1628467-1629029-1629655,K. Irving - T. Hardaway Jr. - M. Kleber - L. Doncic - D. Gafford,1610612742,2023-24
202693-203957-1629029-1630702-1641726,M. Morris - D. Exum - L. Doncic - J. Hardy - D. Lively II,1610612742,2023-24
202693-203501-203957-1629029-1629684,M. Morris - T. Hardaway Jr. - D. Exum - L. Doncic - G. Williams,1610612742,2023-24
203552-1627884-1629029-1630639-1641726,S. Curry - D. Jones Jr. - L. Doncic - A. Lawson - D. Lively II,1610612742,2023-24
203552-1629029-1629684-1630182-1641726,S. Curry - L. Doncic - G. Williams - J. Green - D. Lively II,1610612742,2023-24
203501-203957-1628467-1629029-1630182,T. Hardaway Jr. - D. Exum - M. Kleber - L. Doncic - J. Green,1610612742,2023-24
203501-203957-1628467-1629029-1630702,T. Hardaway Jr. - D. Exum - M. Kleber - L. Doncic - J. Hardy,1610612742,2023-24
203501-203957-1626158-1629029-1629684,T. Hardaway Jr. - D. Exum - R. Holmes - L. Doncic - G. Williams,1610612742,2023-24
203501-203939-203957-1629029-1630182,T. Hardaway Jr. - D. Powell - D. Exum - L. Doncic - J. Green,1610612742,2023-24
1627884-1629029-1629684-1630702-1641726,D. Jones Jr. - L. Doncic - G. Williams - J. Hardy - D. Lively II,1610612742,2023-24
203939-203957-1627884-1629029-1630702,D. Powell - D. Exum - D. Jones Jr. - L. Doncic - J. Hardy,1610612742,2023-24
202681-203957-1627884-1629029-1629684,K. Irving - D. Exum - D. Jones Jr. - L. Doncic - G. Williams,1610612742,2023-24
202681-203501-1629029-1629655-1630182,K. Irving - T. Hardaway Jr. - L. Doncic - D. Gafford - J. Green,1610612742,2023-24
202693-203939-203957-1629029-1630702,M. Morris - D. Powell - D. Exum - L. Doncic - J. Hardy,1610612742,2023-24
203552-1629029-1629684-1630702-1641726,S. Curry - L. Doncic - G. Williams - J. Hardy - D. Lively II,1610612742,2023-24
203501-203957-1627884-1629029-1629655,T. Hardaway Jr. - D. Exum - D. Jones Jr. - L. Doncic - D. Gafford,1610612742,2023-24
203501-203939-1629029-1629684-1630702,T. Hardaway Jr. - D. Powell - L. Doncic - G. Williams - J. Hardy,1610612742,2023-24
203501-203939-1628467-1629029-1630182,T. Hardaway Jr. - D. Powell - M. Kleber - L. Doncic - J. Green,1610612742,2023-24
203501-1628467-1629029-1630182-1630702,T. Hardaway Jr. - M. Kleber - L. Doncic - J. Green - J. Hardy,1610612742,2023-24
203501-203552-1629029-1629684-1630182,T. Hardaway Jr. - S. Curry - L. Doncic - G. Williams - J. Green,1610612742,2023-24
1627884-1629029-1630182-1630702-1641726,D. Jones Jr. - L. Doncic - J. Green - J. Hardy - D. Lively II,1610612742,2023-24
203939-1627884-1629029-1630182-1630702,D. Powell - D. Jones Jr. - L. Doncic - J. Green - J. Hardy,1610612742,2023-24
203939-1629029-1630639-1630702-1641765,D. Powell - L. Doncic - A. Lawson - J. Hardy - O. Prosper,1610612742,2023-24
202681-203957-1627884-1629023-1629029,K. Irving - D. Exum - D. Jones Jr. - P. Washington - L. Doncic,1610612742,2023-24
202681-1627884-1629029-1629655-1630182,K. Irving - D. Jones Jr. - L. Doncic - D. Gafford - J. Green,1610612742,2023-24
202681-1628467-1629023-1629029-1641726,K. Irving - M. Kleber - P. Washington - L. Doncic - D. Lively II,1610612742,2023-24
202681-203501-203957-1629029-1641726,K. Irving - T. Hardaway Jr. - D. Exum - L. Doncic - D. Lively II,1610612742,2023-24
202681-203501-1627884-1629029-1630182,K. Irving - T. Hardaway Jr. - D. Jones Jr. - L. Doncic - J. Green,1610612742,2023-24
203552-203957-1629029-1641726-1641765,S. Curry - D. Exum - L. Doncic - D. Lively II - O. Prosper,1610612742,2023-24
203552-1627884-1629029-1630182-1641726,S. Curry - D. Jones Jr. - L. Doncic - J. Green - D. Lively II,1610612742,2023-24
203552-1629029-1629684-1630182-1641765,S. Curry - L. Doncic - G. Williams - J. Green - O. Prosper,1610612742,2023-24
203957-1627884-1628467-1629023-1629029,D. Exum - D. Jones Jr. - M. Kleber - P. Washington - L. Doncic,1610612742,2023-24
202681-203957-1627884-1629029-1629655,K. Irving - D. Exum - D. Jones Jr. - L. Doncic - D. Gafford,1610612742,2023-24
202681-1627884-1628467-1629029-1629684,K. Irving - D. Jones Jr. - M. Kleber - L. Doncic - G. Williams,1610612742,2023-24
202681-203501-1626158-1627884-1629029,K. Irving - T. Hardaway Jr. - R. Holmes - D. Jones Jr. - L. Doncic,1610612742,2023-24
202693-203501-1627884-1629029-1641726,M. Morris - T. Hardaway Jr. - D. Jones Jr. - L. Doncic - D. Lively II,1610612742,2023-24
203552-203957-1629029-1629684-1641726,S. Curry - D. Exum - L. Doncic - G. Williams - D. Lively II,1610612742,2023-24
203552-1629029-1629684-1630639-1641726,S. Curry - L. Doncic - G. Williams - A. Lawson - D. Lively II,1610612742,2023-24
203501-203957-1626158-1629029-1630702,T. Hardaway Jr. - D. Exum - R. Holmes - L. Doncic - J. Hardy,1610612742,2023-24
203501-1627884-1628467-1629029-1630702,T. Hardaway Jr. - D. Jones Jr. - M. Kleber - L. Doncic - J. Hardy,1610612742,2023-24
203501-203939-203957-1629029-1629684,T. Hardaway Jr. - D. Powell - D. Exum - L. Doncic - G. Williams,1610612742,2023-24
203501-1628467-1629023-1629029-1630182,T. Hardaway Jr. - M. Kleber - P. Washington - L. Doncic - J. Green,1610612742,2023-24
203501-1626158-1629029-1630182-1630702,T. Hardaway Jr. - R. Holmes - L. Doncic - J. Green - J. Hardy,1610612742,2023-24
203501-203552-1628467-1629029-1641726,T. Hardaway Jr. - S. Curry - M. Kleber - L. Doncic - D. Lively II,1610612742,2023-24
203501-203552-1628467-1629029-1630182,T. Hardaway Jr. - S. Curry - M. Kleber - L. Doncic - J. Green,1610612742,2023-24
203493-203501-203915-1626174-1629029,R. Bullock - T. Hardaway Jr. - S. Dinwiddie - C. Wood - L. Doncic,1610612742,2022-23
203501-203915-203939-1627827-1629029,T. Hardaway Jr. - S. Dinwiddie - D. Powell - D. Finney-Smith - L. Doncic,1610612742,2022-23
203493-203915-203939-1627827-1629029,R. Bullock - S. Dinwiddie - D. Powell - D. Finney-Smith - L. Doncic,1610612742,2022-23
202681-203493-203939-1629029-1630182,K. Irving - R. Bullock - D. Powell - L. Doncic - J. Green,1610612742,2022-23
202681-203493-203501-203939-1629029,K. Irving - R. Bullock - T. Hardaway Jr. - D. Powell - L. Doncic,1610612742,2022-23
201580-203493-203915-1627827-1629029,J. McGee - R. Bullock - S. Dinwiddie - D. Finney-Smith - L. Doncic,1610612742,2022-23
203493-203915-1626174-1627827-1629029,R. Bullock - S. Dinwiddie - C. Wood - D. Finney-Smith - L. Doncic,1610612742,2022-23
203501-1626174-1628467-1629029-1630182,T. Hardaway Jr. - C. Wood - M. Kleber - L. Doncic - J. Green,1610612742,2022-23
202681-203493-203501-1628467-1629029,K. Irving - R. Bullock - T. Hardaway Jr. - M. Kleber - L. Doncic,1610612742,2022-23
203493-203915-1627827-1628467-1629029,R. Bullock - S. Dinwiddie - D. Finney-Smith - M. Kleber - L. Doncic,1610612742,2022-23
203501-203915-203939-1626174-1629029,T. Hardaway Jr. - S. Dinwiddie - D. Powell - C. Wood - L. Doncic,1610612742,2022-23
203501-1626174-1627827-1628467-1629029,T. Hardaway Jr. - C. Wood - D. Finney-Smith - M. Kleber - L. Doncic,1610612742,2022-23
203493-1626174-1628467-1629029-1630182,R. Bullock - C. Wood - M. Kleber - L. Doncic - J. Green,1610612742,2022-23
203501-1626174-1627827-1629029-1630182,T. Hardaway Jr. - C. Wood - D. Finney-Smith - L. Doncic - J. Green,1610612742,2022-23
203501-203915-1626174-1627827-1629029,T. Hardaway Jr. - S. Dinwiddie - C. Wood - D. Finney-Smith - L. Doncic,1610612742,2022-23
202681-203200-203493-203939-1629029,K. Irving - J. Holiday - R. Bullock - D. Powell - L. Doncic,1610612742,2022-23
203493-203501-203939-1629029-1630182,R. Bullock - T. Hardaway Jr. - D. Powell - L. Doncic - J. Green,1610612742,2022-23
203493-203501-203915-203939-1629029,R. Bullock - T. Hardaway Jr. - S. Dinwiddie - D. Powell - L. Doncic,1610612742,2022-23
203501-203915-1626174-1628373-1629029,T. Hardaway Jr. - S. Dinwiddie - C. Wood - F. Ntilikina - L. Doncic,1610612742,2022-23
202681-203501-203939-1629029-1630182,K. Irving - T. Hardaway Jr. - D. Powell - L. Doncic - J. Green,1610612742,2022-23
203493-203501-1626174-1627827-1629029,R. Bullock - T. Hardaway Jr. - C. Wood - D. Finney-Smith - L. Doncic,1610612742,2022-23
203493-203501-1626174-1628467-1629029,R. Bullock - T. Hardaway Jr. - C. Wood - M. Kleber - L. Doncic,1610612742,2022-23
203501-203915-1627827-1628467-1629029,T. Hardaway Jr. - S. Dinwiddie - D. Finney-Smith - M. Kleber - L. Doncic,1610612742,2022-23
203493-203501-1627827-1628467-1629029,R. Bullock - T. Hardaway Jr. - D. Finney-Smith - M. Kleber - L. Doncic,1610612742,2022-23
1626174-1628467-1629029-1630182-1630702,C. Wood - M. Kleber - L. Doncic - J. Green - J. Hardy,1610612742,2022-23
202681-203501-1628467-1629029-1630182,K. Irving - T. Hardaway Jr. - M. Kleber - L. Doncic - J. Green,1610612742,2022-23
203493-1626174-1627827-1628467-1629029,R. Bullock - C. Wood - D. Finney-Smith - M. Kleber - L. Doncic,1610612742,2022-23
203493-203501-203915-1627827-1629029,R. Bullock - T. Hardaway Jr. - S. Dinwiddie - D. Finney-Smith - L. Doncic,1610612742,2022-23
201580-202681-1626174-1629029-1630182,J. McGee - K. Irving - C. Wood - L. Doncic - J. Green,1610612742,2022-23
203493-203501-1626174-1629029-1630182,R. Bullock - T. Hardaway Jr. - C. Wood - L. Doncic - J. Green,1610612742,2022-23
203493-203501-1628467-1629029-1630182,R. Bullock - T. Hardaway Jr. - M. Kleber - L. Doncic - J. Green,1610612742,2022-23
203501-203939-1627827-1629029-1630182,T. Hardaway Jr. - D. Powell - D. Finney-Smith - L. Doncic - J. Green,1610612742,2022-23
203493-203501-1627827-1629029-1630182,R. Bullock - T. Hardaway Jr. - D. Finney-Smith - L. Doncic - J. Green,1610612742,2022-23
202681-203493-1626174-1629029-1630182,K. Irving - R. Bullock - C. Wood - L. Doncic - J. Green,1610612742,2022-23
202681-203501-1626174-1629029-1630182,K. Irving - T. Hardaway Jr. - C. Wood - L. Doncic - J. Green,1610612742,2022-23
203501-1627827-1628467-1629029-1630182,T. Hardaway Jr. - D. Finney-Smith - M. Kleber - L. Doncic - J. Green,1610612742,2022-23
202681-203493-1628467-1629029-1630182,K. Irving - R. Bullock - M. Kleber - L. Doncic - J. Green,1610612742,2022-23
203493-203501-1626174-1628373-1629029,R. Bullock - T. Hardaway Jr. - C. Wood - F. Ntilikina - L. Doncic,1610612742,2022-23
202722-203501-203915-1626174-1629029,D. Bertans - T. Hardaway Jr. - S. Dinwiddie - C. Wood - L. Doncic,1610612742,2022-23
203493-203915-1627827-1629029-1630182,R. Bullock - S. Dinwiddie - D. Finney-Smith - L. Doncic - J. Green,1610612742,2022-23
203915-203939-1627827-1629029-1630182,S. Dinwiddie - D. Powell - D. Finney-Smith - L. Doncic - J. Green,1610612742,2022-23
203501-203915-1627827-1629029-1630182,T. Hardaway Jr. - S. Dinwiddie - D. Finney-Smith - L. Doncic - J. Green,1610612742,2022-23
203501-203915-203939-1628373-1629029,T. Hardaway Jr. - S. Dinwiddie - D. Powell - F. Ntilikina - L. Doncic,1610612742,2022-23
203493-203939-1627827-1629029-1630182,R. Bullock - D. Powell - D. Finney-Smith - L. Doncic - J. Green,1610612742,2022-23
203493-203939-1628373-1629029-1630182,R. Bullock - D. Powell - F. Ntilikina - L. Doncic - J. Green,1610612742,2022-23
203493-203501-203915-1628467-1629029,R. Bullock - T. Hardaway Jr. - S. Dinwiddie - M. Kleber - L. Doncic,1610612742,2022-23
203915-203939-1626174-1627827-1629029,S. Dinwiddie - D. Powell - C. Wood - D. Finney-Smith - L. Doncic,1610612742,2022-23
1626174-1627827-1628467-1629029-1630182,C. Wood - D. Finney-Smith - M. Kleber - L. Doncic - J. Green,1610612742,2022-23
202722-203501-203939-1629029-1630593,D. Bertans - T. Hardaway Jr. - D. Powell - L. Doncic - M. Wright IV,1610612742,2022-23
203939-1627827-1628467-1629029-1630182,D. Powell - D. Finney-Smith - M. Kleber - L. Doncic - J. Green,1610612742,2022-23
202681-203200-203501-1628467-1629029,K. Irving - J. Holiday - T. Hardaway Jr. - M. Kleber - L. Doncic,1610612742,2022-23
202681-203493-203939-1628467-1629029,K. Irving - R. Bullock - D. Powell - M. Kleber - L. Doncic,1610612742,2022-23
203493-203939-1627827-1628467-1629029,R. Bullock - D. Powell - D. Finney-Smith - M. Kleber - L. Doncic,1610612742,2022-23
203493-203939-1628467-1629029-1630182,R. Bullock - D. Powell - M. Kleber - L. Doncic - J. Green,1610612742,2022-23
203493-203501-1626174-1629029-1630702,R. Bullock - T. Hardaway Jr. - C. Wood - L. Doncic - J. Hardy,1610612742,2022-23
203493-203501-203939-1627827-1629029,R. Bullock - T. Hardaway Jr. - D. Powell - D. Finney-Smith - L. Doncic,1610612742,2022-23
203493-203501-203939-1628373-1629029,R. Bullock - T. Hardaway Jr. - D. Powell - F. Ntilikina - L. Doncic,1610612742,2022-23
202722-203501-203915-203939-1629029,D. Bertans - T. Hardaway Jr. - S. Dinwiddie - D. Powell - L. Doncic,1610612742,2022-23
201580-203501-1627827-1629029-1630182,J. McGee - T. Hardaway Jr. - D. Finney-Smith - L. Doncic - J. Green,1610612742,2022-23
202681-203493-203501-1626174-1629029,K. Irving - R. Bullock - T. Hardaway Jr. - C. Wood - L. Doncic,1610612742,2022-23
203915-1626174-1627827-1628467-1629029,S. Dinwiddie - C. Wood - D. Finney-Smith - M. Kleber - L. Doncic,1610612742,2022-23
203200-203501-1626174-1628467-1629029,J. Holiday - T. Hardaway Jr. - C. Wood - M. Kleber - L. Doncic,1610612742,2022-23
201580-202681-203493-1629029-1630182,J. McGee - K. Irving - R. Bullock - L. Doncic - J. Green,1610612742,2022-23
203493-1626174-1629029-1630182-1630702,R. Bullock - C. Wood - L. Doncic - J. Green - J. Hardy,1610612742,2022-23
203493-203939-1628373-1629029-1630702,R. Bullock - D. Powell - F. Ntilikina - L. Doncic - J. Hardy,1610612742,2022-23
203493-203915-203939-1629029-1630182,R. Bullock - S. Dinwiddie - D. Powell - L. Doncic - J. Green,1610612742,2022-23
1626174-1628373-1629029-1630182-1630702,C. Wood - F. Ntilikina - L. Doncic - J. Green - J. Hardy,1610612742,2022-23
202722-203501-203939-1628373-1629029,D. Bertans - T. Hardaway Jr. - D. Powell - F. Ntilikina - L. Doncic,1610612742,2022-23
203200-203493-203501-1626174-1629029,J. Holiday - R. Bullock - T. Hardaway Jr. - C. Wood - L. Doncic,1610612742,2022-23
203200-203501-1626174-1628373-1629029,J. Holiday - T. Hardaway Jr. - C. Wood - F. Ntilikina - L. Doncic,1610612742,2022-23
201580-203493-1629029-1629033-1630702,J. McGee - R. Bullock - L. Doncic - T. Pinson - J. Hardy,1610612742,2022-23
201580-203493-203501-203915-1629029,J. McGee - R. Bullock - T. Hardaway Jr. - S. Dinwiddie - L. Doncic,1610612742,2022-23
202681-203200-203501-203939-1629029,K. Irving - J. Holiday - T. Hardaway Jr. - D. Powell - L. Doncic,1610612742,2022-23
202681-203493-203939-1628373-1629029,K. Irving - R. Bullock - D. Powell - F. Ntilikina - L. Doncic,1610612742,2022-23
202681-203501-1628467-1629029-1630702,K. Irving - T. Hardaway Jr. - M. Kleber - L. Doncic - J. Hardy,1610612742,2022-23
202689-203501-203939-1628373-1629029,K. Walker - T. Hardaway Jr. - D. Powell - F. Ntilikina - L. Doncic,1610612742,2022-23
203493-1627827-1628467-1629029-1630182,R. Bullock - D. Finney-Smith - M. Kleber - L. Doncic - J. Green,1610612742,2022-23
203493-203915-203939-1628373-1629029,R. Bullock - S. Dinwiddie - D. Powell - F. Ntilikina - L. Doncic,1610612742,2022-23
203493-203501-203939-1626174-1629029,R. Bullock - T. Hardaway Jr. - D. Powell - C. Wood - L. Doncic,1610612742,2022-23
203501-203939-1628373-1629029-1630593,T. Hardaway Jr. - D. Powell - F. Ntilikina - L. Doncic - M. Wright IV,1610612742,2022-23
203501-203915-203939-1629029-1630182,T. Hardaway Jr. - S. Dinwiddie - D. Powell - L. Doncic - J. Green,1610612742,2022-23
203501-203915-203939-1629029-1630593,T. Hardaway Jr. - S. Dinwiddie - D. Powell - L. Doncic - M. Wright IV,1610612742,2022-23
202722-203493-203915-203939-1629029,D. Bertans - R. Bullock - S. Dinwiddie - D. Powell - L. Doncic,1610612742,2022-23
202722-203493-203501-203915-1629029,D. Bertans - R. Bullock - T. Hardaway Jr. - S. Dinwiddie - L. Doncic,1610612742,2022-23
203200-203493-203939-1629029-1630182,J. Holiday - R. Bullock - D. Powell - L. Doncic - J. Green,1610612742,2022-23
203200-203501-1628467-1629029-1630702,J. Holiday - T. Hardaway Jr. - M. Kleber - L. Doncic - J. Hardy,1610612742,2022-23
201580-203501-1628467-1629029-1630182,J. McGee - T. Hardaway Jr. - M. Kleber - L. Doncic - J. Green,1610612742,2022-23
202689-203493-1626174-1627827-1629029,K. Walker - R. Bullock - C. Wood - D. Finney-Smith - L. Doncic,1610612742,2022-23
203493-1626174-1628373-1628467-1629029,R. Bullock - C. Wood - F. Ntilikina - M. Kleber - L. Doncic,1610612742,2022-23
203493-1626174-1629029-1629033-1630702,R. Bullock - C. Wood - L. Doncic - T. Pinson - J. Hardy,1610612742,2022-23
203493-203915-1626174-1629029-1630182,R. Bullock - S. Dinwiddie - C. Wood - L. Doncic - J. Green,1610612742,2022-23
203915-1626174-1627827-1629029-1630182,S. Dinwiddie - C. Wood - D. Finney-Smith - L. Doncic - J. Green,1610612742,2022-23
203501-1626174-1629029-1630182-1630702,T. Hardaway Jr. - C. Wood - L. Doncic - J. Green - J. Hardy,1610612742,2022-23
203501-203939-1626174-1627827-1629029,T. Hardaway Jr. - D. Powell - C. Wood - D. Finney-Smith - L. Doncic,1610612742,2022-23
1626174-1628467-1629029-1630182-1630267,C. Wood - M. Kleber - L. Doncic - J. Green - F. Campazzo,1610612742,2022-23
202722-203493-1627827-1629029-1630182,D. Bertans - R. Bullock - D. Finney-Smith - L. Doncic - J. Green,1610612742,2022-23
202722-203493-203501-203939-1629029,D. Bertans - R. Bullock - T. Hardaway Jr. - D. Powell - L. Doncic,1610612742,2022-23
202722-203915-1626174-1629029-1629033,D. Bertans - S. Dinwiddie - C. Wood - L. Doncic - T. Pinson,1610612742,2022-23
203939-1626174-1627827-1629029-1630182,D. Powell - C. Wood - D. Finney-Smith - L. Doncic - J. Green,1610612742,2022-23
203200-1626174-1628467-1629029-1630182,J. Holiday - C. Wood - M. Kleber - L. Doncic - J. Green,1610612742,2022-23
201580-202722-1627827-1629029-1630182,J. McGee - D. Bertans - D. Finney-Smith - L. Doncic - J. Green,1610612742,2022-23
201580-202722-203200-1629029-1629033,J. McGee - D. Bertans - J. Holiday - L. Doncic - T. Pinson,1610612742,2022-23
201580-202681-203493-203501-1629029,J. McGee - K. Irving - R. Bullock - T. Hardaway Jr. - L. Doncic,1610612742,2022-23
201580-1629029-1630182-1630639-1630702,J. McGee - L. Doncic - J. Green - A. Lawson - J. Hardy,1610612742,2022-23
201580-203493-203501-1627827-1629029,J. McGee - R. Bullock - T. Hardaway Jr. - D. Finney-Smith - L. Doncic,1610612742,2022-23
202681-202693-203493-203501-1629029,K. Irving - M. Morris - R. Bullock - T. Hardaway Jr. - L. Doncic,1610612742,2022-23
202689-203501-203915-203939-1629029,K. Walker - T. Hardaway Jr. - S. Dinwiddie - D. Powell - L. Doncic,1610612742,2022-23
203493-1626174-1627827-1629029-1630182,R. Bullock - C. Wood - D. Finney-Smith - L. Doncic - J. Green,1610612742,2022-23
203493-203939-1628373-1629029-1629033,R. Bullock - D. Powell - F. Ntilikina - L. Doncic - T. Pinson,1610612742,2022-23
203493-203939-1629029-1630182-1630639,R. Bullock - D. Powell - L. Doncic - J. Green - A. Lawson,1610612742,2022-23
203493-203915-203939-1626174-1629029,R. Bullock - S. Dinwiddie - D. Powell - C. Wood - L. Doncic,1610612742,2022-23
203493-203501-203915-1629029-1630182,R. Bullock - T. Hardaway Jr. - S. Dinwiddie - L. Doncic - J. Green,1610612742,2022-23
203501-203915-1626174-1629029-1630182,T. Hardaway Jr. - S. Dinwiddie - C. Wood - L. Doncic - J. Green,1610612742,2022-23
203501-203915-203939-1629029-1629033,T. Hardaway Jr. - S. Dinwiddie - D. Powell - L. Doncic - T. Pinson,1610612742,2022-23
203493-203939-1627827-1628973-1629029,R. Bullock - D. Powell - D. Finney-Smith - J. Brunson - L. Doncic,1610612742,2021-22
203939-1627827-1628467-1628973-1629029,D. Powell - D. Finney-Smith - M. Kleber - J. Brunson - L. Doncic,1610612742,2021-22
203501-203939-204001-1627827-1629029,T. Hardaway Jr. - D. Powell - K. Porzingis - D. Finney-Smith - L. Doncic,1610612742,2021-22
203493-1627827-1628467-1628973-1629029,R. Bullock - D. Finney-Smith - M. Kleber - J. Brunson - L. Doncic,1610612742,2021-22
203501-203939-1627827-1628973-1629029,T. Hardaway Jr. - D. Powell - D. Finney-Smith - J. Brunson - L. Doncic,1610612742,2021-22
204001-1627827-1628467-1628973-1629029,K. Porzingis - D. Finney-Smith - M. Kleber - J. Brunson - L. Doncic,1610612742,2021-22
203493-203501-203939-1627827-1629029,R. Bullock - T. Hardaway Jr. - D. Powell - D. Finney-Smith - L. Doncic,1610612742,2021-22
203501-204001-1627827-1628973-1629029,T. Hardaway Jr. - K. Porzingis - D. Finney-Smith - J. Brunson - L. Doncic,1610612742,2021-22
203915-203939-1627827-1628973-1629029,S. Dinwiddie - D. Powell - D. Finney-Smith - J. Brunson - L. Doncic,1610612742,2021-22
203493-203939-204001-1627827-1629029,R. Bullock - D. Powell - K. Porzingis - D. Finney-Smith - L. Doncic,1610612742,2021-22
203493-203915-1627827-1628467-1629029,R. Bullock - S. Dinwiddie - D. Finney-Smith - M. Kleber - L. Doncic,1610612742,2021-22
203915-1627827-1628467-1628973-1629029,S. Dinwiddie - D. Finney-Smith - M. Kleber - J. Brunson - L. Doncic,1610612742,2021-22
203493-203939-1627827-1628467-1629029,R. Bullock - D. Powell - D. Finney-Smith - M. Kleber - L. Doncic,1610612742,2021-22
203493-203915-203939-1627827-1629029,R. Bullock - S. Dinwiddie - D. Powell - D. Finney-Smith - L. Doncic,1610612742,2021-22
203493-203915-203939-1629029-1630182,R. Bullock - S. Dinwiddie - D. Powell - L. Doncic - J. Green,1610612742,2021-22
203501-1627827-1628467-1628973-1629029,T. Hardaway Jr. - D. Finney-Smith - M. Kleber - J. Brunson - L. Doncic,1610612742,2021-22
203501-203939-1627827-1628467-1629029,T. Hardaway Jr. - D. Powell - D. Finney-Smith - M. Kleber - L. Doncic,1610612742,2021-22
203939-1627827-1628973-1629029-1630182,D. Powell - D. Finney-Smith - J. Brunson - L. Doncic - J. Green,1610612742,2021-22
202722-203915-1628467-1629029-1630182,D. Bertans - S. Dinwiddie - M. Kleber - L. Doncic - J. Green,1610612742,2021-22
203493-203501-204001-1629029-1630182,R. Bullock - T. Hardaway Jr. - K. Porzingis - L. Doncic - J. Green,1610612742,2021-22
203501-204001-1627827-1628467-1629029,T. Hardaway Jr. - K. Porzingis - D. Finney-Smith - M. Kleber - L. Doncic,1610612742,2021-22
203501-204001-1626161-1627827-1629029,T. Hardaway Jr. - K. Porzingis - W. Cauley-Stein - D. Finney-Smith - L. Doncic,1610612742,2021-22
203493-1627737-1627827-1628973-1629029,R. Bullock - M. Chriss - D. Finney-Smith - J. Brunson - L. Doncic,1610612742,2021-22
203915-1627827-1628467-1629029-1630182,S. Dinwiddie - D. Finney-Smith - M. Kleber - L. Doncic - J. Green,1610612742,2021-22
203493-1626161-1627827-1628973-1629029,R. Bullock - W. Cauley-Stein - D. Finney-Smith - J. Brunson - L. Doncic,1610612742,2021-22
203493-203939-1627827-1629029-1630182,R. Bullock - D. Powell - D. Finney-Smith - L. Doncic - J. Green,1610612742,2021-22
203493-204001-1627827-1628973-1629029,R. Bullock - K. Porzingis - D. Finney-Smith - J. Brunson - L. Doncic,1610612742,2021-22
203493-203915-1627827-1628973-1629029,R. Bullock - S. Dinwiddie - D. Finney-Smith - J. Brunson - L. Doncic,1610612742,2021-22
203493-203501-204001-1627827-1629029,R. Bullock - T. Hardaway Jr. - K. Porzingis - D. Finney-Smith - L. Doncic,1610612742,2021-22
203493-203501-204001-1628973-1629029,R. Bullock - T. Hardaway Jr. - K. Porzingis - J. Brunson - L. Doncic,1610612742,2021-22
203493-203501-1627737-1629029-1630182,R. Bullock - T. Hardaway Jr. - M. Chriss - L. Doncic - J. Green,1610612742,2021-22
203504-1627827-1628467-1629029-1630182,T. Burke - D. Finney-Smith - M. Kleber - L. Doncic - J. Green,1610612742,2021-22
203493-1627737-1627827-1629029-1630182,R. Bullock - M. Chriss - D. Finney-Smith - L. Doncic - J. Green,1610612742,2021-22
203939-204001-1627827-1628973-1629029,D. Powell - K. Porzingis - D. Finney-Smith - J. Brunson - L. Doncic,1610612742,2021-22
203501-1626161-1627827-1628973-1629029,T. Hardaway Jr. - W. Cauley-Stein - D. Finney-Smith - J. Brunson - L. Doncic,1610612742,2021-22
203493-1627827-1628467-1629029-1630182,R. Bullock - D. Finney-Smith - M. Kleber - L. Doncic - J. Green,1610612742,2021-22
203493-203939-1628467-1628973-1629029,R. Bullock - D. Powell - M. Kleber - J. Brunson - L. Doncic,1610612742,2021-22
1627827-1628467-1628973-1629029-1630182,D. Finney-Smith - M. Kleber - J. Brunson - L. Doncic - J. Green,1610612742,2021-22
203493-203915-1628467-1629029-1630182,R. Bullock - S. Dinwiddie - M. Kleber - L. Doncic - J. Green,1610612742,2021-22
203493-203501-203939-1629029-1630182,R. Bullock - T. Hardaway Jr. - D. Powell - L. Doncic - J. Green,1610612742,2021-22
203493-203501-204001-1628467-1629029,R. Bullock - T. Hardaway Jr. - K. Porzingis - M. Kleber - L. Doncic,1610612742,2021-22
203493-203501-1628467-1628973-1629029,R. Bullock - T. Hardaway Jr. - M. Kleber - J. Brunson - L. Doncic,1610612742,2021-22
203493-203939-1627827-1628373-1629029,R. Bullock - D. Powell - D. Finney-Smith - F. Ntilikina - L. Doncic,1610612742,2021-22
203493-203501-203939-1628467-1629029,R. Bullock - T. Hardaway Jr. - D. Powell - M. Kleber - L. Doncic,1610612742,2021-22
203493-203501-1628467-1629029-1630182,R. Bullock - T. Hardaway Jr. - M. Kleber - L. Doncic - J. Green,1610612742,2021-22
203915-203939-1627827-1629029-1630182,S. Dinwiddie - D. Powell - D. Finney-Smith - L. Doncic - J. Green,1610612742,2021-22
203501-1627827-1628973-1629029-1629650,T. Hardaway Jr. - D. Finney-Smith - J. Brunson - L. Doncic - M. Brown,1610612742,2021-22
203493-204001-1628467-1628973-1629029,R. Bullock - K. Porzingis - M. Kleber - J. Brunson - L. Doncic,1610612742,2021-22
203493-1626161-1627827-1628373-1629029,R. Bullock - W. Cauley-Stein - D. Finney-Smith - F. Ntilikina - L. Doncic,1610612742,2021-22
203915-203939-1627827-1628467-1629029,S. Dinwiddie - D. Powell - D. Finney-Smith - M. Kleber - L. Doncic,1610612742,2021-22
202722-1627827-1628467-1629029-1630182,D. Bertans - D. Finney-Smith - M. Kleber - L. Doncic - J. Green,1610612742,2021-22
202722-203915-1627827-1628467-1629029,D. Bertans - S. Dinwiddie - D. Finney-Smith - M. Kleber - L. Doncic,1610612742,2021-22
203493-1627737-1628373-1629029-1630182,R. Bullock - M. Chriss - F. Ntilikina - L. Doncic - J. Green,1610612742,2021-22
203493-203504-1628467-1629029-1630182,R. Bullock - T. Burke - M. Kleber - L. Doncic - J. Green,1610612742,2021-22
203493-203501-1627827-1628467-1629029,R. Bullock - T. Hardaway Jr. - D. Finney-Smith - M. Kleber - L. Doncic,1610612742,2021-22
203501-1626246-1627827-1628973-1629029,T. Hardaway Jr. - B. Marjanovic - D. Finney-Smith - J. Brunson - L. Doncic,1610612742,2021-22
203501-204001-1627827-1629029-1629650,T. Hardaway Jr. - K. Porzingis - D. Finney-Smith - L. Doncic - M. Brown,1610612742,2021-22
203501-204001-1628425-1629029-1630182,T. Hardaway Jr. - K. Porzingis - S. Brown - L. Doncic - J. Green,1610612742,2021-22
203501-1628467-1628973-1629029-1629650,T. Hardaway Jr. - M. Kleber - J. Brunson - L. Doncic - M. Brown,1610612742,2021-22
203501-1628425-1628467-1628973-1629029,T. Hardaway Jr. - S. Brown - M. Kleber - J. Brunson - L. Doncic,1610612742,2021-22
203501-1626161-1628467-1628973-1629029,T. Hardaway Jr. - W. Cauley-Stein - M. Kleber - J. Brunson - L. Doncic,1610612742,2021-22
202722-203493-203939-1627827-1629029,D. Bertans - R. Bullock - D. Powell - D. Finney-Smith - L. Doncic,1610612742,2021-22
202722-203493-203915-1627827-1629029,D. Bertans - R. Bullock - S. Dinwiddie - D. Finney-Smith - L. Doncic,1610612742,2021-22
203939-1627827-1628373-1628973-1629029,D. Powell - D. Finney-Smith - F. Ntilikina - J. Brunson - L. Doncic,1610612742,2021-22
203493-203915-1627737-1627827-1629029,R. Bullock - S. Dinwiddie - M. Chriss - D. Finney-Smith - L. Doncic,1610612742,2021-22
203493-203501-1627737-1628425-1629029,R. Bullock - T. Hardaway Jr. - M. Chriss - S. Brown - L. Doncic,1610612742,2021-22
203501-204001-1628467-1629029-1630182,T. Hardaway Jr. - K. Porzingis - M. Kleber - L. Doncic - J. Green,1610612742,2021-22
1627737-1627827-1628973-1629029-1630182,M. Chriss - D. Finney-Smith - J. Brunson - L. Doncic - J. Green,1610612742,2021-22
1627737-1627827-1628467-1628973-1629029,M. Chriss - D. Finney-Smith - M. Kleber - J. Brunson - L. Doncic,1610612742,2021-22
203493-204001-1627827-1628467-1629029,R. Bullock - K. Porzingis - D. Finney-Smith - M. Kleber - L. Doncic,1610612742,2021-22
203493-204001-1628467-1629029-1630182,R. Bullock - K. Porzingis - M. Kleber - L. Doncic - J. Green,1610612742,2021-22
203493-1627737-1628973-1629029-1630182,R. Bullock - M. Chriss - J. Brunson - L. Doncic - J. Green,1610612742,2021-22
203493-203915-1627737-1628467-1629029,R. Bullock - S. Dinwiddie - M. Chriss - M. Kleber - L. Doncic,1610612742,2021-22
203915-1627737-1627827-1629029-1630182,S. Dinwiddie - M. Chriss - D. Finney-Smith - L. Doncic - J. Green,1610612742,2021-22
203501-1627827-1628425-1628467-1629029,T. Hardaway Jr. - D. Finney-Smith - S. Brown - M. Kleber - L. Doncic,1610612742,2021-22
203501-203939-1627827-1628373-1629029,T. Hardaway Jr. - D. Powell - D. Finney-Smith - F. Ntilikina - L. Doncic,1610612742,2021-22
203501-203939-204001-1628973-1629029,T. Hardaway Jr. - D. Powell - K. Porzingis - J. Brunson - L. Doncic,1610612742,2021-22
203501-203939-1628467-1629029-1630182,T. Hardaway Jr. - D. Powell - M. Kleber - L. Doncic - J. Green,1610612742,2021-22
203501-204001-1628373-1628467-1629029,T. Hardaway Jr. - K. Porzingis - F. Ntilikina - M. Kleber - L. Doncic,1610612742,2021-22
203501-204001-1628973-1629029-1630182,T. Hardaway Jr. - K. Porzingis - J. Brunson - L. Doncic - J. Green,1610612742,2021-22
203501-204001-1628467-1628973-1629029,T. Hardaway Jr. - K. Porzingis - M. Kleber - J. Brunson - L. Doncic,1610612742,2021-22
202722-203493-203915-1629029-1630182,D. Bertans - R. Bullock - S. Dinwiddie - L. Doncic - J. Green,1610612742,2021-22
202722-203915-1628425-1629029-1630182,D. Bertans - S. Dinwiddie - S. Brown - L. Doncic - J. Green,1610612742,2021-22
203939-1627827-1628425-1628973-1629029,D. Powell - D. Finney-Smith - S. Brown - J. Brunson - L. Doncic,1610612742,2021-22
203493-1627827-1628973-1629029-1630182,R. Bullock - D. Finney-Smith - J. Brunson - L. Doncic - J. Green,1610612742,2021-22
203493-203939-1628973-1629029-1630182,R. Bullock - D. Powell - J. Brunson - L. Doncic - J. Green,1610612742,2021-22
203493-204001-1628373-1628973-1629029,R. Bullock - K. Porzingis - F. Ntilikina - J. Brunson - L. Doncic,1610612742,2021-22
203493-1627737-1628425-1629029-1630182,R. Bullock - M. Chriss - S. Brown - L. Doncic - J. Green,1610612742,2021-22
203493-203915-1628467-1628973-1629029,R. Bullock - S. Dinwiddie - M. Kleber - J. Brunson - L. Doncic,1610612742,2021-22
203915-203939-1628467-1628973-1629029,S. Dinwiddie - D. Powell - M. Kleber - J. Brunson - L. Doncic,1610612742,2021-22
203915-1628425-1628467-1629029-1630182,S. Dinwiddie - S. Brown - M. Kleber - L. Doncic - J. Green,1610612742,2021-22
203504-203939-1627827-1629029-1630182,T. Burke - D. Powell - D. Finney-Smith - L. Doncic - J. Green,1610612742,2021-22
203501-204001-1627827-1628373-1629029,T. Hardaway Jr. - K. Porzingis - D. Finney-Smith - F. Ntilikina - L. Doncic,1610612742,2021-22
203501-204001-1628373-1628973-1629029,T. Hardaway Jr. - K. Porzingis - F. Ntilikina - J. Brunson - L. Doncic,1610612742,2021-22
203501-1626161-1627827-1628467-1629029,T. Hardaway Jr. - W. Cauley-Stein - D. Finney-Smith - M. Kleber - L. Doncic,1610612742,2021-22
202722-203493-1627827-1628973-1629029,D. Bertans - R. Bullock - D. Finney-Smith - J. Brunson - L. Doncic,1610612742,2021-22
202722-203915-203939-1629029-1630182,D. Bertans - S. Dinwiddie - D. Powell - L. Doncic - J. Green,1610612742,2021-22
202722-203504-203915-1628425-1629029,D. Bertans - T. Burke - S. Dinwiddie - S. Brown - L. Doncic,1610612742,2021-22
1627827-1628373-1628467-1629029-1630182,D. Finney-Smith - F. Ntilikina - M. Kleber - L. Doncic - J. Green,1610612742,2021-22
203939-1628425-1628467-1628973-1629029,D. Powell - S. Brown - M. Kleber - J. Brunson - L. Doncic,1610612742,2021-22
203493-203939-1628373-1629029-1630182,R. Bullock - D. Powell - F. Ntilikina - L. Doncic - J. Green,1610612742,2021-22
203493-1628425-1628467-1628973-1629029,R. Bullock - S. Brown - M. Kleber - J. Brunson - L. Doncic,1610612742,2021-22
203493-203504-203939-1629029-1630182,R. Bullock - T. Burke - D. Powell - L. Doncic - J. Green,1610612742,2021-22
203493-1626161-1628425-1628973-1629029,R. Bullock - W. Cauley-Stein - S. Brown - J. Brunson - L. Doncic,1610612742,2021-22
203504-204001-1628467-1628973-1629029,T. Burke - K. Porzingis - M. Kleber - J. Brunson - L. Doncic,1610612742,2021-22
204001-1626196-1627827-1628467-1629029,K. Porzingis - J. Richardson - D. Finney-Smith - M. Kleber - L. Doncic,1610612742,2020-21
203501-1626161-1626196-1627827-1629029,T. Hardaway Jr. - W. Cauley-Stein - J. Richardson - D. Finney-Smith - L. Doncic,1610612742,2020-21
203501-203939-1626196-1627827-1629029,T. Hardaway Jr. - D. Powell - J. Richardson - D. Finney-Smith - L. Doncic,1610612742,2020-21
203501-204001-1626196-1627827-1629029,T. Hardaway Jr. - K. Porzingis - J. Richardson - D. Finney-Smith - L. Doncic,1610612742,2020-21
203501-1626161-1627827-1628973-1629029,T. Hardaway Jr. - W. Cauley-Stein - D. Finney-Smith - J. Brunson - L. Doncic,1610612742,2020-21
203501-204001-1626196-1628467-1629029,T. Hardaway Jr. - K. Porzingis - J. Richardson - M. Kleber - L. Doncic,1610612742,2020-21
203501-204001-1627827-1628973-1629029,T. Hardaway Jr. - K. Porzingis - D. Finney-Smith - J. Brunson - L. Doncic,1610612742,2020-21
203501-203939-1628467-1628973-1629029,T. Hardaway Jr. - D. Powell - M. Kleber - J. Brunson - L. Doncic,1610612742,2020-21
203939-1626196-1627827-1628467-1629029,D. Powell - J. Richardson - D. Finney-Smith - M. Kleber - L. Doncic,1610612742,2020-21
203501-203939-204001-1627827-1629029,T. Hardaway Jr. - D. Powell - K. Porzingis - D. Finney-Smith - L. Doncic,1610612742,2020-21
1626161-1626196-1627827-1628467-1629029,W. Cauley-Stein - J. Richardson - D. Finney-Smith - M. Kleber - L. Doncic,1610612742,2020-21
204001-1626196-1627827-1628973-1629029,K. Porzingis - J. Richardson - D. Finney-Smith - J. Brunson - L. Doncic,1610612742,2020-21
203501-1626161-1628467-1628973-1629029,T. Hardaway Jr. - W. Cauley-Stein - M. Kleber - J. Brunson - L. Doncic,1610612742,2020-21
203501-204001-1626161-1628973-1629029,T. Hardaway Jr. - K. Porzingis - W. Cauley-Stein - J. Brunson - L. Doncic,1610612742,2020-21
201949-203501-203504-1626161-1629029,J. Johnson - T. Hardaway Jr. - T. Burke - W. Cauley-Stein - L. Doncic,1610612742,2020-21
203501-1626196-1627827-1628467-1629029,T. Hardaway Jr. - J. Richardson - D. Finney-Smith - M. Kleber - L. Doncic,1610612742,2020-21
203504-1626161-1626196-1628467-1629029,T. Burke - W. Cauley-Stein - J. Richardson - M. Kleber - L. Doncic,1610612742,2020-21
203501-204001-1626161-1628411-1629029,T. Hardaway Jr. - K. Porzingis - W. Cauley-Stein - W. Iwundu - L. Doncic,1610612742,2020-21
203501-203504-1626161-1627827-1629029,T. Hardaway Jr. - T. Burke - W. Cauley-Stein - D. Finney-Smith - L. Doncic,1610612742,2020-21
203939-204001-1626196-1627827-1629029,D. Powell - K. Porzingis - J. Richardson - D. Finney-Smith - L. Doncic,1610612742,2020-21
201949-203504-1626161-1628411-1629029,J. Johnson - T. Burke - W. Cauley-Stein - W. Iwundu - L. Doncic,1610612742,2020-21
203501-204001-1627827-1628467-1629029,T. Hardaway Jr. - K. Porzingis - D. Finney-Smith - M. Kleber - L. Doncic,1610612742,2020-21
203501-203939-1627827-1628467-1629029,T. Hardaway Jr. - D. Powell - D. Finney-Smith - M. Kleber - L. Doncic,1610612742,2020-21
203501-203939-1627827-1628973-1629029,T. Hardaway Jr. - D. Powell - D. Finney-Smith - J. Brunson - L. Doncic,1610612742,2020-21
201949-203501-1626161-1628973-1629029,J. Johnson - T. Hardaway Jr. - W. Cauley-Stein - J. Brunson - L. Doncic,1610612742,2020-21
203504-203939-1626196-1628467-1629029,T. Burke - D. Powell - J. Richardson - M. Kleber - L. Doncic,1610612742,2020-21
204001-1626196-1627827-1629029-1629740,K. Porzingis - J. Richardson - D. Finney-Smith - L. Doncic - N. Melli,1610612742,2020-21
203501-204001-1628973-1629029-1630182,T. Hardaway Jr. - K. Porzingis - J. Brunson - L. Doncic - J. Green,1610612742,2020-21
203501-1627827-1628467-1628973-1629029,T. Hardaway Jr. - D. Finney-Smith - M. Kleber - J. Brunson - L. Doncic,1610612742,2020-21
203501-203939-1626196-1629029-1629740,T. Hardaway Jr. - D. Powell - J. Richardson - L. Doncic - N. Melli,1610612742,2020-21
1626196-1627827-1628467-1628973-1629029,J. Richardson - D. Finney-Smith - M. Kleber - J. Brunson - L. Doncic,1610612742,2020-21
204001-1627827-1628467-1628973-1629029,K. Porzingis - D. Finney-Smith - M. Kleber - J. Brunson - L. Doncic,1610612742,2020-21
203504-203939-1628467-1628973-1629029,T. Burke - D. Powell - M. Kleber - J. Brunson - L. Doncic,1610612742,2020-21
203501-203939-1626196-1628467-1629029,T. Hardaway Jr. - D. Powell - J. Richardson - M. Kleber - L. Doncic,1610612742,2020-21
203939-1627827-1628973-1629029-1629740,D. Powell - D. Finney-Smith - J. Brunson - L. Doncic - N. Melli,1610612742,2020-21
203939-1626196-1628467-1628973-1629029,D. Powell - J. Richardson - M. Kleber - J. Brunson - L. Doncic,1610612742,2020-21
201949-203501-203939-1628973-1629029,J. Johnson - T. Hardaway Jr. - D. Powell - J. Brunson - L. Doncic,1610612742,2020-21
201949-203501-203504-204001-1629029,J. Johnson - T. Hardaway Jr. - T. Burke - K. Porzingis - L. Doncic,1610612742,2020-21
203504-203939-1627827-1628467-1629029,T. Burke - D. Powell - D. Finney-Smith - M. Kleber - L. Doncic,1610612742,2020-21
203501-204001-1628467-1628973-1629029,T. Hardaway Jr. - K. Porzingis - M. Kleber - J. Brunson - L. Doncic,1610612742,2020-21
203501-203504-203939-1627827-1629029,T. Hardaway Jr. - T. Burke - D. Powell - D. Finney-Smith - L. Doncic,1610612742,2020-21
1626161-1626196-1627827-1628973-1629029,W. Cauley-Stein - J. Richardson - D. Finney-Smith - J. Brunson - L. Doncic,1610612742,2020-21
201949-203504-1626246-1629029-1630182,J. Johnson - T. Burke - B. Marjanovic - L. Doncic - J. Green,1610612742,2020-21
200755-203501-203939-1628467-1629029,J. Redick - T. Hardaway Jr. - D. Powell - M. Kleber - L. Doncic,1610612742,2020-21
203501-203939-1627827-1629029-1630182,T. Hardaway Jr. - D. Powell - D. Finney-Smith - L. Doncic - J. Green,1610612742,2020-21
203501-203939-1628973-1629029-1629740,T. Hardaway Jr. - D. Powell - J. Brunson - L. Doncic - N. Melli,1610612742,2020-21
203501-203939-1626196-1628973-1629029,T. Hardaway Jr. - D. Powell - J. Richardson - J. Brunson - L. Doncic,1610612742,2020-21
203501-1626196-1626246-1627827-1629029,T. Hardaway Jr. - J. Richardson - B. Marjanovic - D. Finney-Smith - L. Doncic,1610612742,2020-21
203501-1626161-1626196-1628467-1629029,T. Hardaway Jr. - W. Cauley-Stein - J. Richardson - M. Kleber - L. Doncic,1610612742,2020-21
201949-203939-1626196-1627827-1629029,J. Johnson - D. Powell - J. Richardson - D. Finney-Smith - L. Doncic,1610612742,2020-21
201949-203504-1626161-1628973-1629029,J. Johnson - T. Burke - W. Cauley-Stein - J. Brunson - L. Doncic,1610612742,2020-21
203501-1626246-1627827-1629029-1629740,T. Hardaway Jr. - B. Marjanovic - D. Finney-Smith - L. Doncic - N. Melli,1610612742,2020-21
203501-203504-203939-1628467-1629029,T. Hardaway Jr. - T. Burke - D. Powell - M. Kleber - L. Doncic,1610612742,2020-21
1626196-1627827-1628467-1629029-1629740,J. Richardson - D. Finney-Smith - M. Kleber - L. Doncic - N. Melli,1610612742,2020-21
203501-203504-1626161-1628467-1629029,T. Hardaway Jr. - T. Burke - W. Cauley-Stein - M. Kleber - L. Doncic,1610612742,2020-21
200755-203501-1626161-1627827-1629029,J. Redick - T. Hardaway Jr. - W. Cauley-Stein - D. Finney-Smith - L. Doncic,1610612742,2020-21
1626196-1626246-1627827-1628467-1629029,J. Richardson - B. Marjanovic - D. Finney-Smith - M. Kleber - L. Doncic,1610612742,2020-21
204001-1626161-1628411-1629029-1630182,K. Porzingis - W. Cauley-Stein - W. Iwundu - L. Doncic - J. Green,1610612742,2020-21
203501-1626246-1627827-1628973-1629029,T. Hardaway Jr. - B. Marjanovic - D. Finney-Smith - J. Brunson - L. Doncic,1610612742,2020-21
203501-203504-1626196-1628467-1629029,T. Hardaway Jr. - T. Burke - J. Richardson - M. Kleber - L. Doncic,1610612742,2020-21
203501-1626161-1628467-1629029-1630182,T. Hardaway Jr. - W. Cauley-Stein - M. Kleber - L. Doncic - J. Green,1610612742,2020-21
203939-1627827-1628467-1628973-1629029,D. Powell - D. Finney-Smith - M. Kleber - J. Brunson - L. Doncic,1610612742,2020-21
203939-1626196-1627827-1628973-1629029,D. Powell - J. Richardson - D. Finney-Smith - J. Brunson - L. Doncic,1610612742,2020-21
201949-203504-204001-1628411-1629029,J. Johnson - T. Burke - K. Porzingis - W. Iwundu - L. Doncic,1610612742,2020-21
201949-203501-204001-1628973-1629029,J. Johnson - T. Hardaway Jr. - K. Porzingis - J. Brunson - L. Doncic,1610612742,2020-21
201949-203501-1626161-1628411-1629029,J. Johnson - T. Hardaway Jr. - W. Cauley-Stein - W. Iwundu - L. Doncic,1610612742,2020-21
201949-1626161-1626196-1627827-1629029,J. Johnson - W. Cauley-Stein - J. Richardson - D. Finney-Smith - L. Doncic,1610612742,2020-21
200755-203939-1627827-1628467-1629029,J. Redick - D. Powell - D. Finney-Smith - M. Kleber - L. Doncic,1610612742,2020-21
203504-1626161-1627827-1628467-1629029,T. Burke - W. Cauley-Stein - D. Finney-Smith - M. Kleber - L. Doncic,1610612742,2020-21
203501-203939-204001-1628973-1629029,T. Hardaway Jr. - D. Powell - K. Porzingis - J. Brunson - L. Doncic,1610612742,2020-21
203501-1626161-1627827-1628467-1629029,T. Hardaway Jr. - W. Cauley-Stein - D. Finney-Smith - M. Kleber - L. Doncic,1610612742,2020-21
1626161-1627827-1628467-1628973-1629029,W. Cauley-Stein - D. Finney-Smith - M. Kleber - J. Brunson - L. Doncic,1610612742,2020-21
203504-203939-1626196-1629029-1629740,T. Burke - D. Powell - J. Richardson - L. Doncic - N. Melli,1610612742,2020-21
203504-204001-1626161-1628411-1629029,T. Burke - K. Porzingis - W. Cauley-Stein - W. Iwundu - L. Doncic,1610612742,2020-21
203501-1626196-1628467-1628973-1629029,T. Hardaway Jr. - J. Richardson - M. Kleber - J. Brunson - L. Doncic,1610612742,2020-21
203501-1626161-1628973-1629029-1629740,T. Hardaway Jr. - W. Cauley-Stein - J. Brunson - L. Doncic - N. Melli,1610612742,2020-21
1626246-1627827-1628973-1629029-1630182,B. Marjanovic - D. Finney-Smith - J. Brunson - L. Doncic - J. Green,1610612742,2020-21
203939-1628973-1629029-1629740-1630182,D. Powell - J. Brunson - L. Doncic - N. Melli - J. Green,1610612742,2020-21
203939-204001-1627827-1628973-1629029,D. Powell - K. Porzingis - D. Finney-Smith - J. Brunson - L. Doncic,1610612742,2020-21
201949-1626196-1627827-1628467-1629029,J. Johnson - J. Richardson - D. Finney-Smith - M. Kleber - L. Doncic,1610612742,2020-21
201949-203504-1626246-1628973-1629029,J. Johnson - T. Burke - B. Marjanovic - J. Brunson - L. Doncic,1610612742,2020-21
201949-203504-203939-1628411-1629029,J. Johnson - T. Burke - D. Powell - W. Iwundu - L. Doncic,1610612742,2020-21
201949-203504-204001-1628973-1629029,J. Johnson - T. Burke - K. Porzingis - J. Brunson - L. Doncic,1610612742,2020-21
201949-203504-1626161-1629029-1630182,J. Johnson - T. Burke - W. Cauley-Stein - L. Doncic - J. Green,1610612742,2020-21
201949-203501-203504-1626246-1629029,J. Johnson - T. Hardaway Jr. - T. Burke - B. Marjanovic - L. Doncic,1610612742,2020-21
200755-1626246-1627827-1628973-1629029,J. Redick - B. Marjanovic - D. Finney-Smith - J. Brunson - L. Doncic,1610612742,2020-21
200755-1626196-1626246-1629029-1630182,J. Redick - J. Richardson - B. Marjanovic - L. Doncic - J. Green,1610612742,2020-21
200755-204001-1626196-1627827-1629029,J. Redick - K. Porzingis - J. Richardson - D. Finney-Smith - L. Doncic,1610612742,2020-21
203504-1626246-1629029-1629740-1630182,T. Burke - B. Marjanovic - L. Doncic - N. Melli - J. Green,1610612742,2020-21
203504-1627827-1628467-1628973-1629029,T. Burke - D. Finney-Smith - M. Kleber - J. Brunson - L. Doncic,1610612742,2020-21
203504-203939-1626196-1627827-1629029,T. Burke - D. Powell - J. Richardson - D. Finney-Smith - L. Doncic,1610612742,2020-21
203501-204001-1628411-1628973-1629029,T. Hardaway Jr. - K. Porzingis - W. Iwundu - J. Brunson - L. Doncic,1610612742,2020-21
203501-1626161-1628973-1629029-1630182,T. Hardaway Jr. - W. Cauley-Stein - J. Brunson - L. Doncic - J. Green,1610612742,2020-21
1626161-1626196-1628973-1629029-1629740,W. Cauley-Stein - J. Richardson - J. Brunson - L. Doncic - N. Melli,1610612742,2020-21
1627827-1628467-1628973-1629029-1629740,D. Finney-Smith - M. Kleber - J. Brunson - L. Doncic - N. Melli,1610612742,2020-21
201949-203504-1626246-1628411-1629029,J. Johnson - T. Burke - B. Marjanovic - W. Iwundu - L. Doncic,1610612742,2020-21
201949-203501-203504-203939-1629029,J. Johnson - T. Hardaway Jr. - T. Burke - D. Powell - L. Doncic,1610612742,2020-21
201949-203501-1626161-1629029-1630182,J. Johnson - T. Hardaway Jr. - W. Cauley-Stein - L. Doncic - J. Green,1610612742,2020-21
201949-1626161-1627827-1628973-1629029,J. Johnson - W. Cauley-Stein - D. Finney-Smith - J. Brunson - L. Doncic,1610612742,2020-21
203504-1626246-1628467-1628973-1629029,T. Burke - B. Marjanovic - M. Kleber - J. Brunson - L. Doncic,1610612742,2020-21
203504-203939-1628411-1628467-1629029,T. Burke - D. Powell - W. Iwundu - M. Kleber - L. Doncic,1610612742,2020-21
203504-1626196-1626246-1628467-1629029,T. Burke - J. Richardson - B. Marjanovic - M. Kleber - L. Doncic,1610612742,2020-21
203504-204001-1626196-1627827-1629029,T. Burke - K. Porzingis - J. Richardson - D. Finney-Smith - L. Doncic,1610612742,2020-21
203504-1626161-1628467-1628973-1629029,T. Burke - W. Cauley-Stein - M. Kleber - J. Brunson - L. Doncic,1610612742,2020-21
203501-203504-204001-1628973-1629029,T. Hardaway Jr. - T. Burke - K. Porzingis - J. Brunson - L. Doncic,1610612742,2020-21
203501-203504-204001-1628411-1629029,T. Hardaway Jr. - T. Burke - K. Porzingis - W. Iwundu - L. Doncic,1610612742,2020-21
203501-1626161-1627827-1629029-1629740,T. Hardaway Jr. - W. Cauley-Stein - D. Finney-Smith - L. Doncic - N. Melli,1610612742,2020-21
1626161-1628411-1628467-1628973-1629029,W. Cauley-Stein - W. Iwundu - M. Kleber - J. Brunson - L. Doncic,1610612742,2020-21
201949-203939-1627827-1628973-1629029,J. Johnson - D. Powell - D. Finney-Smith - J. Brunson - L. Doncic,1610612742,2020-21
201949-203504-203939-1628973-1629029,J. Johnson - T. Burke - D. Powell - J. Brunson - L. Doncic,1610612742,2020-21
201949-203504-1628411-1629029-1630182,J. Johnson - T. Burke - W. Iwundu - L. Doncic - J. Green,1610612742,2020-21
200755-203939-1629029-1629740-1630182,J. Redick - D. Powell - L. Doncic - N. Melli - J. Green,1610612742,2020-21
1626196-1627827-1628973-1629029-1629740,J. Richardson - D. Finney-Smith - J. Brunson - L. Doncic - N. Melli,1610612742,2020-21
1626196-1628411-1628467-1628973-1629029,J. Richardson - W. Iwundu - M. Kleber - J. Brunson - L. Doncic,1610612742,2020-21
204001-1626196-1628467-1628973-1629029,K. Porzingis - J. Richardson - M. Kleber - J. Brunson - L. Doncic,1610612742,2020-21
203504-203939-1627827-1628973-1629029,T. Burke - D. Powell - D. Finney-Smith - J. Brunson - L. Doncic,1610612742,2020-21
203504-203939-1628467-1629029-1630182,T. Burke - D. Powell - M. Kleber - L. Doncic - J. Green,1610612742,2020-21
203504-204001-1626161-1628973-1629029,T. Burke - K. Porzingis - W. Cauley-Stein - J. Brunson - L. Doncic,1610612742,2020-21
203501-1626246-1628411-1628973-1629029,T. Hardaway Jr. - B. Marjanovic - W. Iwundu - J. Brunson - L. Doncic,1610612742,2020-21
203501-203939-1627827-1629029-1629740,T. Hardaway Jr. - D. Powell - D. Finney-Smith - L. Doncic - N. Melli,1610612742,2020-21
203501-203504-203939-1628411-1629029,T. Hardaway Jr. - T. Burke - D. Powell - W. Iwundu - L. Doncic,1610612742,2020-21
203501-203504-1626161-1628411-1629029,T. Hardaway Jr. - T. Burke - W. Cauley-Stein - W. Iwundu - L. Doncic,1610612742,2020-21
1626161-1626196-1628467-1628973-1629029,W. Cauley-Stein - J. Richardson - M. Kleber - J. Brunson - L. Doncic,1610612742,2020-21
203939-1626196-1629029-1629740-1630182,D. Powell - J. Richardson - L. Doncic - N. Melli - J. Green,1610612742,2020-21
201949-204001-1626196-1627827-1629029,J. Johnson - K. Porzingis - J. Richardson - D. Finney-Smith - L. Doncic,1610612742,2020-21
201949-203504-1626196-1628467-1629029,J. Johnson - T. Burke - J. Richardson - M. Kleber - L. Doncic,1610612742,2020-21
201949-203504-204001-1629029-1630182,J. Johnson - T. Burke - K. Porzingis - L. Doncic - J. Green,1610612742,2020-21
201949-203501-203504-1628973-1629029,J. Johnson - T. Hardaway Jr. - T. Burke - J. Brunson - L. Doncic,1610612742,2020-21
200755-203939-204001-1627827-1629029,J. Redick - D. Powell - K. Porzingis - D. Finney-Smith - L. Doncic,1610612742,2020-21
200755-203501-1627827-1628467-1629029,J. Redick - T. Hardaway Jr. - D. Finney-Smith - M. Kleber - L. Doncic,1610612742,2020-21
204001-1626161-1626196-1627827-1629029,K. Porzingis - W. Cauley-Stein - J. Richardson - D. Finney-Smith - L. Doncic,1610612742,2020-21
203504-1626246-1627827-1629029-1629740,T. Burke - B. Marjanovic - D. Finney-Smith - L. Doncic - N. Melli,1610612742,2020-21
203504-1626161-1629029-1629740-1630182,T. Burke - W. Cauley-Stein - L. Doncic - N. Melli - J. Green,1610612742,2020-21
203501-203939-204001-1626196-1629029,T. Hardaway Jr. - D. Powell - K. Porzingis - J. Richardson - L. Doncic,1610612742,2020-21
203501-203939-1628467-1629029-1630182,T. Hardaway Jr. - D. Powell - M. Kleber - L. Doncic - J. Green,1610612742,2020-21
203501-1626161-1628411-1628467-1629029,T. Hardaway Jr. - W. Cauley-Stein - W. Iwundu - M. Kleber - L. Doncic,1610612742,2020-21
203501-203939-204001-1627827-1629029,T. Hardaway Jr. - D. Powell - K. Porzingis - D. Finney-Smith - L. Doncic,1610612742,2019-20
203501-203552-204001-1627827-1629029,T. Hardaway Jr. - S. Curry - K. Porzingis - D. Finney-Smith - L. Doncic,1610612742,2019-20
203501-203939-1627827-1628467-1629029,T. Hardaway Jr. - D. Powell - D. Finney-Smith - M. Kleber - L. Doncic,1610612742,2019-20
203501-204001-1627827-1628467-1629029,T. Hardaway Jr. - K. Porzingis - D. Finney-Smith - M. Kleber - L. Doncic,1610612742,2019-20
203552-204001-1627827-1628467-1629029,S. Curry - K. Porzingis - D. Finney-Smith - M. Kleber - L. Doncic,1610612742,2019-20
203552-203939-204001-1627827-1629029,S. Curry - D. Powell - K. Porzingis - D. Finney-Smith - L. Doncic,1610612742,2019-20
203501-203552-204001-1628467-1629029,T. Hardaway Jr. - S. Curry - K. Porzingis - M. Kleber - L. Doncic,1610612742,2019-20
203552-1626153-1627827-1628467-1629029,S. Curry - D. Wright - D. Finney-Smith - M. Kleber - L. Doncic,1610612742,2019-20
203501-1626153-1627827-1628467-1629029,T. Hardaway Jr. - D. Wright - D. Finney-Smith - M. Kleber - L. Doncic,1610612742,2019-20
200826-203501-204001-1627827-1629029,J. Barea - T. Hardaway Jr. - K. Porzingis - D. Finney-Smith - L. Doncic,1610612742,2019-20
203501-203552-1627827-1628467-1629029,T. Hardaway Jr. - S. Curry - D. Finney-Smith - M. Kleber - L. Doncic,1610612742,2019-20
203501-203504-204001-1627827-1629029,T. Hardaway Jr. - T. Burke - K. Porzingis - D. Finney-Smith - L. Doncic,1610612742,2019-20
203501-204001-1626153-1627827-1629029,T. Hardaway Jr. - K. Porzingis - D. Wright - D. Finney-Smith - L. Doncic,1610612742,2019-20
203501-203939-1626153-1627827-1629029,T. Hardaway Jr. - D. Powell - D. Wright - D. Finney-Smith - L. Doncic,1610612742,2019-20
200826-203939-204001-1627827-1629029,J. Barea - D. Powell - K. Porzingis - D. Finney-Smith - L. Doncic,1610612742,2019-20
204001-1626153-1628467-1628973-1629029,K. Porzingis - D. Wright - M. Kleber - J. Brunson - L. Doncic,1610612742,2019-20
203552-203939-1627827-1628467-1629029,S. Curry - D. Powell - D. Finney-Smith - M. Kleber - L. Doncic,1610612742,2019-20
203501-203552-203939-204001-1629029,T. Hardaway Jr. - S. Curry - D. Powell - K. Porzingis - L. Doncic,1610612742,2019-20
203501-204001-1626153-1628467-1629029,T. Hardaway Jr. - K. Porzingis - D. Wright - M. Kleber - L. Doncic,1610612742,2019-20
203939-1627827-1628467-1628973-1629029,D. Powell - D. Finney-Smith - M. Kleber - J. Brunson - L. Doncic,1610612742,2019-20
201584-203501-204001-1628467-1629029,C. Lee - T. Hardaway Jr. - K. Porzingis - M. Kleber - L. Doncic,1610612742,2019-20
203939-1626153-1627827-1628467-1629029,D. Powell - D. Wright - D. Finney-Smith - M. Kleber - L. Doncic,1610612742,2019-20
203552-1627827-1628382-1628467-1629029,S. Curry - D. Finney-Smith - J. Jackson - M. Kleber - L. Doncic,1610612742,2019-20
203501-203504-1627827-1628467-1629029,T. Hardaway Jr. - T. Burke - D. Finney-Smith - M. Kleber - L. Doncic,1610612742,2019-20
203552-1626246-1627827-1628467-1629029,S. Curry - B. Marjanovic - D. Finney-Smith - M. Kleber - L. Doncic,1610612742,2019-20
203552-204001-1628382-1628467-1629029,S. Curry - K. Porzingis - J. Jackson - M. Kleber - L. Doncic,1610612742,2019-20
203939-204001-1626153-1627827-1629029,D. Powell - K. Porzingis - D. Wright - D. Finney-Smith - L. Doncic,1610612742,2019-20
203552-204001-1626153-1628467-1629029,S. Curry - K. Porzingis - D. Wright - M. Kleber - L. Doncic,1610612742,2019-20
200826-203939-1627827-1628467-1629029,J. Barea - D. Powell - D. Finney-Smith - M. Kleber - L. Doncic,1610612742,2019-20
201584-203501-204001-1627827-1629029,C. Lee - T. Hardaway Jr. - K. Porzingis - D. Finney-Smith - L. Doncic,1610612742,2019-20
203552-203939-204001-1628973-1629029,S. Curry - D. Powell - K. Porzingis - J. Brunson - L. Doncic,1610612742,2019-20
203552-204001-1626153-1627827-1629029,S. Curry - K. Porzingis - D. Wright - D. Finney-Smith - L. Doncic,1610612742,2019-20
201584-203501-1626246-1628467-1629029,C. Lee - T. Hardaway Jr. - B. Marjanovic - M. Kleber - L. Doncic,1610612742,2019-20
201584-203501-1627827-1628467-1629029,C. Lee - T. Hardaway Jr. - D. Finney-Smith - M. Kleber - L. Doncic,1610612742,2019-20
204001-1626153-1627827-1628467-1629029,K. Porzingis - D. Wright - D. Finney-Smith - M. Kleber - L. Doncic,1610612742,2019-20
203501-203939-1626153-1628467-1629029,T. Hardaway Jr. - D. Powell - D. Wright - M. Kleber - L. Doncic,1610612742,2019-20
201584-204001-1626153-1628467-1629029,C. Lee - K. Porzingis - D. Wright - M. Kleber - L. Doncic,1610612742,2019-20
200826-1627827-1628382-1628467-1629029,J. Barea - D. Finney-Smith - J. Jackson - M. Kleber - L. Doncic,1610612742,2019-20
200826-203501-203939-1627827-1629029,J. Barea - T. Hardaway Jr. - D. Powell - D. Finney-Smith - L. Doncic,1610612742,2019-20
203552-1626153-1628382-1628467-1629029,S. Curry - D. Wright - J. Jackson - M. Kleber - L. Doncic,1610612742,2019-20
203504-1626153-1628382-1628467-1629029,T. Burke - D. Wright - J. Jackson - M. Kleber - L. Doncic,1610612742,2019-20
203501-1626153-1628382-1628467-1629029,T. Hardaway Jr. - D. Wright - J. Jackson - M. Kleber - L. Doncic,1610612742,2019-20
203552-1627827-1628467-1628973-1629029,S. Curry - D. Finney-Smith - M. Kleber - J. Brunson - L. Doncic,1610612742,2019-20
203501-1627827-1628382-1628467-1629029,T. Hardaway Jr. - D. Finney-Smith - J. Jackson - M. Kleber - L. Doncic,1610612742,2019-20
203501-203939-204001-1626153-1629029,T. Hardaway Jr. - D. Powell - K. Porzingis - D. Wright - L. Doncic,1610612742,2019-20
1626153-1626246-1628382-1628467-1629029,D. Wright - B. Marjanovic - J. Jackson - M. Kleber - L. Doncic,1610612742,2019-20
203501-1626153-1626246-1627827-1629029,T. Hardaway Jr. - D. Wright - B. Marjanovic - D. Finney-Smith - L. Doncic,1610612742,2019-20
203501-1626153-1626246-1628467-1629029,T. Hardaway Jr. - D. Wright - B. Marjanovic - M. Kleber - L. Doncic,1610612742,2019-20
203501-204001-1627827-1628973-1629029,T. Hardaway Jr. - K. Porzingis - D. Finney-Smith - J. Brunson - L. Doncic,1610612742,2019-20
1626153-1626246-1627827-1628382-1629029,D. Wright - B. Marjanovic - D. Finney-Smith - J. Jackson - L. Doncic,1610612742,2019-20
1626153-1627827-1628467-1628973-1629029,D. Wright - D. Finney-Smith - M. Kleber - J. Brunson - L. Doncic,1610612742,2019-20
1626153-1626161-1628382-1628467-1629029,D. Wright - W. Cauley-Stein - J. Jackson - M. Kleber - L. Doncic,1610612742,2019-20
200826-203939-1627827-1628382-1629029,J. Barea - D. Powell - D. Finney-Smith - J. Jackson - L. Doncic,1610612742,2019-20
203501-203552-203939-1627827-1629029,T. Hardaway Jr. - S. Curry - D. Powell - D. Finney-Smith - L. Doncic,1610612742,2019-20
201584-203552-204001-1628467-1629029,C. Lee - S. Curry - K. Porzingis - M. Kleber - L. Doncic,1610612742,2019-20
203552-203939-1626153-1628382-1629029,S. Curry - D. Powell - D. Wright - J. Jackson - L. Doncic,1610612742,2019-20
203552-203939-1628382-1628973-1629029,S. Curry - D. Powell - J. Jackson - J. Brunson - L. Doncic,1610612742,2019-20
203552-203939-1628382-1628467-1629029,S. Curry - D. Powell - J. Jackson - M. Kleber - L. Doncic,1610612742,2019-20
203552-1626153-1626246-1628382-1629029,S. Curry - D. Wright - B. Marjanovic - J. Jackson - L. Doncic,1610612742,2019-20
203504-1626246-1628382-1628467-1629029,T. Burke - B. Marjanovic - J. Jackson - M. Kleber - L. Doncic,1610612742,2019-20
203501-1627827-1628467-1628973-1629029,T. Hardaway Jr. - D. Finney-Smith - M. Kleber - J. Brunson - L. Doncic,1610612742,2019-20
203501-1626153-1626161-1628467-1629029,T. Hardaway Jr. - D. Wright - W. Cauley-Stein - M. Kleber - L. Doncic,1610612742,2019-20
203501-203504-204001-1628467-1629029,T. Hardaway Jr. - T. Burke - K. Porzingis - M. Kleber - L. Doncic,1610612742,2019-20
201584-204001-1628382-1628467-1629029,C. Lee - K. Porzingis - J. Jackson - M. Kleber - L. Doncic,1610612742,2019-20
200826-1626153-1626246-1628382-1629029,J. Barea - D. Wright - B. Marjanovic - J. Jackson - L. Doncic,1610612742,2019-20
204001-1627827-1628467-1628973-1629029,K. Porzingis - D. Finney-Smith - M. Kleber - J. Brunson - L. Doncic,1610612742,2019-20
203552-203939-1627827-1628973-1629029,S. Curry - D. Powell - D. Finney-Smith - J. Brunson - L. Doncic,1610612742,2019-20
203552-204001-1627827-1628973-1629029,S. Curry - K. Porzingis - D. Finney-Smith - J. Brunson - L. Doncic,1610612742,2019-20
203552-204001-1627827-1628382-1629029,S. Curry - K. Porzingis - D. Finney-Smith - J. Jackson - L. Doncic,1610612742,2019-20
203501-203939-1627827-1628382-1629029,T. Hardaway Jr. - D. Powell - D. Finney-Smith - J. Jackson - L. Doncic,1610612742,2019-20
203501-203939-1626153-1628382-1629029,T. Hardaway Jr. - D. Powell - D. Wright - J. Jackson - L. Doncic,1610612742,2019-20
203501-203552-203939-1628467-1629029,T. Hardaway Jr. - S. Curry - D. Powell - M. Kleber - L. Doncic,1610612742,2019-20
201584-204001-1627827-1628973-1629029,C. Lee - K. Porzingis - D. Finney-Smith - J. Brunson - L. Doncic,1610612742,2019-20
203552-1626246-1628382-1628973-1629029,S. Curry - B. Marjanovic - J. Jackson - J. Brunson - L. Doncic,1610612742,2019-20
203552-203939-1626153-1628467-1629029,S. Curry - D. Powell - D. Wright - M. Kleber - L. Doncic,1610612742,2019-20
203501-203939-1628382-1628467-1629029,T. Hardaway Jr. - D. Powell - J. Jackson - M. Kleber - L. Doncic,1610612742,2019-20
203501-204001-1626246-1627827-1629029,T. Hardaway Jr. - K. Porzingis - B. Marjanovic - D. Finney-Smith - L. Doncic,1610612742,2019-20
203501-204001-1628382-1628467-1629029,T. Hardaway Jr. - K. Porzingis - J. Jackson - M. Kleber - L. Doncic,1610612742,2019-20
203501-203552-1626246-1627827-1629029,T. Hardaway Jr. - S. Curry - B. Marjanovic - D. Finney-Smith - L. Doncic,1610612742,2019-20
201584-203939-204001-1627827-1629029,C. Lee - D. Powell - K. Porzingis - D. Finney-Smith - L. Doncic,1610612742,2019-20
201584-1626153-1626246-1627827-1629029,C. Lee - D. Wright - B. Marjanovic - D. Finney-Smith - L. Doncic,1610612742,2019-20
203939-1626153-1627827-1628382-1629029,D. Powell - D. Wright - D. Finney-Smith - J. Jackson - L. Doncic,1610612742,2019-20
200826-203077-1626153-1628467-1629029,J. Barea - M. Kidd-Gilchrist - D. Wright - M. Kleber - L. Doncic,1610612742,2019-20
200826-203501-1627827-1628467-1629029,J. Barea - T. Hardaway Jr. - D. Finney-Smith - M. Kleber - L. Doncic,1610612742,2019-20
200826-203501-1626161-1628467-1629029,J. Barea - T. Hardaway Jr. - W. Cauley-Stein - M. Kleber - L. Doncic,1610612742,2019-20
203552-203939-1626153-1627827-1629029,S. Curry - D. Powell - D. Wright - D. Finney-Smith - L. Doncic,1610612742,2019-20
203552-1626153-1626246-1628467-1629029,S. Curry - D. Wright - B. Marjanovic - M. Kleber - L. Doncic,1610612742,2019-20
203501-203939-1627827-1628973-1629029,T. Hardaway Jr. - D. Powell - D. Finney-Smith - J. Brunson - L. Doncic,1610612742,2019-20
203501-203939-204001-1628382-1629029,T. Hardaway Jr. - D. Powell - K. Porzingis - J. Jackson - L. Doncic,1610612742,2019-20
203501-204001-1628467-1628973-1629029,T. Hardaway Jr. - K. Porzingis - M. Kleber - J. Brunson - L. Doncic,1610612742,2019-20
203501-203552-203939-1628382-1629029,T. Hardaway Jr. - S. Curry - D. Powell - J. Jackson - L. Doncic,1610612742,2019-20
201584-1626246-1627827-1628382-1629029,C. Lee - B. Marjanovic - D. Finney-Smith - J. Jackson - L. Doncic,1610612742,2019-20
201584-204001-1626153-1627827-1629029,C. Lee - K. Porzingis - D. Wright - D. Finney-Smith - L. Doncic,1610612742,2019-20
201584-204001-1626153-1626161-1629029,C. Lee - K. Porzingis - D. Wright - W. Cauley-Stein - L. Doncic,1610612742,2019-20
203939-1626153-1628382-1628467-1629029,D. Powell - D. Wright - J. Jackson - M. Kleber - L. Doncic,1610612742,2019-20
203939-204001-1626153-1628973-1629029,D. Powell - K. Porzingis - D. Wright - J. Brunson - L. Doncic,1610612742,2019-20
1626153-1626246-1627827-1628467-1629029,D. Wright - B. Marjanovic - D. Finney-Smith - M. Kleber - L. Doncic,1610612742,2019-20
200826-203501-203939-204001-1629029,J. Barea - T. Hardaway Jr. - D. Powell - K. Porzingis - L. Doncic,1610612742,2019-20
204001-1626153-1628382-1628467-1629029,K. Porzingis - D. Wright - J. Jackson - M. Kleber - L. Doncic,1610612742,2019-20
203077-1626153-1627827-1628467-1629029,M. Kidd-Gilchrist - D. Wright - D. Finney-Smith - M. Kleber - L. Doncic,1610612742,2019-20
203552-1626246-1627827-1628973-1629029,S. Curry - B. Marjanovic - D. Finney-Smith - J. Brunson - L. Doncic,1610612742,2019-20
203552-204001-1626153-1628382-1629029,S. Curry - K. Porzingis - D. Wright - J. Jackson - L. Doncic,1610612742,2019-20
203504-1626246-1628467-1628499-1629029,T. Burke - B. Marjanovic - M. Kleber - A. Cleveland - L. Doncic,1610612742,2019-20
203501-1626246-1627827-1628467-1629029,T. Hardaway Jr. - B. Marjanovic - D. Finney-Smith - M. Kleber - L. Doncic,1610612742,2019-20
203501-203939-204001-1628973-1629029,T. Hardaway Jr. - D. Powell - K. Porzingis - J. Brunson - L. Doncic,1610612742,2019-20
203501-203939-1628467-1628973-1629029,T. Hardaway Jr. - D. Powell - M. Kleber - J. Brunson - L. Doncic,1610612742,2019-20
203501-204001-1626153-1626246-1629029,T. Hardaway Jr. - K. Porzingis - D. Wright - B. Marjanovic - L. Doncic,1610612742,2019-20
203501-203552-1626153-1628467-1629029,T. Hardaway Jr. - S. Curry - D. Wright - M. Kleber - L. Doncic,1610612742,2019-20
203501-203552-1628467-1628973-1629029,T. Hardaway Jr. - S. Curry - M. Kleber - J. Brunson - L. Doncic,1610612742,2019-20
203501-203504-1626153-1628467-1629029,T. Hardaway Jr. - T. Burke - D. Wright - M. Kleber - L. Doncic,1610612742,2019-20
203077-203501-203552-204001-1629029,M. Kidd-Gilchrist - T. Hardaway Jr. - S. Curry - K. Porzingis - L. Doncic,1610612742,2019-20
203552-204001-1628467-1628973-1629029,S. Curry - K. Porzingis - M. Kleber - J. Brunson - L. Doncic,1610612742,2019-20
203501-204001-1627827-1628382-1629029,T. Hardaway Jr. - K. Porzingis - D. Finney-Smith - J. Jackson - L. Doncic,1610612742,2019-20
203501-203552-204001-1626153-1629029,T. Hardaway Jr. - S. Curry - K. Porzingis - D. Wright - L. Doncic,1610612742,2019-20
201599-202083-203084-1628372-1629029,D. Jordan - W. Matthews - H. Barnes - D. Smith Jr. - L. Doncic,1610612742,2018-19
201599-202083-203084-1628973-1629029,D. Jordan - W. Matthews - H. Barnes - J. Brunson - L. Doncic,1610612742,2018-19
201599-203084-1627827-1628372-1629029,D. Jordan - H. Barnes - D. Finney-Smith - D. Smith Jr. - L. Doncic,1610612742,2018-19
201599-202083-203084-1628467-1629029,D. Jordan - W. Matthews - H. Barnes - M. Kleber - L. Doncic,1610612742,2018-19
201599-202083-1627827-1628372-1629029,D. Jordan - W. Matthews - D. Finney-Smith - D. Smith Jr. - L. Doncic,1610612742,2018-19
1717-203501-203939-1628973-1629029,D. Nowitzki - T. Hardaway Jr. - D. Powell - J. Brunson - L. Doncic,1610612742,2018-19
203501-203939-1627827-1628973-1629029,T. Hardaway Jr. - D. Powell - D. Finney-Smith - J. Brunson - L. Doncic,1610612742,2018-19
201599-202083-203084-1627827-1629029,D. Jordan - W. Matthews - H. Barnes - D. Finney-Smith - L. Doncic,1610612742,2018-19
201599-203084-1628372-1628467-1629029,D. Jordan - H. Barnes - D. Smith Jr. - M. Kleber - L. Doncic,1610612742,2018-19
203501-1627827-1628467-1628973-1629029,T. Hardaway Jr. - D. Finney-Smith - M. Kleber - J. Brunson - L. Doncic,1610612742,2018-19
200826-201599-203084-1627827-1629029,J. Barea - D. Jordan - H. Barnes - D. Finney-Smith - L. Doncic,1610612742,2018-19
203939-1628382-1628467-1628973-1629029,D. Powell - J. Jackson - M. Kleber - J. Brunson - L. Doncic,1610612742,2018-19
200826-201599-202083-203084-1629029,J. Barea - D. Jordan - W. Matthews - H. Barnes - L. Doncic,1610612742,2018-19
1717-203939-1628382-1628973-1629029,D. Nowitzki - D. Powell - J. Jackson - J. Brunson - L. Doncic,1610612742,2018-19
203939-1627827-1628467-1628973-1629029,D. Powell - D. Finney-Smith - M. Kleber - J. Brunson - L. Doncic,1610612742,2018-19
203084-1627827-1628467-1628973-1629029,H. Barnes - D. Finney-Smith - M. Kleber - J. Brunson - L. Doncic,1610612742,2018-19
201599-203084-1627827-1628973-1629029,D. Jordan - H. Barnes - D. Finney-Smith - J. Brunson - L. Doncic,1610612742,2018-19
1717-2734-203939-1628382-1629029,D. Nowitzki - D. Harris - D. Powell - J. Jackson - L. Doncic,1610612742,2018-19
203501-203939-1628467-1628973-1629029,T. Hardaway Jr. - D. Powell - M. Kleber - J. Brunson - L. Doncic,1610612742,2018-19
1717-2734-203939-1627827-1629029,D. Nowitzki - D. Harris - D. Powell - D. Finney-Smith - L. Doncic,1610612742,2018-19
2734-203939-1627827-1628467-1629029,D. Harris - D. Powell - D. Finney-Smith - M. Kleber - L. Doncic,1610612742,2018-19
1717-203939-1627827-1628973-1629029,D. Nowitzki - D. Powell - D. Finney-Smith - J. Brunson - L. Doncic,1610612742,2018-19
201599-203084-1628467-1628973-1629029,D. Jordan - H. Barnes - M. Kleber - J. Brunson - L. Doncic,1610612742,2018-19
200826-201599-202083-1627827-1629029,J. Barea - D. Jordan - W. Matthews - D. Finney-Smith - L. Doncic,1610612742,2018-19
1717-2734-1627827-1628467-1629029,D. Nowitzki - D. Harris - D. Finney-Smith - M. Kleber - L. Doncic,1610612742,2018-19
1717-2734-203501-203939-1629029,D. Nowitzki - D. Harris - T. Hardaway Jr. - D. Powell - L. Doncic,1610612742,2018-19
1717-203501-203939-1627827-1629029,D. Nowitzki - T. Hardaway Jr. - D. Powell - D. Finney-Smith - L. Doncic,1610612742,2018-19
1627827-1628382-1628467-1628973-1629029,D. Finney-Smith - J. Jackson - M. Kleber - J. Brunson - L. Doncic,1610612742,2018-19
1626257-1628382-1628467-1628973-1629029,S. Mejri - J. Jackson - M. Kleber - J. Brunson - L. Doncic,1610612742,2018-19
1627827-1628467-1628973-1629029-1629151,D. Finney-Smith - M. Kleber - J. Brunson - L. Doncic - R. Broekhoff,1610612742,2018-19
201599-202083-1628372-1628467-1629029,D. Jordan - W. Matthews - D. Smith Jr. - M. Kleber - L. Doncic,1610612742,2018-19
201599-202083-1628467-1628973-1629029,D. Jordan - W. Matthews - M. Kleber - J. Brunson - L. Doncic,1610612742,2018-19
1717-2734-203504-203939-1629029,D. Nowitzki - D. Harris - T. Burke - D. Powell - L. Doncic,1610612742,2018-19
200826-203939-1628467-1628973-1629029,J. Barea - D. Powell - M. Kleber - J. Brunson - L. Doncic,1610612742,2018-19
203501-203939-1627827-1628467-1629029,T. Hardaway Jr. - D. Powell - D. Finney-Smith - M. Kleber - L. Doncic,1610612742,2018-19
202083-203084-203939-1628372-1629029,W. Matthews - H. Barnes - D. Powell - D. Smith Jr. - L. Doncic,1610612742,2018-19
2734-1627827-1628382-1628467-1629029,D. Harris - D. Finney-Smith - J. Jackson - M. Kleber - L. Doncic,1610612742,2018-19
1717-2734-203939-1629029-1629151,D. Nowitzki - D. Harris - D. Powell - L. Doncic - R. Broekhoff,1610612742,2018-19
1717-200826-203939-1627827-1629029,D. Nowitzki - J. Barea - D. Powell - D. Finney-Smith - L. Doncic,1610612742,2018-19
200826-201599-1627827-1628467-1629029,J. Barea - D. Jordan - D. Finney-Smith - M. Kleber - L. Doncic,1610612742,2018-19
2734-200826-201599-203084-1629029,D. Harris - J. Barea - D. Jordan - H. Barnes - L. Doncic,1610612742,2018-19
201599-1627827-1628372-1628467-1629029,D. Jordan - D. Finney-Smith - D. Smith Jr. - M. Kleber - L. Doncic,1610612742,2018-19
1717-1628382-1628467-1628973-1629029,D. Nowitzki - J. Jackson - M. Kleber - J. Brunson - L. Doncic,1610612742,2018-19
203939-1628467-1628973-1629029-1629151,D. Powell - M. Kleber - J. Brunson - L. Doncic - R. Broekhoff,1610612742,2018-19
200826-201599-202083-1628467-1629029,J. Barea - D. Jordan - W. Matthews - M. Kleber - L. Doncic,1610612742,2018-19
200826-203084-203939-1627827-1629029,J. Barea - H. Barnes - D. Powell - D. Finney-Smith - L. Doncic,1610612742,2018-19
203501-1626257-1627827-1628467-1629029,T. Hardaway Jr. - S. Mejri - D. Finney-Smith - M. Kleber - L. Doncic,1610612742,2018-19
201599-1627827-1628372-1628973-1629029,D. Jordan - D. Finney-Smith - D. Smith Jr. - J. Brunson - L. Doncic,1610612742,2018-19
203501-203504-1626257-1627827-1629029,T. Hardaway Jr. - T. Burke - S. Mejri - D. Finney-Smith - L. Doncic,1610612742,2018-19
2734-200826-203084-203939-1629029,D. Harris - J. Barea - H. Barnes - D. Powell - L. Doncic,1610612742,2018-19
2734-201599-203084-1627827-1629029,D. Harris - D. Jordan - H. Barnes - D. Finney-Smith - L. Doncic,1610612742,2018-19
1717-2734-203939-1628973-1629029,D. Nowitzki - D. Harris - D. Powell - J. Brunson - L. Doncic,1610612742,2018-19
1717-202083-203939-1627827-1629029,D. Nowitzki - W. Matthews - D. Powell - D. Finney-Smith - L. Doncic,1610612742,2018-19
2734-1627827-1628467-1629029-1629151,D. Harris - D. Finney-Smith - M. Kleber - L. Doncic - R. Broekhoff,1610612742,2018-19
2734-200826-203939-1627827-1629029,D. Harris - J. Barea - D. Powell - D. Finney-Smith - L. Doncic,1610612742,2018-19
1717-2734-203939-1628467-1629029,D. Nowitzki - D. Harris - D. Powell - M. Kleber - L. Doncic,1610612742,2018-19
203939-1626257-1628382-1628973-1629029,D. Powell - S. Mejri - J. Jackson - J. Brunson - L. Doncic,1610612742,2018-19
200826-201599-203084-1628467-1629029,J. Barea - D. Jordan - H. Barnes - M. Kleber - L. Doncic,1610612742,2018-19
203501-1626257-1628467-1628973-1629029,T. Hardaway Jr. - S. Mejri - M. Kleber - J. Brunson - L. Doncic,1610612742,2018-19
203501-203504-203939-1627827-1629029,T. Hardaway Jr. - T. Burke - D. Powell - D. Finney-Smith - L. Doncic,1610612742,2018-19
202083-203084-203939-1628973-1629029,W. Matthews - H. Barnes - D. Powell - J. Brunson - L. Doncic,1610612742,2018-19
2734-201599-203084-1628372-1629029,D. Harris - D. Jordan - H. Barnes - D. Smith Jr. - L. Doncic,1610612742,2018-19
2734-201599-1628467-1628973-1629029,D. Harris - D. Jordan - M. Kleber - J. Brunson - L. Doncic,1610612742,2018-19
2734-203939-1627827-1628382-1629029,D. Harris - D. Powell - D. Finney-Smith - J. Jackson - L. Doncic,1610612742,2018-19
2734-203939-1628382-1628467-1629029,D. Harris - D. Powell - J. Jackson - M. Kleber - L. Doncic,1610612742,2018-19
2734-203084-203939-1629029-1629151,D. Harris - H. Barnes - D. Powell - L. Doncic - R. Broekhoff,1610612742,2018-19
201599-1627827-1628467-1628973-1629029,D. Jordan - D. Finney-Smith - M. Kleber - J. Brunson - L. Doncic,1610612742,2018-19
201599-1628372-1628467-1628973-1629029,D. Jordan - D. Smith Jr. - M. Kleber - J. Brunson - L. Doncic,1610612742,2018-19
200826-203939-1627827-1628973-1629029,J. Barea - D. Powell - D. Finney-Smith - J. Brunson - L. Doncic,1610612742,2018-19
203501-1627827-1628382-1628467-1629029,T. Hardaway Jr. - D. Finney-Smith - J. Jackson - M. Kleber - L. Doncic,1610612742,2018-19
201584-203504-1626257-1628382-1629029,C. Lee - T. Burke - S. Mejri - J. Jackson - L. Doncic,1610612742,2018-19
201584-203501-1626257-1628382-1629029,C. Lee - T. Hardaway Jr. - S. Mejri - J. Jackson - L. Doncic,1610612742,2018-19
2734-201599-203084-1628973-1629029,D. Harris - D. Jordan - H. Barnes - J. Brunson - L. Doncic,1610612742,2018-19
2734-203084-203939-1627827-1629029,D. Harris - H. Barnes - D. Powell - D. Finney-Smith - L. Doncic,1610612742,2018-19
2734-203504-203939-1628382-1629029,D. Harris - T. Burke - D. Powell - J. Jackson - L. Doncic,1610612742,2018-19
2734-203501-203939-1628467-1629029,D. Harris - T. Hardaway Jr. - D. Powell - M. Kleber - L. Doncic,1610612742,2018-19
201599-203084-203939-1628372-1629029,D. Jordan - H. Barnes - D. Powell - D. Smith Jr. - L. Doncic,1610612742,2018-19
201599-202083-1627827-1628467-1629029,D. Jordan - W. Matthews - D. Finney-Smith - M. Kleber - L. Doncic,1610612742,2018-19
1717-201584-203504-203939-1629029,D. Nowitzki - C. Lee - T. Burke - D. Powell - L. Doncic,1610612742,2018-19
1717-2734-1628382-1628467-1629029,D. Nowitzki - D. Harris - J. Jackson - M. Kleber - L. Doncic,1610612742,2018-19
203939-1627827-1628382-1628973-1629029,D. Powell - D. Finney-Smith - J. Jackson - J. Brunson - L. Doncic,1610612742,2018-19
200826-203939-1627827-1628467-1629029,J. Barea - D. Powell - D. Finney-Smith - M. Kleber - L. Doncic,1610612742,2018-19
200826-202083-203939-1628467-1629029,J. Barea - W. Matthews - D. Powell - M. Kleber - L. Doncic,1610612742,2018-19
200826-202083-203084-203939-1629029,J. Barea - W. Matthews - H. Barnes - D. Powell - L. Doncic,1610612742,2018-19
203504-1627827-1628467-1629029-1629151,T. Burke - D. Finney-Smith - M. Kleber - L. Doncic - R. Broekhoff,1610612742,2018-19
203501-1626257-1627827-1628382-1629029,T. Hardaway Jr. - S. Mejri - D. Finney-Smith - J. Jackson - L. Doncic,1610612742,2018-19
202083-203084-1627827-1628973-1629029,W. Matthews - H. Barnes - D. Finney-Smith - J. Brunson - L. Doncic,1610612742,2018-19
201584-203939-1627827-1628382-1629029,C. Lee - D. Powell - D. Finney-Smith - J. Jackson - L. Doncic,1610612742,2018-19
201584-203939-1627827-1628467-1629029,C. Lee - D. Powell - D. Finney-Smith - M. Kleber - L. Doncic,1610612742,2018-19
201584-203939-1628382-1628973-1629029,C. Lee - D. Powell - J. Jackson - J. Brunson - L. Doncic,1610612742,2018-19
201584-1626257-1627827-1628467-1629029,C. Lee - S. Mejri - D. Finney-Smith - M. Kleber - L. Doncic,1610612742,2018-19
201584-203504-203939-1627827-1629029,C. Lee - T. Burke - D. Powell - D. Finney-Smith - L. Doncic,1610612742,2018-19
201584-203501-203939-1628973-1629029,C. Lee - T. Hardaway Jr. - D. Powell - J. Brunson - L. Doncic,1610612742,2018-19
2734-201584-1626257-1628382-1629029,D. Harris - C. Lee - S. Mejri - J. Jackson - L. Doncic,1610612742,2018-19
2734-203084-203939-1628467-1629029,D. Harris - H. Barnes - D. Powell - M. Kleber - L. Doncic,1610612742,2018-19
1717-2734-201584-203939-1629029,D. Nowitzki - D. Harris - C. Lee - D. Powell - L. Doncic,1610612742,2018-19
1717-2734-203501-1628467-1629029,D. Nowitzki - D. Harris - T. Hardaway Jr. - M. Kleber - L. Doncic,1610612742,2018-19
203939-1628372-1628467-1628973-1629029,D. Powell - D. Smith Jr. - M. Kleber - J. Brunson - L. Doncic,1610612742,2018-19
203084-203939-1627827-1628973-1629029,H. Barnes - D. Powell - D. Finney-Smith - J. Brunson - L. Doncic,1610612742,2018-19
200826-201599-1627827-1628973-1629029,J. Barea - D. Jordan - D. Finney-Smith - J. Brunson - L. Doncic,1610612742,2018-19
200826-201599-1628467-1628973-1629029,J. Barea - D. Jordan - M. Kleber - J. Brunson - L. Doncic,1610612742,2018-19
200826-203939-1628372-1628467-1629029,J. Barea - D. Powell - D. Smith Jr. - M. Kleber - L. Doncic,1610612742,2018-19
1628382-1628467-1628973-1629029-1629151,J. Jackson - M. Kleber - J. Brunson - L. Doncic - R. Broekhoff,1610612742,2018-19
203501-203939-1627827-1629029-1629151,T. Hardaway Jr. - D. Powell - D. Finney-Smith - L. Doncic - R. Broekhoff,1610612742,2018-19
203501-203939-1628382-1629029-1629151,T. Hardaway Jr. - D. Powell - J. Jackson - L. Doncic - R. Broekhoff,1610612742,2018-19
203501-203504-1627827-1628467-1629029,T. Hardaway Jr. - T. Burke - D. Finney-Smith - M. Kleber - L. Doncic,1610612742,2018-19
202083-203084-203939-1628467-1629029,W. Matthews - H. Barnes - D. Powell - M. Kleber - L. Doncic,1610612742,2018-19
201572-203081-203114-203507-1627736,B. Lopez - D. Lillard - K. Middleton - G. Antetokounmpo - M. Beasley,1610612749,2023-24
201572-203081-203109-203507-1627736,B. Lopez - D. Lillard - J. Crowder - G. Antetokounmpo - M. Beasley,1610612749,2023-24
201572-203081-203507-1626192-1627736,B. Lopez - D. Lillard - G. Antetokounmpo - P. Connaughton - M. Beasley,1610612749,2023-24
203081-203109-203507-1626171-1627736,D. Lillard - J. Crowder - G. Antetokounmpo - B. Portis - M. Beasley,1610612749,2023-24
201976-203507-1626171-1626192-1631260,P. Beverley - G. Antetokounmpo - B. Portis - P. Connaughton - A. Green,1610612749,2023-24
203081-203507-1626171-1626192-1627736,D. Lillard - G. Antetokounmpo - B. Portis - P. Connaughton - M. Beasley,1610612749,2023-24
203081-203507-1626171-1626192-1630699,D. Lillard - G. Antetokounmpo - B. Portis - P. Connaughton - M. Beauchamp,1610612749,2023-24
203114-203507-1626166-1626171-1626192,K. Middleton - G. Antetokounmpo - C. Payne - B. Portis - P. Connaughton,1610612749,2023-24
201572-203081-203507-1627736-1641748,B. Lopez - D. Lillard - G. Antetokounmpo - M. Beasley - A. Jackson Jr.,1610612749,2023-24
203507-1626166-1626171-1626192-1630699,G. Antetokounmpo - C. Payne - B. Portis - P. Connaughton - M. Beauchamp,1610612749,2023-24
203081-203507-1626171-1626192-1641748,D. Lillard - G. Antetokounmpo - B. Portis - P. Connaughton - A. Jackson Jr.,1610612749,2023-24
201572-201976-203114-203507-1627736,B. Lopez - P. Beverley - K. Middleton - G. Antetokounmpo - M. Beasley,1610612749,2023-24
203081-203109-203507-1626171-1626192,D. Lillard - J. Crowder - G. Antetokounmpo - B. Portis - P. Connaughton,1610612749,2023-24
201572-203109-203507-1626192-1627736,B. Lopez - J. Crowder - G. Antetokounmpo - P. Connaughton - M. Beasley,1610612749,2023-24
203109-203507-1626171-1626192-1631260,J. Crowder - G. Antetokounmpo - B. Portis - P. Connaughton - A. Green,1610612749,2023-24
201568-201976-203507-1626171-1626192,D. Gallinari - P. Beverley - G. Antetokounmpo - B. Portis - P. Connaughton,1610612749,2023-24
201572-203114-203507-1626166-1627736,B. Lopez - K. Middleton - G. Antetokounmpo - C. Payne - M. Beasley,1610612749,2023-24
201572-203081-203114-203507-1641748,B. Lopez - D. Lillard - K. Middleton - G. Antetokounmpo - A. Jackson Jr.,1610612749,2023-24
203109-203507-1626166-1626171-1626192,J. Crowder - G. Antetokounmpo - C. Payne - B. Portis - P. Connaughton,1610612749,2023-24
203081-203114-203507-1626171-1627736,D. Lillard - K. Middleton - G. Antetokounmpo - B. Portis - M. Beasley,1610612749,2023-24
201976-203109-203507-1626171-1626192,P. Beverley - J. Crowder - G. Antetokounmpo - B. Portis - P. Connaughton,1610612749,2023-24
203507-1626166-1626171-1626192-1631260,G. Antetokounmpo - C. Payne - B. Portis - P. Connaughton - A. Green,1610612749,2023-24
203114-203507-1626166-1626171-1627736,K. Middleton - G. Antetokounmpo - C. Payne - B. Portis - M. Beasley,1610612749,2023-24
201976-203507-1626171-1626192-1627736,P. Beverley - G. Antetokounmpo - B. Portis - P. Connaughton - M. Beasley,1610612749,2023-24
203081-203507-1626171-1627736-1630699,D. Lillard - G. Antetokounmpo - B. Portis - M. Beasley - M. Beauchamp,1610612749,2023-24
203109-203507-1626171-1626192-1627736,J. Crowder - G. Antetokounmpo - B. Portis - P. Connaughton - M. Beasley,1610612749,2023-24
203114-203507-1626166-1626171-1630699,K. Middleton - G. Antetokounmpo - C. Payne - B. Portis - M. Beauchamp,1610612749,2023-24
201572-203081-203507-1626171-1627736,B. Lopez - D. Lillard - G. Antetokounmpo - B. Portis - M. Beasley,1610612749,2023-24
201572-201976-203081-203114-203507,B. Lopez - P. Beverley - D. Lillard - K. Middleton - G. Antetokounmpo,1610612749,2023-24
201572-203114-203507-1627736-1641748,B. Lopez - K. Middleton - G. Antetokounmpo - M. Beasley - A. Jackson Jr.,1610612749,2023-24
201572-201976-203081-203109-203507,B. Lopez - P. Beverley - D. Lillard - J. Crowder - G. Antetokounmpo,1610612749,2023-24
201976-203081-203507-1626171-1626192,P. Beverley - D. Lillard - G. Antetokounmpo - B. Portis - P. Connaughton,1610612749,2023-24
201572-203081-203507-1627736-1631260,B. Lopez - D. Lillard - G. Antetokounmpo - M. Beasley - A. Green,1610612749,2023-24
201572-203114-203507-1626192-1627736,B. Lopez - K. Middleton - G. Antetokounmpo - P. Connaughton - M. Beasley,1610612749,2023-24
203081-203507-1626171-1630699-1641748,D. Lillard - G. Antetokounmpo - B. Portis - M. Beauchamp - A. Jackson Jr.,1610612749,2023-24
203081-203507-1626171-1626192-1631260,D. Lillard - G. Antetokounmpo - B. Portis - P. Connaughton - A. Green,1610612749,2023-24
201572-203081-203507-1630699-1641748,B. Lopez - D. Lillard - G. Antetokounmpo - M. Beauchamp - A. Jackson Jr.,1610612749,2023-24
203081-203507-1626166-1626171-1626192,D. Lillard - G. Antetokounmpo - C. Payne - B. Portis - P. Connaughton,1610612749,2023-24
203081-203109-203114-203507-1627736,D. Lillard - J. Crowder - K. Middleton - G. Antetokounmpo - M. Beasley,1610612749,2023-24
203507-1626166-1626171-1626192-1641748,G. Antetokounmpo - C. Payne - B. Portis - P. Connaughton - A. Jackson Jr.,1610612749,2023-24
201572-203081-203507-1626166-1627736,B. Lopez - D. Lillard - G. Antetokounmpo - C. Payne - M. Beasley,1610612749,2023-24
201572-203081-203114-203507-1630699,B. Lopez - D. Lillard - K. Middleton - G. Antetokounmpo - M. Beauchamp,1610612749,2023-24
201572-203081-203109-203507-1626192,B. Lopez - D. Lillard - J. Crowder - G. Antetokounmpo - P. Connaughton,1610612749,2023-24
201572-203081-203507-1627736-1630699,B. Lopez - D. Lillard - G. Antetokounmpo - M. Beasley - M. Beauchamp,1610612749,2023-24
201572-203081-203507-1626192-1631260,B. Lopez - D. Lillard - G. Antetokounmpo - P. Connaughton - A. Green,1610612749,2023-24
203081-203507-1626171-1630699-1631260,D. Lillard - G. Antetokounmpo - B. Portis - M. Beauchamp - A. Green,1610612749,2023-24
203507-1626166-1626171-1626192-1627736,G. Antetokounmpo - C. Payne - B. Portis - P. Connaughton - M. Beasley,1610612749,2023-24
203114-203507-1626171-1626192-1641748,K. Middleton - G. Antetokounmpo - B. Portis - P. Connaughton - A. Jackson Jr.,1610612749,2023-24
201572-203081-203507-1626166-1626192,B. Lopez - D. Lillard - G. Antetokounmpo - C. Payne - P. Connaughton,1610612749,2023-24
201572-203081-203114-203507-1626192,B. Lopez - D. Lillard - K. Middleton - G. Antetokounmpo - P. Connaughton,1610612749,2023-24
203507-1626171-1626192-1630699-1641748,G. Antetokounmpo - B. Portis - P. Connaughton - M. Beauchamp - A. Jackson Jr.,1610612749,2023-24
203109-203507-1626166-1626171-1627736,J. Crowder - G. Antetokounmpo - C. Payne - B. Portis - M. Beasley,1610612749,2023-24
203081-203114-203507-1626171-1626192,D. Lillard - K. Middleton - G. Antetokounmpo - B. Portis - P. Connaughton,1610612749,2023-24
203081-203114-203507-1627736-1641748,D. Lillard - K. Middleton - G. Antetokounmpo - M. Beasley - A. Jackson Jr.,1610612749,2023-24
203507-1626171-1626192-1627736-1631260,G. Antetokounmpo - B. Portis - P. Connaughton - M. Beasley - A. Green,1610612749,2023-24
203507-1626166-1626171-1630699-1641748,G. Antetokounmpo - C. Payne - B. Portis - M. Beauchamp - A. Jackson Jr.,1610612749,2023-24
203109-203507-1626171-1626192-1630699,J. Crowder - G. Antetokounmpo - B. Portis - P. Connaughton - M. Beauchamp,1610612749,2023-24
203114-203507-1626171-1626192-1627736,K. Middleton - G. Antetokounmpo - B. Portis - P. Connaughton - M. Beasley,1610612749,2023-24
203109-203507-1626166-1626171-1630699,J. Crowder - G. Antetokounmpo - C. Payne - B. Portis - M. Beauchamp,1610612749,2023-24
203114-203507-1626166-1626171-1631260,K. Middleton - G. Antetokounmpo - C. Payne - B. Portis - A. Green,1610612749,2023-24
201572-203081-203109-203114-203507,B. Lopez - D. Lillard - J. Crowder - K. Middleton - G. Antetokounmpo,1610612749,2023-24
201572-203114-203507-1641748-1641753,B. Lopez - K. Middleton - G. Antetokounmpo - A. Jackson Jr. - C. Livingston,1610612749,2023-24
201572-203081-203507-1626192-1630699,B. Lopez - D. Lillard - G. Antetokounmpo - P. Connaughton - M. Beauchamp,1610612749,2023-24
201572-203109-203507-1626166-1627736,B. Lopez - J. Crowder - G. Antetokounmpo - C. Payne - M. Beasley,1610612749,2023-24
201572-203109-203507-1626166-1626192,B. Lopez - J. Crowder - G. Antetokounmpo - C. Payne - P. Connaughton,1610612749,2023-24
201572-201976-203109-203507-1627736,B. Lopez - P. Beverley - J. Crowder - G. Antetokounmpo - M. Beasley,1610612749,2023-24
203081-203109-203114-203507-1626171,D. Lillard - J. Crowder - K. Middleton - G. Antetokounmpo - B. Portis,1610612749,2023-24
203507-1626166-1626171-1627736-1631260,G. Antetokounmpo - C. Payne - B. Portis - M. Beasley - A. Green,1610612749,2023-24
203507-1626166-1626171-1627736-1630699,G. Antetokounmpo - C. Payne - B. Portis - M. Beasley - M. Beauchamp,1610612749,2023-24
203109-203507-1626166-1626192-1631260,J. Crowder - G. Antetokounmpo - C. Payne - P. Connaughton - A. Green,1610612749,2023-24
201577-203109-203507-1626192-1627736,R. Lopez - J. Crowder - G. Antetokounmpo - P. Connaughton - M. Beasley,1610612749,2023-24
201577-203114-203507-1626192-1627736,R. Lopez - K. Middleton - G. Antetokounmpo - P. Connaughton - M. Beasley,1610612749,2023-24
201572-203507-1626166-1626192-1627736,B. Lopez - G. Antetokounmpo - C. Payne - P. Connaughton - M. Beasley,1610612749,2023-24
201572-203109-203507-1626171-1627736,B. Lopez - J. Crowder - G. Antetokounmpo - B. Portis - M. Beasley,1610612749,2023-24
201572-203114-203507-1626166-1630699,B. Lopez - K. Middleton - G. Antetokounmpo - C. Payne - M. Beauchamp,1610612749,2023-24
201568-203507-1626171-1626192-1631260,D. Gallinari - G. Antetokounmpo - B. Portis - P. Connaughton - A. Green,1610612749,2023-24
201568-203507-1626171-1631102-1631260,D. Gallinari - G. Antetokounmpo - B. Portis - T. Washington Jr. - A. Green,1610612749,2023-24
203081-203507-1626166-1626171-1627736,D. Lillard - G. Antetokounmpo - C. Payne - B. Portis - M. Beasley,1610612749,2023-24
203081-203109-203507-1626171-1641748,D. Lillard - J. Crowder - G. Antetokounmpo - B. Portis - A. Jackson Jr.,1610612749,2023-24
203507-1626166-1626171-1630699-1631260,G. Antetokounmpo - C. Payne - B. Portis - M. Beauchamp - A. Green,1610612749,2023-24
203109-203507-1626166-1626171-1631260,J. Crowder - G. Antetokounmpo - C. Payne - B. Portis - A. Green,1610612749,2023-24
203114-203507-1626166-1626171-1641748,K. Middleton - G. Antetokounmpo - C. Payne - B. Portis - A. Jackson Jr.,1610612749,2023-24
201976-203081-203507-1626171-1627736,P. Beverley - D. Lillard - G. Antetokounmpo - B. Portis - M. Beasley,1610612749,2023-24
201572-203081-203507-1626171-1626192,B. Lopez - D. Lillard - G. Antetokounmpo - B. Portis - P. Connaughton,1610612749,2023-24
201572-203081-203507-1626192-1641748,B. Lopez - D. Lillard - G. Antetokounmpo - P. Connaughton - A. Jackson Jr.,1610612749,2023-24
201572-203081-203507-203648-1627736,B. Lopez - D. Lillard - G. Antetokounmpo - T. Antetokounmpo - M. Beasley,1610612749,2023-24
201572-203507-1626171-1627736-1631260,B. Lopez - G. Antetokounmpo - B. Portis - M. Beasley - A. Green,1610612749,2023-24
201572-203109-203114-203507-1626166,B. Lopez - J. Crowder - K. Middleton - G. Antetokounmpo - C. Payne,1610612749,2023-24
203081-203507-1626171-1627736-1631260,D. Lillard - G. Antetokounmpo - B. Portis - M. Beasley - A. Green,1610612749,2023-24
203081-203507-1626166-1626171-1630699,D. Lillard - G. Antetokounmpo - C. Payne - B. Portis - M. Beauchamp,1610612749,2023-24
203081-203507-1626192-1627736-1641748,D. Lillard - G. Antetokounmpo - P. Connaughton - M. Beasley - A. Jackson Jr.,1610612749,2023-24
203081-203109-203507-1630699-1641748,D. Lillard - J. Crowder - G. Antetokounmpo - M. Beauchamp - A. Jackson Jr.,1610612749,2023-24
203081-203109-203507-1626192-1627736,D. Lillard - J. Crowder - G. Antetokounmpo - P. Connaughton - M. Beasley,1610612749,2023-24
203081-203114-203507-1627736-1631260,D. Lillard - K. Middleton - G. Antetokounmpo - M. Beasley - A. Green,1610612749,2023-24
203507-1626166-1626171-1627736-1641748,G. Antetokounmpo - C. Payne - B. Portis - M. Beasley - A. Jackson Jr.,1610612749,2023-24
203109-203507-1626171-1631260-1641748,J. Crowder - G. Antetokounmpo - B. Portis - A. Green - A. Jackson Jr.,1610612749,2023-24
203114-203507-203648-1626171-1641748,K. Middleton - G. Antetokounmpo - T. Antetokounmpo - B. Portis - A. Jackson Jr.,1610612749,2023-24
201577-203081-203114-203507-1627736,R. Lopez - D. Lillard - K. Middleton - G. Antetokounmpo - M. Beasley,1610612749,2023-24
201572-203114-203507-1626192-1641748,B. Lopez - K. Middleton - G. Antetokounmpo - P. Connaughton - A. Jackson Jr.,1610612749,2023-24
201572-201976-203081-203507-1627736,B. Lopez - P. Beverley - D. Lillard - G. Antetokounmpo - M. Beasley,1610612749,2023-24
201572-201976-203507-1626192-1627736,B. Lopez - P. Beverley - G. Antetokounmpo - P. Connaughton - M. Beasley,1610612749,2023-24
203081-203109-203507-1626171-1631260,D. Lillard - J. Crowder - G. Antetokounmpo - B. Portis - A. Green,1610612749,2023-24
203081-203114-203507-1626171-1630699,D. Lillard - K. Middleton - G. Antetokounmpo - B. Portis - M. Beauchamp,1610612749,2023-24
203507-1626171-1626192-1630699-1631260,G. Antetokounmpo - B. Portis - P. Connaughton - M. Beauchamp - A. Green,1610612749,2023-24
203507-1626166-1626171-1631260-1641748,G. Antetokounmpo - C. Payne - B. Portis - A. Green - A. Jackson Jr.,1610612749,2023-24
203507-203648-1626171-1631260-1641748,G. Antetokounmpo - T. Antetokounmpo - B. Portis - A. Green - A. Jackson Jr.,1610612749,2023-24
203109-203114-203507-1626166-1626171,J. Crowder - K. Middleton - G. Antetokounmpo - C. Payne - B. Portis,1610612749,2023-24
203114-203507-1626171-1630699-1631260,K. Middleton - G. Antetokounmpo - B. Portis - M. Beauchamp - A. Green,1610612749,2023-24
201976-203507-1626171-1626192-1641748,P. Beverley - G. Antetokounmpo - B. Portis - P. Connaughton - A. Jackson Jr.,1610612749,2023-24
201572-201950-203507-1626192-1628960,B. Lopez - J. Holiday - G. Antetokounmpo - P. Connaughton - G. Allen,1610612749,2022-23
201572-201950-203507-1628960-1628975,B. Lopez - J. Holiday - G. Antetokounmpo - G. Allen - J. Carter,1610612749,2022-23
201572-201950-203114-203507-1628960,B. Lopez - J. Holiday - K. Middleton - G. Antetokounmpo - G. Allen,1610612749,2022-23
201572-203507-1626192-1628960-1628975,B. Lopez - G. Antetokounmpo - P. Connaughton - G. Allen - J. Carter,1610612749,2022-23
201572-201950-203507-1628960-1630699,B. Lopez - J. Holiday - G. Antetokounmpo - G. Allen - M. Beauchamp,1610612749,2022-23
201950-203507-1626171-1628960-1628975,J. Holiday - G. Antetokounmpo - B. Portis - G. Allen - J. Carter,1610612749,2022-23
201572-203114-203507-1628960-1628975,B. Lopez - K. Middleton - G. Antetokounmpo - G. Allen - J. Carter,1610612749,2022-23
201572-201950-203507-204060-1628960,B. Lopez - J. Holiday - G. Antetokounmpo - J. Ingles - G. Allen,1610612749,2022-23
201588-202083-203507-1626171-1629670,G. Hill - W. Matthews - G. Antetokounmpo - B. Portis - J. Nwora,1610612749,2022-23
201572-203507-1626171-1628975-1630699,B. Lopez - G. Antetokounmpo - B. Portis - J. Carter - M. Beauchamp,1610612749,2022-23
203507-1626171-1626192-1628960-1628975,G. Antetokounmpo - B. Portis - P. Connaughton - G. Allen - J. Carter,1610612749,2022-23
201950-203507-204060-1626192-1628960,J. Holiday - G. Antetokounmpo - J. Ingles - P. Connaughton - G. Allen,1610612749,2022-23
201572-201950-203507-1626192-1628975,B. Lopez - J. Holiday - G. Antetokounmpo - P. Connaughton - J. Carter,1610612749,2022-23
201950-203507-204060-1626171-1626192,J. Holiday - G. Antetokounmpo - J. Ingles - B. Portis - P. Connaughton,1610612749,2022-23
203114-203507-1626192-1628960-1628975,K. Middleton - G. Antetokounmpo - P. Connaughton - G. Allen - J. Carter,1610612749,2022-23
201572-201950-203507-204060-1626192,B. Lopez - J. Holiday - G. Antetokounmpo - J. Ingles - P. Connaughton,1610612749,2022-23
201950-203507-1626171-1626192-1628960,J. Holiday - G. Antetokounmpo - B. Portis - P. Connaughton - G. Allen,1610612749,2022-23
201950-203507-1626192-1628960-1628975,J. Holiday - G. Antetokounmpo - P. Connaughton - G. Allen - J. Carter,1610612749,2022-23
201572-202083-203507-1628960-1628975,B. Lopez - W. Matthews - G. Antetokounmpo - G. Allen - J. Carter,1610612749,2022-23
203507-204060-1626171-1626192-1628975,G. Antetokounmpo - J. Ingles - B. Portis - P. Connaughton - J. Carter,1610612749,2022-23
203507-1626192-1628960-1628975-1629670,G. Antetokounmpo - P. Connaughton - G. Allen - J. Carter - J. Nwora,1610612749,2022-23
201572-201950-203507-1626171-1628975,B. Lopez - J. Holiday - G. Antetokounmpo - B. Portis - J. Carter,1610612749,2022-23
201588-203114-203507-1626192-1628960,G. Hill - K. Middleton - G. Antetokounmpo - P. Connaughton - G. Allen,1610612749,2022-23
201588-202083-203507-1626171-1628960,G. Hill - W. Matthews - G. Antetokounmpo - B. Portis - G. Allen,1610612749,2022-23
201950-203507-204060-1626171-1628960,J. Holiday - G. Antetokounmpo - J. Ingles - B. Portis - G. Allen,1610612749,2022-23
201950-203114-203507-1626171-1626192,J. Holiday - K. Middleton - G. Antetokounmpo - B. Portis - P. Connaughton,1610612749,2022-23
201588-203507-1626171-1628960-1629670,G. Hill - G. Antetokounmpo - B. Portis - G. Allen - J. Nwora,1610612749,2022-23
201950-203114-203507-204060-1626192,J. Holiday - K. Middleton - G. Antetokounmpo - J. Ingles - P. Connaughton,1610612749,2022-23
201950-202083-203507-204060-1628960,J. Holiday - W. Matthews - G. Antetokounmpo - J. Ingles - G. Allen,1610612749,2022-23
201950-202083-203507-1626192-1628960,J. Holiday - W. Matthews - G. Antetokounmpo - P. Connaughton - G. Allen,1610612749,2022-23
202083-203507-204060-1626171-1628975,W. Matthews - G. Antetokounmpo - J. Ingles - B. Portis - J. Carter,1610612749,2022-23
201572-203507-1628975-1629670-1630699,B. Lopez - G. Antetokounmpo - J. Carter - J. Nwora - M. Beauchamp,1610612749,2022-23
201572-203507-204060-1626192-1628960,B. Lopez - G. Antetokounmpo - J. Ingles - P. Connaughton - G. Allen,1610612749,2022-23
201572-201950-203507-1626171-1628960,B. Lopez - J. Holiday - G. Antetokounmpo - B. Portis - G. Allen,1610612749,2022-23
201572-201950-203114-203507-204060,B. Lopez - J. Holiday - K. Middleton - G. Antetokounmpo - J. Ingles,1610612749,2022-23
201572-201950-202083-203507-1628975,B. Lopez - J. Holiday - W. Matthews - G. Antetokounmpo - J. Carter,1610612749,2022-23
201950-203114-203507-204060-1626171,J. Holiday - K. Middleton - G. Antetokounmpo - J. Ingles - B. Portis,1610612749,2022-23
201572-203507-1626171-1626192-1628960,B. Lopez - G. Antetokounmpo - B. Portis - P. Connaughton - G. Allen,1610612749,2022-23
201572-203507-1628960-1628975-1630699,B. Lopez - G. Antetokounmpo - G. Allen - J. Carter - M. Beauchamp,1610612749,2022-23
201950-203109-203507-204060-1626171,J. Holiday - J. Crowder - G. Antetokounmpo - J. Ingles - B. Portis,1610612749,2022-23
201950-203114-203507-1626171-1628960,J. Holiday - K. Middleton - G. Antetokounmpo - B. Portis - G. Allen,1610612749,2022-23
201572-203507-1628960-1628975-1631260,B. Lopez - G. Antetokounmpo - G. Allen - J. Carter - A. Green,1610612749,2022-23
201572-201588-201950-203507-1628960,B. Lopez - G. Hill - J. Holiday - G. Antetokounmpo - G. Allen,1610612749,2022-23
201572-201950-202083-203507-1628960,B. Lopez - J. Holiday - W. Matthews - G. Antetokounmpo - G. Allen,1610612749,2022-23
201572-201950-202083-203507-204060,B. Lopez - J. Holiday - W. Matthews - G. Antetokounmpo - J. Ingles,1610612749,2022-23
203507-204060-1626171-1628975-1630699,G. Antetokounmpo - J. Ingles - B. Portis - J. Carter - M. Beauchamp,1610612749,2022-23
203507-204060-1626171-1626192-1628960,G. Antetokounmpo - J. Ingles - B. Portis - P. Connaughton - G. Allen,1610612749,2022-23
201588-203507-1626171-1626192-1628975,G. Hill - G. Antetokounmpo - B. Portis - P. Connaughton - J. Carter,1610612749,2022-23
201950-203507-1626171-1626192-1628975,J. Holiday - G. Antetokounmpo - B. Portis - P. Connaughton - J. Carter,1610612749,2022-23
201572-203507-1626171-1628960-1628975,B. Lopez - G. Antetokounmpo - B. Portis - G. Allen - J. Carter,1610612749,2022-23
201572-203507-1626192-1628960-1631260,B. Lopez - G. Antetokounmpo - P. Connaughton - G. Allen - A. Green,1610612749,2022-23
201572-201950-203109-203507-1626192,B. Lopez - J. Holiday - J. Crowder - G. Antetokounmpo - P. Connaughton,1610612749,2022-23
201572-201950-202083-203109-203507,B. Lopez - J. Holiday - W. Matthews - J. Crowder - G. Antetokounmpo,1610612749,2022-23
203507-1626171-1628960-1628975-1629670,G. Antetokounmpo - B. Portis - G. Allen - J. Carter - J. Nwora,1610612749,2022-23
201588-201950-203507-1626171-1628960,G. Hill - J. Holiday - G. Antetokounmpo - B. Portis - G. Allen,1610612749,2022-23
201588-201950-202083-203507-1626171,G. Hill - J. Holiday - W. Matthews - G. Antetokounmpo - B. Portis,1610612749,2022-23
201588-203114-203507-1626171-1628960,G. Hill - K. Middleton - G. Antetokounmpo - B. Portis - G. Allen,1610612749,2022-23
201950-203507-1626171-1628960-1630699,J. Holiday - G. Antetokounmpo - B. Portis - G. Allen - M. Beauchamp,1610612749,2022-23
203114-203507-1626171-1628960-1628975,K. Middleton - G. Antetokounmpo - B. Portis - G. Allen - J. Carter,1610612749,2022-23
202083-203507-1626171-1628960-1628975,W. Matthews - G. Antetokounmpo - B. Portis - G. Allen - J. Carter,1610612749,2022-23
201572-201950-203507-1626171-1626192,B. Lopez - J. Holiday - G. Antetokounmpo - B. Portis - P. Connaughton,1610612749,2022-23
201572-201950-203507-1628960-1629670,B. Lopez - J. Holiday - G. Antetokounmpo - G. Allen - J. Nwora,1610612749,2022-23
201572-201950-203114-203507-1628975,B. Lopez - J. Holiday - K. Middleton - G. Antetokounmpo - J. Carter,1610612749,2022-23
201588-201950-203507-1628960-1629670,G. Hill - J. Holiday - G. Antetokounmpo - G. Allen - J. Nwora,1610612749,2022-23
201950-203507-204060-1626171-1630699,J. Holiday - G. Antetokounmpo - J. Ingles - B. Portis - M. Beauchamp,1610612749,2022-23
201950-203507-204060-1628960-1628975,J. Holiday - G. Antetokounmpo - J. Ingles - G. Allen - J. Carter,1610612749,2022-23
201572-201588-202083-203507-1628960,B. Lopez - G. Hill - W. Matthews - G. Antetokounmpo - G. Allen,1610612749,2022-23
201572-201950-203507-1628960-1631260,B. Lopez - J. Holiday - G. Antetokounmpo - G. Allen - A. Green,1610612749,2022-23
201572-201950-202083-203114-203507,B. Lopez - J. Holiday - W. Matthews - K. Middleton - G. Antetokounmpo,1610612749,2022-23
201572-202083-203507-1626192-1628975,B. Lopez - W. Matthews - G. Antetokounmpo - P. Connaughton - J. Carter,1610612749,2022-23
203507-1626171-1628960-1628975-1631260,G. Antetokounmpo - B. Portis - G. Allen - J. Carter - A. Green,1610612749,2022-23
203507-1626171-1628960-1628975-1630699,G. Antetokounmpo - B. Portis - G. Allen - J. Carter - M. Beauchamp,1610612749,2022-23
203507-204060-1626171-1626192-1631260,G. Antetokounmpo - J. Ingles - B. Portis - P. Connaughton - A. Green,1610612749,2022-23
203507-204060-1626192-1628975-1630699,G. Antetokounmpo - J. Ingles - P. Connaughton - J. Carter - M. Beauchamp,1610612749,2022-23
203507-1626192-1628960-1628975-1631260,G. Antetokounmpo - P. Connaughton - G. Allen - J. Carter - A. Green,1610612749,2022-23
203507-1626192-1628960-1628975-1630572,G. Antetokounmpo - P. Connaughton - G. Allen - J. Carter - S. Mamukelashvili,1610612749,2022-23
201588-201950-203507-1626171-1628975,G. Hill - J. Holiday - G. Antetokounmpo - B. Portis - J. Carter,1610612749,2022-23
203109-203507-1626192-1628975-1631260,J. Crowder - G. Antetokounmpo - P. Connaughton - J. Carter - A. Green,1610612749,2022-23
203109-203114-203507-1626192-1628975,J. Crowder - K. Middleton - G. Antetokounmpo - P. Connaughton - J. Carter,1610612749,2022-23
201950-203507-204060-1626171-1628975,J. Holiday - G. Antetokounmpo - J. Ingles - B. Portis - J. Carter,1610612749,2022-23
201950-202083-203507-1628960-1628975,J. Holiday - W. Matthews - G. Antetokounmpo - G. Allen - J. Carter,1610612749,2022-23
201950-202083-203507-204060-1626192,J. Holiday - W. Matthews - G. Antetokounmpo - J. Ingles - P. Connaughton,1610612749,2022-23
201950-202083-203114-203507-1628960,J. Holiday - W. Matthews - K. Middleton - G. Antetokounmpo - G. Allen,1610612749,2022-23
201586-201950-203507-1628960-1628975,S. Ibaka - J. Holiday - G. Antetokounmpo - G. Allen - J. Carter,1610612749,2022-23
201572-203507-204060-1628960-1628975,B. Lopez - G. Antetokounmpo - J. Ingles - G. Allen - J. Carter,1610612749,2022-23
201572-201588-202083-203507-1629670,B. Lopez - G. Hill - W. Matthews - G. Antetokounmpo - J. Nwora,1610612749,2022-23
201572-201950-203507-1628975-1629670,B. Lopez - J. Holiday - G. Antetokounmpo - J. Carter - J. Nwora,1610612749,2022-23
201572-201950-203507-1626192-1630699,B. Lopez - J. Holiday - G. Antetokounmpo - P. Connaughton - M. Beauchamp,1610612749,2022-23
203507-204060-1626171-1628960-1628975,G. Antetokounmpo - J. Ingles - B. Portis - G. Allen - J. Carter,1610612749,2022-23
201588-203507-1626171-1628975-1629670,G. Hill - G. Antetokounmpo - B. Portis - J. Carter - J. Nwora,1610612749,2022-23
201588-201950-203507-1626192-1628960,G. Hill - J. Holiday - G. Antetokounmpo - P. Connaughton - G. Allen,1610612749,2022-23
201588-202083-203507-1626171-1628975,G. Hill - W. Matthews - G. Antetokounmpo - B. Portis - J. Carter,1610612749,2022-23
201588-202083-203114-203507-1628960,G. Hill - W. Matthews - K. Middleton - G. Antetokounmpo - G. Allen,1610612749,2022-23
201950-203507-204060-1626192-1628975,J. Holiday - G. Antetokounmpo - J. Ingles - P. Connaughton - J. Carter,1610612749,2022-23
201950-203507-204060-1626192-1630699,J. Holiday - G. Antetokounmpo - J. Ingles - P. Connaughton - M. Beauchamp,1610612749,2022-23
201950-203114-203507-1626171-1629670,J. Holiday - K. Middleton - G. Antetokounmpo - B. Portis - J. Nwora,1610612749,2022-23
203114-203507-204060-1626171-1628960,K. Middleton - G. Antetokounmpo - J. Ingles - B. Portis - G. Allen,1610612749,2022-23
203114-203507-204060-1626171-1626192,K. Middleton - G. Antetokounmpo - J. Ingles - B. Portis - P. Connaughton,1610612749,2022-23
201586-203507-1628960-1628975-1630699,S. Ibaka - G. Antetokounmpo - G. Allen - J. Carter - M. Beauchamp,1610612749,2022-23
201586-201588-203507-1628960-1629670,S. Ibaka - G. Hill - G. Antetokounmpo - G. Allen - J. Nwora,1610612749,2022-23
201586-201588-203507-1629670-1631260,S. Ibaka - G. Hill - G. Antetokounmpo - J. Nwora - A. Green,1610612749,2022-23
201586-201588-201950-203507-1630699,S. Ibaka - G. Hill - J. Holiday - G. Antetokounmpo - M. Beauchamp,1610612749,2022-23
201586-201588-202083-203507-1629670,S. Ibaka - G. Hill - W. Matthews - G. Antetokounmpo - J. Nwora,1610612749,2022-23
202083-203507-1626192-1628960-1628975,W. Matthews - G. Antetokounmpo - P. Connaughton - G. Allen - J. Carter,1610612749,2022-23
201572-203507-204060-1626171-1628975,B. Lopez - G. Antetokounmpo - J. Ingles - B. Portis - J. Carter,1610612749,2022-23
201572-201950-202083-203507-1626171,B. Lopez - J. Holiday - W. Matthews - G. Antetokounmpo - B. Portis,1610612749,2022-23
201572-201950-202083-203507-1626192,B. Lopez - J. Holiday - W. Matthews - G. Antetokounmpo - P. Connaughton,1610612749,2022-23
203507-204060-1626171-1626192-1630699,G. Antetokounmpo - J. Ingles - B. Portis - P. Connaughton - M. Beauchamp,1610612749,2022-23
203507-204060-1626192-1628960-1628975,G. Antetokounmpo - J. Ingles - P. Connaughton - G. Allen - J. Carter,1610612749,2022-23
203507-1626192-1628960-1628975-1630699,G. Antetokounmpo - P. Connaughton - G. Allen - J. Carter - M. Beauchamp,1610612749,2022-23
201588-203507-204060-1626171-1626192,G. Hill - G. Antetokounmpo - J. Ingles - B. Portis - P. Connaughton,1610612749,2022-23
203109-203507-1626192-1628960-1628975,J. Crowder - G. Antetokounmpo - P. Connaughton - G. Allen - J. Carter,1610612749,2022-23
203109-203114-203507-1626171-1628975,J. Crowder - K. Middleton - G. Antetokounmpo - B. Portis - J. Carter,1610612749,2022-23
201950-203507-1626192-1628975-1630699,J. Holiday - G. Antetokounmpo - P. Connaughton - J. Carter - M. Beauchamp,1610612749,2022-23
201950-203109-203507-1626171-1628975,J. Holiday - J. Crowder - G. Antetokounmpo - B. Portis - J. Carter,1610612749,2022-23
201950-203114-203507-204060-1628960,J. Holiday - K. Middleton - G. Antetokounmpo - J. Ingles - G. Allen,1610612749,2022-23
202083-203507-1626171-1626192-1628975,W. Matthews - G. Antetokounmpo - B. Portis - P. Connaughton - J. Carter,1610612749,2022-23
202083-203507-1628960-1628975-1629670,W. Matthews - G. Antetokounmpo - G. Allen - J. Carter - J. Nwora,1610612749,2022-23
202083-203507-204060-1626192-1628975,W. Matthews - G. Antetokounmpo - J. Ingles - P. Connaughton - J. Carter,1610612749,2022-23
201950-203114-203507-1626171-1628960,J. Holiday - K. Middleton - G. Antetokounmpo - B. Portis - G. Allen,1610612749,2021-22
201572-201950-202083-203114-203507,B. Lopez - J. Holiday - W. Matthews - K. Middleton - G. Antetokounmpo,1610612749,2021-22
201588-203114-203507-1626171-1628960,G. Hill - K. Middleton - G. Antetokounmpo - B. Portis - G. Allen,1610612749,2021-22
201588-203114-203507-1626192-1628960,G. Hill - K. Middleton - G. Antetokounmpo - P. Connaughton - G. Allen,1610612749,2021-22
201950-203114-203507-1626171-1626192,J. Holiday - K. Middleton - G. Antetokounmpo - B. Portis - P. Connaughton,1610612749,2021-22
201950-203114-203507-1626192-1628960,J. Holiday - K. Middleton - G. Antetokounmpo - P. Connaughton - G. Allen,1610612749,2021-22
201950-203507-1626171-1626192-1628960,J. Holiday - G. Antetokounmpo - B. Portis - P. Connaughton - G. Allen,1610612749,2021-22
201950-202083-203114-203507-1626171,J. Holiday - W. Matthews - K. Middleton - G. Antetokounmpo - B. Portis,1610612749,2021-22
202083-203114-203507-1626171-1629670,W. Matthews - K. Middleton - G. Antetokounmpo - B. Portis - J. Nwora,1610612749,2021-22
201588-201950-203507-1626171-1628960,G. Hill - J. Holiday - G. Antetokounmpo - B. Portis - G. Allen,1610612749,2021-22
201588-201950-203507-1626192-1628960,G. Hill - J. Holiday - G. Antetokounmpo - P. Connaughton - G. Allen,1610612749,2021-22
201950-203114-203507-1626171-1629670,J. Holiday - K. Middleton - G. Antetokounmpo - B. Portis - J. Nwora,1610612749,2021-22
201588-203507-203648-1626192-1628960,G. Hill - G. Antetokounmpo - T. Antetokounmpo - P. Connaughton - G. Allen,1610612749,2021-22
202083-203114-203507-1626171-1628960,W. Matthews - K. Middleton - G. Antetokounmpo - B. Portis - G. Allen,1610612749,2021-22
201588-201950-203507-1626171-1626192,G. Hill - J. Holiday - G. Antetokounmpo - B. Portis - P. Connaughton,1610612749,2021-22
201950-202083-203507-1626192-1628978,J. Holiday - W. Matthews - G. Antetokounmpo - P. Connaughton - D. DiVincenzo,1610612749,2021-22
201588-203507-1626171-1626192-1628960,G. Hill - G. Antetokounmpo - B. Portis - P. Connaughton - G. Allen,1610612749,2021-22
201588-202083-203114-203507-1626171,G. Hill - W. Matthews - K. Middleton - G. Antetokounmpo - B. Portis,1610612749,2021-22
201572-201588-203114-203507-1628960,B. Lopez - G. Hill - K. Middleton - G. Antetokounmpo - G. Allen,1610612749,2021-22
201950-202326-203114-203507-1628960,J. Holiday - D. Cousins - K. Middleton - G. Antetokounmpo - G. Allen,1610612749,2021-22
201950-203507-1626192-1628400-1628960,J. Holiday - G. Antetokounmpo - P. Connaughton - S. Ojeleye - G. Allen,1610612749,2021-22
201950-203114-203507-1628960-1629670,J. Holiday - K. Middleton - G. Antetokounmpo - G. Allen - J. Nwora,1610612749,2021-22
201950-202083-203507-1626171-1628960,J. Holiday - W. Matthews - G. Antetokounmpo - B. Portis - G. Allen,1610612749,2021-22
201588-203114-203507-1626171-1626192,G. Hill - K. Middleton - G. Antetokounmpo - B. Portis - P. Connaughton,1610612749,2021-22
201950-203507-203918-1626192-1628960,J. Holiday - G. Antetokounmpo - R. Hood - P. Connaughton - G. Allen,1610612749,2021-22
201588-201950-203507-203918-1626192,G. Hill - J. Holiday - G. Antetokounmpo - R. Hood - P. Connaughton,1610612749,2021-22
201588-203114-203507-203648-1628960,G. Hill - K. Middleton - G. Antetokounmpo - T. Antetokounmpo - G. Allen,1610612749,2021-22
201588-201950-203114-203507-1626192,G. Hill - J. Holiday - K. Middleton - G. Antetokounmpo - P. Connaughton,1610612749,2021-22
201950-203507-1626171-1628960-1629670,J. Holiday - G. Antetokounmpo - B. Portis - G. Allen - J. Nwora,1610612749,2021-22
201588-203507-1626192-1628960-1629670,G. Hill - G. Antetokounmpo - P. Connaughton - G. Allen - J. Nwora,1610612749,2021-22
201950-203507-1626192-1628960-1629670,J. Holiday - G. Antetokounmpo - P. Connaughton - G. Allen - J. Nwora,1610612749,2021-22
201950-203114-203507-1626192-1628978,J. Holiday - K. Middleton - G. Antetokounmpo - P. Connaughton - D. DiVincenzo,1610612749,2021-22
201572-201950-203114-203507-1628960,B. Lopez - J. Holiday - K. Middleton - G. Antetokounmpo - G. Allen,1610612749,2021-22
201588-201950-203507-1626192-1628400,G. Hill - J. Holiday - G. Antetokounmpo - P. Connaughton - S. Ojeleye,1610612749,2021-22
201588-202083-203507-1626192-1628978,G. Hill - W. Matthews - G. Antetokounmpo - P. Connaughton - D. DiVincenzo,1610612749,2021-22
202083-203507-1626192-1628960-1628978,W. Matthews - G. Antetokounmpo - P. Connaughton - G. Allen - D. DiVincenzo,1610612749,2021-22
202083-203507-203918-1626171-1629670,W. Matthews - G. Antetokounmpo - R. Hood - B. Portis - J. Nwora,1610612749,2021-22
201588-203507-1626171-1628960-1629670,G. Hill - G. Antetokounmpo - B. Portis - G. Allen - J. Nwora,1610612749,2021-22
201588-201950-203114-203507-1626171,G. Hill - J. Holiday - K. Middleton - G. Antetokounmpo - B. Portis,1610612749,2021-22
201950-203507-1626192-1628400-1629670,J. Holiday - G. Antetokounmpo - P. Connaughton - S. Ojeleye - J. Nwora,1610612749,2021-22
201950-202083-203507-1626171-1626192,J. Holiday - W. Matthews - G. Antetokounmpo - B. Portis - P. Connaughton,1610612749,2021-22
201950-202083-203114-203507-1628960,J. Holiday - W. Matthews - K. Middleton - G. Antetokounmpo - G. Allen,1610612749,2021-22
203114-203507-1626171-1628960-1630606,K. Middleton - G. Antetokounmpo - B. Portis - G. Allen - J. Smart,1610612749,2021-22
201586-203114-203507-1628960-1628975,S. Ibaka - K. Middleton - G. Antetokounmpo - G. Allen - J. Carter,1610612749,2021-22
201572-201950-202083-203507-1628960,B. Lopez - J. Holiday - W. Matthews - G. Antetokounmpo - G. Allen,1610612749,2021-22
203507-1626192-1628400-1629620-1629670,G. Antetokounmpo - P. Connaughton - S. Ojeleye - J. Robinson - J. Nwora,1610612749,2021-22
203507-203918-1626192-1629620-1629670,G. Antetokounmpo - R. Hood - P. Connaughton - J. Robinson - J. Nwora,1610612749,2021-22
203507-203918-1628400-1629620-1629670,G. Antetokounmpo - R. Hood - S. Ojeleye - J. Robinson - J. Nwora,1610612749,2021-22
201588-202083-202326-203507-1628960,G. Hill - W. Matthews - D. Cousins - G. Antetokounmpo - G. Allen,1610612749,2021-22
201588-202083-203507-1626171-1628960,G. Hill - W. Matthews - G. Antetokounmpo - B. Portis - G. Allen,1610612749,2021-22
201586-201950-203114-203507-1629670,S. Ibaka - J. Holiday - K. Middleton - G. Antetokounmpo - J. Nwora,1610612749,2021-22
203507-1626171-1626192-1628960-1630606,G. Antetokounmpo - B. Portis - P. Connaughton - G. Allen - J. Smart,1610612749,2021-22
203507-203648-203918-1626192-1629620,G. Antetokounmpo - T. Antetokounmpo - R. Hood - P. Connaughton - J. Robinson,1610612749,2021-22
201588-202326-203114-203507-1628960,G. Hill - D. Cousins - K. Middleton - G. Antetokounmpo - G. Allen,1610612749,2021-22
201588-201950-203507-1628400-1628960,G. Hill - J. Holiday - G. Antetokounmpo - S. Ojeleye - G. Allen,1610612749,2021-22
201588-203114-203507-1626171-1629670,G. Hill - K. Middleton - G. Antetokounmpo - B. Portis - J. Nwora,1610612749,2021-22
201588-202083-203507-1626192-1628960,G. Hill - W. Matthews - G. Antetokounmpo - P. Connaughton - G. Allen,1610612749,2021-22
201588-202083-203114-203507-1628960,G. Hill - W. Matthews - K. Middleton - G. Antetokounmpo - G. Allen,1610612749,2021-22
201950-203507-1626171-1627761-1628960,J. Holiday - G. Antetokounmpo - B. Portis - D. Bembry - G. Allen,1610612749,2021-22
201950-202328-203507-1626192-1628978,J. Holiday - G. Monroe - G. Antetokounmpo - P. Connaughton - D. DiVincenzo,1610612749,2021-22
201950-202083-203114-203507-1626192,J. Holiday - W. Matthews - K. Middleton - G. Antetokounmpo - P. Connaughton,1610612749,2021-22
203114-203507-1626171-1628960-1628975,K. Middleton - G. Antetokounmpo - B. Portis - G. Allen - J. Carter,1610612749,2021-22
201586-201950-203114-203507-1628960,S. Ibaka - J. Holiday - K. Middleton - G. Antetokounmpo - G. Allen,1610612749,2021-22
201586-201950-202083-203114-203507,S. Ibaka - J. Holiday - W. Matthews - K. Middleton - G. Antetokounmpo,1610612749,2021-22
201586-203114-203507-1629623-1629670,S. Ibaka - K. Middleton - G. Antetokounmpo - L. Wigginton - J. Nwora,1610612749,2021-22
202083-203114-203507-1628960-1628978,W. Matthews - K. Middleton - G. Antetokounmpo - G. Allen - D. DiVincenzo,1610612749,2021-22
201572-201950-203114-203507-1628975,B. Lopez - J. Holiday - K. Middleton - G. Antetokounmpo - J. Carter,1610612749,2021-22
201572-201950-202083-203507-1626192,B. Lopez - J. Holiday - W. Matthews - G. Antetokounmpo - P. Connaughton,1610612749,2021-22
201588-203507-203918-1626171-1628960,G. Hill - G. Antetokounmpo - R. Hood - B. Portis - G. Allen,1610612749,2021-22
201588-201950-202083-203114-203507,G. Hill - J. Holiday - W. Matthews - K. Middleton - G. Antetokounmpo,1610612749,2021-22
201588-203114-203507-1628960-1629670,G. Hill - K. Middleton - G. Antetokounmpo - G. Allen - J. Nwora,1610612749,2021-22
201588-203114-203507-1626192-1629670,G. Hill - K. Middleton - G. Antetokounmpo - P. Connaughton - J. Nwora,1610612749,2021-22
201588-203114-203507-203918-1626171,G. Hill - K. Middleton - G. Antetokounmpo - R. Hood - B. Portis,1610612749,2021-22
201950-203114-203507-203918-1626171,J. Holiday - K. Middleton - G. Antetokounmpo - R. Hood - B. Portis,1610612749,2021-22
201950-203114-203507-203918-1626192,J. Holiday - K. Middleton - G. Antetokounmpo - R. Hood - P. Connaughton,1610612749,2021-22
201950-202083-203114-203507-1628978,J. Holiday - W. Matthews - K. Middleton - G. Antetokounmpo - D. DiVincenzo,1610612749,2021-22
201950-202083-203114-203507-1628975,J. Holiday - W. Matthews - K. Middleton - G. Antetokounmpo - J. Carter,1610612749,2021-22
201586-201588-203507-1626171-1626192,S. Ibaka - G. Hill - G. Antetokounmpo - B. Portis - P. Connaughton,1610612749,2021-22
201586-201950-203507-1629623-1629670,S. Ibaka - J. Holiday - G. Antetokounmpo - L. Wigginton - J. Nwora,1610612749,2021-22
203507-1626171-1628960-1629620-1629670,G. Antetokounmpo - B. Portis - G. Allen - J. Robinson - J. Nwora,1610612749,2021-22
203507-203918-204038-1628400-1630572,G. Antetokounmpo - R. Hood - L. Galloway - S. Ojeleye - S. Mamukelashvili,1610612749,2021-22
201588-203507-203648-1629620-1629670,G. Hill - G. Antetokounmpo - T. Antetokounmpo - J. Robinson - J. Nwora,1610612749,2021-22
201588-203507-203648-203918-1626192,G. Hill - G. Antetokounmpo - T. Antetokounmpo - R. Hood - P. Connaughton,1610612749,2021-22
201950-203507-1626171-1627761-1629670,J. Holiday - G. Antetokounmpo - B. Portis - D. Bembry - J. Nwora,1610612749,2021-22
201950-203507-1626171-1626192-1629670,J. Holiday - G. Antetokounmpo - B. Portis - P. Connaughton - J. Nwora,1610612749,2021-22
201950-203507-1628960-1629670-1630572,J. Holiday - G. Antetokounmpo - G. Allen - J. Nwora - S. Mamukelashvili,1610612749,2021-22
201950-203507-203918-1626171-1626192,J. Holiday - G. Antetokounmpo - R. Hood - B. Portis - P. Connaughton,1610612749,2021-22
201950-202083-203507-1628960-1628978,J. Holiday - W. Matthews - G. Antetokounmpo - G. Allen - D. DiVincenzo,1610612749,2021-22
203114-203507-1626171-1628975-1629670,K. Middleton - G. Antetokounmpo - B. Portis - J. Carter - J. Nwora,1610612749,2021-22
201586-201950-203507-1627761-1628960,S. Ibaka - J. Holiday - G. Antetokounmpo - D. Bembry - G. Allen,1610612749,2021-22
201586-201950-203114-203507-1628975,S. Ibaka - J. Holiday - K. Middleton - G. Antetokounmpo - J. Carter,1610612749,2021-22
201586-201950-202083-203507-1629670,S. Ibaka - J. Holiday - W. Matthews - G. Antetokounmpo - J. Nwora,1610612749,2021-22
202083-203114-203507-1626171-1628978,W. Matthews - K. Middleton - G. Antetokounmpo - B. Portis - D. DiVincenzo,1610612749,2021-22
202083-203114-203507-1626171-1626192,W. Matthews - K. Middleton - G. Antetokounmpo - B. Portis - P. Connaughton,1610612749,2021-22
202083-203114-203507-1628960-1628975,W. Matthews - K. Middleton - G. Antetokounmpo - G. Allen - J. Carter,1610612749,2021-22
202083-203114-203507-1628975-1629670,W. Matthews - K. Middleton - G. Antetokounmpo - J. Carter - J. Nwora,1610612749,2021-22
202083-203114-203507-1626192-1628978,W. Matthews - K. Middleton - G. Antetokounmpo - P. Connaughton - D. DiVincenzo,1610612749,2021-22
202083-203114-203507-1626192-1628960,W. Matthews - K. Middleton - G. Antetokounmpo - P. Connaughton - G. Allen,1610612749,2021-22
202083-203114-203507-203918-1626171,W. Matthews - K. Middleton - G. Antetokounmpo - R. Hood - B. Portis,1610612749,2021-22
201572-201588-203114-203507-1626192,B. Lopez - G. Hill - K. Middleton - G. Antetokounmpo - P. Connaughton,1610612749,2021-22
201572-201588-202083-203114-203507,B. Lopez - G. Hill - W. Matthews - K. Middleton - G. Antetokounmpo,1610612749,2021-22
201572-201950-203507-1626192-1628975,B. Lopez - J. Holiday - G. Antetokounmpo - P. Connaughton - J. Carter,1610612749,2021-22
201572-201950-203114-203507-1626192,B. Lopez - J. Holiday - K. Middleton - G. Antetokounmpo - P. Connaughton,1610612749,2021-22
203507-203648-203918-1629620-1629670,G. Antetokounmpo - T. Antetokounmpo - R. Hood - J. Robinson - J. Nwora,1610612749,2021-22
201588-203507-1626171-1626192-1629670,G. Hill - G. Antetokounmpo - B. Portis - P. Connaughton - J. Nwora,1610612749,2021-22
201588-203507-1626192-1628978-1629670,G. Hill - G. Antetokounmpo - P. Connaughton - D. DiVincenzo - J. Nwora,1610612749,2021-22
201588-201950-203114-203507-1628960,G. Hill - J. Holiday - K. Middleton - G. Antetokounmpo - G. Allen,1610612749,2021-22
201588-203114-203507-1626171-1628978,G. Hill - K. Middleton - G. Antetokounmpo - B. Portis - D. DiVincenzo,1610612749,2021-22
201588-203114-203507-1626192-1628978,G. Hill - K. Middleton - G. Antetokounmpo - P. Connaughton - D. DiVincenzo,1610612749,2021-22
201950-202326-203507-203918-1626192,J. Holiday - D. Cousins - G. Antetokounmpo - R. Hood - P. Connaughton,1610612749,2021-22
201950-203507-1626171-1628975-1629670,J. Holiday - G. Antetokounmpo - B. Portis - J. Carter - J. Nwora,1610612749,2021-22
201950-203507-1626171-1626192-1628978,J. Holiday - G. Antetokounmpo - B. Portis - P. Connaughton - D. DiVincenzo,1610612749,2021-22
201950-203507-203918-1628400-1628960,J. Holiday - G. Antetokounmpo - R. Hood - S. Ojeleye - G. Allen,1610612749,2021-22
201950-202328-203507-1626192-1628960,J. Holiday - G. Monroe - G. Antetokounmpo - P. Connaughton - G. Allen,1610612749,2021-22
201950-202083-203507-1626171-1629670,J. Holiday - W. Matthews - G. Antetokounmpo - B. Portis - J. Nwora,1610612749,2021-22
203114-203507-1626171-1628960-1629620,K. Middleton - G. Antetokounmpo - B. Portis - G. Allen - J. Robinson,1610612749,2021-22
203114-203507-1626192-1628960-1628978,K. Middleton - G. Antetokounmpo - P. Connaughton - G. Allen - D. DiVincenzo,1610612749,2021-22
203114-203507-203918-1626192-1628960,K. Middleton - G. Antetokounmpo - R. Hood - P. Connaughton - G. Allen,1610612749,2021-22
201586-203114-203507-1626192-1628975,S. Ibaka - K. Middleton - G. Antetokounmpo - P. Connaughton - J. Carter,1610612749,2021-22
202083-203114-203507-1626171-1628975,W. Matthews - K. Middleton - G. Antetokounmpo - B. Portis - J. Carter,1610612749,2021-22
201572-201950-203114-203507-1628978,B. Lopez - J. Holiday - K. Middleton - G. Antetokounmpo - D. DiVincenzo,1610612749,2020-21
201572-203114-203507-1627854-1628978,B. Lopez - K. Middleton - G. Antetokounmpo - B. Forbes - D. DiVincenzo,1610612749,2020-21
201571-201572-203114-203507-1628978,D. Augustin - B. Lopez - K. Middleton - G. Antetokounmpo - D. DiVincenzo,1610612749,2020-21
201572-201950-203114-203507-1627854,B. Lopez - J. Holiday - K. Middleton - G. Antetokounmpo - B. Forbes,1610612749,2020-21
201572-201950-203114-203507-1626192,B. Lopez - J. Holiday - K. Middleton - G. Antetokounmpo - P. Connaughton,1610612749,2020-21
201571-201950-203114-203507-1626171,D. Augustin - J. Holiday - K. Middleton - G. Antetokounmpo - B. Portis,1610612749,2020-21
201572-203114-203507-1626192-1628978,B. Lopez - K. Middleton - G. Antetokounmpo - P. Connaughton - D. DiVincenzo,1610612749,2020-21
201572-203507-1626192-1627854-1628978,B. Lopez - G. Antetokounmpo - P. Connaughton - B. Forbes - D. DiVincenzo,1610612749,2020-21
203507-1626171-1626192-1627854-1628978,G. Antetokounmpo - B. Portis - P. Connaughton - B. Forbes - D. DiVincenzo,1610612749,2020-21
201950-203114-203507-1626192-1628978,J. Holiday - K. Middleton - G. Antetokounmpo - P. Connaughton - D. DiVincenzo,1610612749,2020-21
201950-203114-203507-1626171-1626192,J. Holiday - K. Middleton - G. Antetokounmpo - B. Portis - P. Connaughton,1610612749,2020-21
201571-201572-203114-203507-1626192,D. Augustin - B. Lopez - K. Middleton - G. Antetokounmpo - P. Connaughton,1610612749,2020-21
201571-201572-201950-203114-203507,D. Augustin - B. Lopez - J. Holiday - K. Middleton - G. Antetokounmpo,1610612749,2020-21
201950-203507-1626171-1626192-1627854,J. Holiday - G. Antetokounmpo - B. Portis - P. Connaughton - B. Forbes,1610612749,2020-21
203114-203507-1626171-1627854-1628978,K. Middleton - G. Antetokounmpo - B. Portis - B. Forbes - D. DiVincenzo,1610612749,2020-21
201572-201950-203507-1627854-1628978,B. Lopez - J. Holiday - G. Antetokounmpo - B. Forbes - D. DiVincenzo,1610612749,2020-21
201572-203114-203507-1626171-1628978,B. Lopez - K. Middleton - G. Antetokounmpo - B. Portis - D. DiVincenzo,1610612749,2020-21
203114-203507-1626192-1627854-1628978,K. Middleton - G. Antetokounmpo - P. Connaughton - B. Forbes - D. DiVincenzo,1610612749,2020-21
201572-201950-203507-1626192-1628978,B. Lopez - J. Holiday - G. Antetokounmpo - P. Connaughton - D. DiVincenzo,1610612749,2020-21
201571-203114-203507-1626171-1626192,D. Augustin - K. Middleton - G. Antetokounmpo - B. Portis - P. Connaughton,1610612749,2020-21
201950-203114-203507-1626171-1628978,J. Holiday - K. Middleton - G. Antetokounmpo - B. Portis - D. DiVincenzo,1610612749,2020-21
201571-201572-203507-1626192-1627854,D. Augustin - B. Lopez - G. Antetokounmpo - P. Connaughton - B. Forbes,1610612749,2020-21
201571-203507-1626171-1626192-1628978,D. Augustin - G. Antetokounmpo - B. Portis - P. Connaughton - D. DiVincenzo,1610612749,2020-21
201950-203114-203507-1626171-1627854,J. Holiday - K. Middleton - G. Antetokounmpo - B. Portis - B. Forbes,1610612749,2020-21
201571-203507-1626171-1626192-1627854,D. Augustin - G. Antetokounmpo - B. Portis - P. Connaughton - B. Forbes,1610612749,2020-21
201950-203507-1626171-1627854-1628978,J. Holiday - G. Antetokounmpo - B. Portis - B. Forbes - D. DiVincenzo,1610612749,2020-21
201571-203114-203507-1626171-1628978,D. Augustin - K. Middleton - G. Antetokounmpo - B. Portis - D. DiVincenzo,1610612749,2020-21
203114-203507-1626171-1626192-1628978,K. Middleton - G. Antetokounmpo - B. Portis - P. Connaughton - D. DiVincenzo,1610612749,2020-21
201571-203507-1626171-1626192-1628470,D. Augustin - G. Antetokounmpo - B. Portis - P. Connaughton - T. Craig,1610612749,2020-21
201571-201950-203507-1626171-1626192,D. Augustin - J. Holiday - G. Antetokounmpo - B. Portis - P. Connaughton,1610612749,2020-21
201572-201952-203114-203507-1628978,B. Lopez - J. Teague - K. Middleton - G. Antetokounmpo - D. DiVincenzo,1610612749,2020-21
200782-201950-203507-1626192-1627854,P. Tucker - J. Holiday - G. Antetokounmpo - P. Connaughton - B. Forbes,1610612749,2020-21
201572-201950-203507-1626192-1627854,B. Lopez - J. Holiday - G. Antetokounmpo - P. Connaughton - B. Forbes,1610612749,2020-21
201571-201572-203507-1626192-1628978,D. Augustin - B. Lopez - G. Antetokounmpo - P. Connaughton - D. DiVincenzo,1610612749,2020-21
201950-203507-1626192-1627854-1628978,J. Holiday - G. Antetokounmpo - P. Connaughton - B. Forbes - D. DiVincenzo,1610612749,2020-21
201950-203114-203507-1626192-1627854,J. Holiday - K. Middleton - G. Antetokounmpo - P. Connaughton - B. Forbes,1610612749,2020-21
203507-203648-1626171-1626192-1627854,G. Antetokounmpo - T. Antetokounmpo - B. Portis - P. Connaughton - B. Forbes,1610612749,2020-21
200782-201572-201950-203507-1628978,P. Tucker - B. Lopez - J. Holiday - G. Antetokounmpo - D. DiVincenzo,1610612749,2020-21
200782-201950-203507-1626171-1626192,P. Tucker - J. Holiday - G. Antetokounmpo - B. Portis - P. Connaughton,1610612749,2020-21
201572-203507-1627854-1628978-1629670,B. Lopez - G. Antetokounmpo - B. Forbes - D. DiVincenzo - J. Nwora,1610612749,2020-21
201571-201572-201950-203507-1626192,D. Augustin - B. Lopez - J. Holiday - G. Antetokounmpo - P. Connaughton,1610612749,2020-21
200782-203507-1626171-1627854-1628978,P. Tucker - G. Antetokounmpo - B. Portis - B. Forbes - D. DiVincenzo,1610612749,2020-21
200782-201950-203507-1626171-1627854,P. Tucker - J. Holiday - G. Antetokounmpo - B. Portis - B. Forbes,1610612749,2020-21
201571-201572-203507-1627854-1628978,D. Augustin - B. Lopez - G. Antetokounmpo - B. Forbes - D. DiVincenzo,1610612749,2020-21
201950-203507-1626171-1626192-1628978,J. Holiday - G. Antetokounmpo - B. Portis - P. Connaughton - D. DiVincenzo,1610612749,2020-21
201950-203114-203507-1627854-1628978,J. Holiday - K. Middleton - G. Antetokounmpo - B. Forbes - D. DiVincenzo,1610612749,2020-21
200782-201950-203114-203507-1627854,P. Tucker - J. Holiday - K. Middleton - G. Antetokounmpo - B. Forbes,1610612749,2020-21
200782-201950-203114-203507-1628978,P. Tucker - J. Holiday - K. Middleton - G. Antetokounmpo - D. DiVincenzo,1610612749,2020-21
201572-203114-203507-1626192-1627854,B. Lopez - K. Middleton - G. Antetokounmpo - P. Connaughton - B. Forbes,1610612749,2020-21
201571-203507-1626192-1627854-1628978,D. Augustin - G. Antetokounmpo - P. Connaughton - B. Forbes - D. DiVincenzo,1610612749,2020-21
201571-203114-203507-1626192-1628978,D. Augustin - K. Middleton - G. Antetokounmpo - P. Connaughton - D. DiVincenzo,1610612749,2020-21
203507-203648-1626192-1627854-1628978,G. Antetokounmpo - T. Antetokounmpo - P. Connaughton - B. Forbes - D. DiVincenzo,1610612749,2020-21
201952-203114-203507-1626171-1628978,J. Teague - K. Middleton - G. Antetokounmpo - B. Portis - D. DiVincenzo,1610612749,2020-21
200782-201950-203114-203507-1626192,P. Tucker - J. Holiday - K. Middleton - G. Antetokounmpo - P. Connaughton,1610612749,2020-21
201571-201572-201950-203507-1628978,D. Augustin - B. Lopez - J. Holiday - G. Antetokounmpo - D. DiVincenzo,1610612749,2020-21
201571-201572-203114-203507-1627854,D. Augustin - B. Lopez - K. Middleton - G. Antetokounmpo - B. Forbes,1610612749,2020-21
201571-203114-203507-1626171-1627854,D. Augustin - K. Middleton - G. Antetokounmpo - B. Portis - B. Forbes,1610612749,2020-21
201950-201952-203507-1626171-1626192,J. Holiday - J. Teague - G. Antetokounmpo - B. Portis - P. Connaughton,1610612749,2020-21
201952-203114-203507-1626192-1628978,J. Teague - K. Middleton - G. Antetokounmpo - P. Connaughton - D. DiVincenzo,1610612749,2020-21
200782-201572-203507-1627854-1628978,P. Tucker - B. Lopez - G. Antetokounmpo - B. Forbes - D. DiVincenzo,1610612749,2020-21
200782-201952-203507-1626171-1626192,P. Tucker - J. Teague - G. Antetokounmpo - B. Portis - P. Connaughton,1610612749,2020-21
201572-203114-203507-1626171-1626192,B. Lopez - K. Middleton - G. Antetokounmpo - B. Portis - P. Connaughton,1610612749,2020-21
201950-203507-203648-1627854-1628978,J. Holiday - G. Antetokounmpo - T. Antetokounmpo - B. Forbes - D. DiVincenzo,1610612749,2020-21
201950-203114-203507-203648-1626192,J. Holiday - K. Middleton - G. Antetokounmpo - T. Antetokounmpo - P. Connaughton,1610612749,2020-21
201952-203114-203507-1626171-1626192,J. Teague - K. Middleton - G. Antetokounmpo - B. Portis - P. Connaughton,1610612749,2020-21
200782-201572-201950-203114-203507,P. Tucker - B. Lopez - J. Holiday - K. Middleton - G. Antetokounmpo,1610612749,2020-21
200782-201950-203114-203507-1626171,P. Tucker - J. Holiday - K. Middleton - G. Antetokounmpo - B. Portis,1610612749,2020-21
200782-203114-203507-1627854-1628978,P. Tucker - K. Middleton - G. Antetokounmpo - B. Forbes - D. DiVincenzo,1610612749,2020-21
201572-203507-1626192-1628978-1630241,B. Lopez - G. Antetokounmpo - P. Connaughton - D. DiVincenzo - S. Merrill,1610612749,2020-21
203507-1626192-1627854-1628978-1629603,G. Antetokounmpo - P. Connaughton - B. Forbes - D. DiVincenzo - M. Diakite,1610612749,2020-21
201950-203507-1626171-1628978-1630241,J. Holiday - G. Antetokounmpo - B. Portis - D. DiVincenzo - S. Merrill,1610612749,2020-21
201950-203507-1626171-1626192-1630241,J. Holiday - G. Antetokounmpo - B. Portis - P. Connaughton - S. Merrill,1610612749,2020-21
201950-203114-203507-1626171-1628470,J. Holiday - K. Middleton - G. Antetokounmpo - B. Portis - T. Craig,1610612749,2020-21
201952-203114-203507-1626192-1627854,J. Teague - K. Middleton - G. Antetokounmpo - P. Connaughton - B. Forbes,1610612749,2020-21
203114-203507-1626171-1628470-1628978,K. Middleton - G. Antetokounmpo - B. Portis - T. Craig - D. DiVincenzo,1610612749,2020-21
200782-201952-203507-1626192-1628978,P. Tucker - J. Teague - G. Antetokounmpo - P. Connaughton - D. DiVincenzo,1610612749,2020-21
201572-203507-1627854-1628978-1630241,B. Lopez - G. Antetokounmpo - B. Forbes - D. DiVincenzo - S. Merrill,1610612749,2020-21
201572-203507-203648-1626192-1627854,B. Lopez - G. Antetokounmpo - T. Antetokounmpo - P. Connaughton - B. Forbes,1610612749,2020-21
201572-201950-203114-203507-1626171,B. Lopez - J. Holiday - K. Middleton - G. Antetokounmpo - B. Portis,1610612749,2020-21
201572-201950-203114-203507-1629670,B. Lopez - J. Holiday - K. Middleton - G. Antetokounmpo - J. Nwora,1610612749,2020-21
201572-201952-203507-1626192-1627854,B. Lopez - J. Teague - G. Antetokounmpo - P. Connaughton - B. Forbes,1610612749,2020-21
201572-201952-203114-203507-1627854,B. Lopez - J. Teague - K. Middleton - G. Antetokounmpo - B. Forbes,1610612749,2020-21
201571-201572-203507-1626192-1628470,D. Augustin - B. Lopez - G. Antetokounmpo - P. Connaughton - T. Craig,1610612749,2020-21
201571-201572-203114-203507-1626171,D. Augustin - B. Lopez - K. Middleton - G. Antetokounmpo - B. Portis,1610612749,2020-21
201571-203507-1627854-1628470-1628978,D. Augustin - G. Antetokounmpo - B. Forbes - T. Craig - D. DiVincenzo,1610612749,2020-21
201571-203507-1626171-1627854-1628978,D. Augustin - G. Antetokounmpo - B. Portis - B. Forbes - D. DiVincenzo,1610612749,2020-21
201571-203507-203648-1626192-1628978,D. Augustin - G. Antetokounmpo - T. Antetokounmpo - P. Connaughton - D. DiVincenzo,1610612749,2020-21
201950-203507-1626171-1628978-1629670,J. Holiday - G. Antetokounmpo - B. Portis - D. DiVincenzo - J. Nwora,1610612749,2020-21
201950-201952-203507-1626192-1627854,J. Holiday - J. Teague - G. Antetokounmpo - P. Connaughton - B. Forbes,1610612749,2020-21
201952-203507-1626171-1626192-1627854,J. Teague - G. Antetokounmpo - B. Portis - P. Connaughton - B. Forbes,1610612749,2020-21
201952-203507-1626171-1626192-1628978,J. Teague - G. Antetokounmpo - B. Portis - P. Connaughton - D. DiVincenzo,1610612749,2020-21
203114-203507-1627854-1628470-1628978,K. Middleton - G. Antetokounmpo - B. Forbes - T. Craig - D. DiVincenzo,1610612749,2020-21
203114-203507-1626171-1626192-1627854,K. Middleton - G. Antetokounmpo - B. Portis - P. Connaughton - B. Forbes,1610612749,2020-21
203114-203507-203648-1627854-1628978,K. Middleton - G. Antetokounmpo - T. Antetokounmpo - B. Forbes - D. DiVincenzo,1610612749,2020-21
200782-201572-201950-203507-1627854,P. Tucker - B. Lopez - J. Holiday - G. Antetokounmpo - B. Forbes,1610612749,2020-21
200782-201572-201950-203507-1626192,P. Tucker - B. Lopez - J. Holiday - G. Antetokounmpo - P. Connaughton,1610612749,2020-21
200782-203507-1626192-1627854-1628978,P. Tucker - G. Antetokounmpo - P. Connaughton - B. Forbes - D. DiVincenzo,1610612749,2020-21
200782-201952-203114-203507-1628978,P. Tucker - J. Teague - K. Middleton - G. Antetokounmpo - D. DiVincenzo,1610612749,2020-21
200782-203114-203507-1626171-1628978,P. Tucker - K. Middleton - G. Antetokounmpo - B. Portis - D. DiVincenzo,1610612749,2020-21
201572-201950-201952-203507-1626192,B. Lopez - J. Holiday - J. Teague - G. Antetokounmpo - P. Connaughton,1610612749,2020-21
201952-203507-1626192-1627854-1628978,J. Teague - G. Antetokounmpo - P. Connaughton - B. Forbes - D. DiVincenzo,1610612749,2020-21
201952-203114-203507-1626171-1627854,J. Teague - K. Middleton - G. Antetokounmpo - B. Portis - B. Forbes,1610612749,2020-21
201572-202083-202339-203114-203507,B. Lopez - W. Matthews - E. Bledsoe - K. Middleton - G. Antetokounmpo,1610612749,2019-20
201572-202083-202339-203507-1628978,B. Lopez - W. Matthews - E. Bledsoe - G. Antetokounmpo - D. DiVincenzo,1610612749,2019-20
201572-202083-203114-203507-1628978,B. Lopez - W. Matthews - K. Middleton - G. Antetokounmpo - D. DiVincenzo,1610612749,2019-20
201572-201588-202083-203114-203507,B. Lopez - G. Hill - W. Matthews - K. Middleton - G. Antetokounmpo,1610612749,2019-20
201572-202339-203114-203507-1628978,B. Lopez - E. Bledsoe - K. Middleton - G. Antetokounmpo - D. DiVincenzo,1610612749,2019-20
2594-201572-202339-203114-203507,K. Korver - B. Lopez - E. Bledsoe - K. Middleton - G. Antetokounmpo,1610612749,2019-20
201577-202083-202339-203114-203507,R. Lopez - W. Matthews - E. Bledsoe - K. Middleton - G. Antetokounmpo,1610612749,2019-20
2594-201577-201588-203507-1626192,K. Korver - R. Lopez - G. Hill - G. Antetokounmpo - P. Connaughton,1610612749,2019-20
201577-202083-202339-203507-1628978,R. Lopez - W. Matthews - E. Bledsoe - G. Antetokounmpo - D. DiVincenzo,1610612749,2019-20
2594-201572-203114-203507-1628978,K. Korver - B. Lopez - K. Middleton - G. Antetokounmpo - D. DiVincenzo,1610612749,2019-20
2594-201577-203507-1626192-1628978,K. Korver - R. Lopez - G. Antetokounmpo - P. Connaughton - D. DiVincenzo,1610612749,2019-20
201572-202083-202339-203507-1628425,B. Lopez - W. Matthews - E. Bledsoe - G. Antetokounmpo - S. Brown,1610612749,2019-20
201577-201588-203507-1626192-1628978,R. Lopez - G. Hill - G. Antetokounmpo - P. Connaughton - D. DiVincenzo,1610612749,2019-20
2594-201572-201588-202083-203507,K. Korver - B. Lopez - G. Hill - W. Matthews - G. Antetokounmpo,1610612749,2019-20
2594-201572-202083-202339-203507,K. Korver - B. Lopez - W. Matthews - E. Bledsoe - G. Antetokounmpo,1610612749,2019-20
201572-202339-203114-203507-1626192,B. Lopez - E. Bledsoe - K. Middleton - G. Antetokounmpo - P. Connaughton,1610612749,2019-20
201572-201588-203114-203507-1628978,B. Lopez - G. Hill - K. Middleton - G. Antetokounmpo - D. DiVincenzo,1610612749,2019-20
201572-202083-202339-203507-1626192,B. Lopez - W. Matthews - E. Bledsoe - G. Antetokounmpo - P. Connaughton,1610612749,2019-20
201572-201588-202339-203114-203507,B. Lopez - G. Hill - E. Bledsoe - K. Middleton - G. Antetokounmpo,1610612749,2019-20
2594-201572-202339-203507-1628978,K. Korver - B. Lopez - E. Bledsoe - G. Antetokounmpo - D. DiVincenzo,1610612749,2019-20
201572-202339-203507-1626192-1628978,B. Lopez - E. Bledsoe - G. Antetokounmpo - P. Connaughton - D. DiVincenzo,1610612749,2019-20
201572-201588-203507-1626192-1628978,B. Lopez - G. Hill - G. Antetokounmpo - P. Connaughton - D. DiVincenzo,1610612749,2019-20
201572-201588-202083-203507-1628978,B. Lopez - G. Hill - W. Matthews - G. Antetokounmpo - D. DiVincenzo,1610612749,2019-20
2594-201577-202339-203507-1626192,K. Korver - R. Lopez - E. Bledsoe - G. Antetokounmpo - P. Connaughton,1610612749,2019-20
2594-201577-202339-203114-203507,K. Korver - R. Lopez - E. Bledsoe - K. Middleton - G. Antetokounmpo,1610612749,2019-20
201572-201588-203507-1626192-1628425,B. Lopez - G. Hill - G. Antetokounmpo - P. Connaughton - S. Brown,1610612749,2019-20
201572-201588-202083-203507-1626192,B. Lopez - G. Hill - W. Matthews - G. Antetokounmpo - P. Connaughton,1610612749,2019-20
201572-202083-203507-1626192-1628978,B. Lopez - W. Matthews - G. Antetokounmpo - P. Connaughton - D. DiVincenzo,1610612749,2019-20
2594-201577-201588-203507-1628978,K. Korver - R. Lopez - G. Hill - G. Antetokounmpo - D. DiVincenzo,1610612749,2019-20
201577-201588-203114-203507-1628978,R. Lopez - G. Hill - K. Middleton - G. Antetokounmpo - D. DiVincenzo,1610612749,2019-20
201577-203114-203507-1626192-1628978,R. Lopez - K. Middleton - G. Antetokounmpo - P. Connaughton - D. DiVincenzo,1610612749,2019-20
201572-202339-203507-1628425-1628978,B. Lopez - E. Bledsoe - G. Antetokounmpo - S. Brown - D. DiVincenzo,1610612749,2019-20
2594-201572-201588-203114-203507,K. Korver - B. Lopez - G. Hill - K. Middleton - G. Antetokounmpo,1610612749,2019-20
101141-201572-203114-203507-1628978,E. Ilyasova - B. Lopez - K. Middleton - G. Antetokounmpo - D. DiVincenzo,1610612749,2019-20
101141-201588-203507-1626192-1628978,E. Ilyasova - G. Hill - G. Antetokounmpo - P. Connaughton - D. DiVincenzo,1610612749,2019-20
201588-202083-203114-203507-1628425,G. Hill - W. Matthews - K. Middleton - G. Antetokounmpo - S. Brown,1610612749,2019-20
2594-201572-202339-203507-1626192,K. Korver - B. Lopez - E. Bledsoe - G. Antetokounmpo - P. Connaughton,1610612749,2019-20
2594-201577-201588-203114-203507,K. Korver - R. Lopez - G. Hill - K. Middleton - G. Antetokounmpo,1610612749,2019-20
202083-202339-203114-203507-1628978,W. Matthews - E. Bledsoe - K. Middleton - G. Antetokounmpo - D. DiVincenzo,1610612749,2019-20
201572-203114-203507-1626192-1628978,B. Lopez - K. Middleton - G. Antetokounmpo - P. Connaughton - D. DiVincenzo,1610612749,2019-20
101141-201588-202083-203114-203507,E. Ilyasova - G. Hill - W. Matthews - K. Middleton - G. Antetokounmpo,1610612749,2019-20
2594-201572-201588-203507-1626192,K. Korver - B. Lopez - G. Hill - G. Antetokounmpo - P. Connaughton,1610612749,2019-20
2594-201588-203507-1626192-1628425,K. Korver - G. Hill - G. Antetokounmpo - P. Connaughton - S. Brown,1610612749,2019-20
201577-201588-203114-203507-1626192,R. Lopez - G. Hill - K. Middleton - G. Antetokounmpo - P. Connaughton,1610612749,2019-20
201577-201588-202083-203114-203507,R. Lopez - G. Hill - W. Matthews - K. Middleton - G. Antetokounmpo,1610612749,2019-20
201572-202083-203507-1628425-1628978,B. Lopez - W. Matthews - G. Antetokounmpo - S. Brown - D. DiVincenzo,1610612749,2019-20
101141-201588-202083-203507-1628978,E. Ilyasova - G. Hill - W. Matthews - G. Antetokounmpo - D. DiVincenzo,1610612749,2019-20
201588-202339-203114-203507-1628978,G. Hill - E. Bledsoe - K. Middleton - G. Antetokounmpo - D. DiVincenzo,1610612749,2019-20
2594-101141-202339-203507-1626192,K. Korver - E. Ilyasova - E. Bledsoe - G. Antetokounmpo - P. Connaughton,1610612749,2019-20
2594-201577-201588-203507-1628425,K. Korver - R. Lopez - G. Hill - G. Antetokounmpo - S. Brown,1610612749,2019-20
202339-203114-203507-1626192-1628978,E. Bledsoe - K. Middleton - G. Antetokounmpo - P. Connaughton - D. DiVincenzo,1610612749,2019-20
101141-201588-203114-203507-1628978,E. Ilyasova - G. Hill - K. Middleton - G. Antetokounmpo - D. DiVincenzo,1610612749,2019-20
201588-202339-203507-1626192-1628425,G. Hill - E. Bledsoe - G. Antetokounmpo - P. Connaughton - S. Brown,1610612749,2019-20
201588-203114-203507-1626192-1628978,G. Hill - K. Middleton - G. Antetokounmpo - P. Connaughton - D. DiVincenzo,1610612749,2019-20
201588-202083-202339-203507-1626192,G. Hill - W. Matthews - E. Bledsoe - G. Antetokounmpo - P. Connaughton,1610612749,2019-20
201588-202083-203114-203507-1628978,G. Hill - W. Matthews - K. Middleton - G. Antetokounmpo - D. DiVincenzo,1610612749,2019-20
2594-202339-203507-1628425-1628978,K. Korver - E. Bledsoe - G. Antetokounmpo - S. Brown - D. DiVincenzo,1610612749,2019-20
2594-101141-201588-203507-1626192,K. Korver - E. Ilyasova - G. Hill - G. Antetokounmpo - P. Connaughton,1610612749,2019-20
2594-201577-203114-203507-1628978,K. Korver - R. Lopez - K. Middleton - G. Antetokounmpo - D. DiVincenzo,1610612749,2019-20
101107-202339-203114-203507-1628978,M. Williams - E. Bledsoe - K. Middleton - G. Antetokounmpo - D. DiVincenzo,1610612749,2019-20
101107-201588-203114-203507-1628978,M. Williams - G. Hill - K. Middleton - G. Antetokounmpo - D. DiVincenzo,1610612749,2019-20
201572-203507-1626192-1628425-1628978,B. Lopez - G. Antetokounmpo - P. Connaughton - S. Brown - D. DiVincenzo,1610612749,2019-20
201572-201588-202339-203507-1628978,B. Lopez - G. Hill - E. Bledsoe - G. Antetokounmpo - D. DiVincenzo,1610612749,2019-20
201572-201588-203114-203507-1626192,B. Lopez - G. Hill - K. Middleton - G. Antetokounmpo - P. Connaughton,1610612749,2019-20
201572-201588-202083-202339-203507,B. Lopez - G. Hill - W. Matthews - E. Bledsoe - G. Antetokounmpo,1610612749,2019-20
101141-201588-203507-1626192-1628425,E. Ilyasova - G. Hill - G. Antetokounmpo - P. Connaughton - S. Brown,1610612749,2019-20
201588-202083-203507-1626192-1628978,G. Hill - W. Matthews - G. Antetokounmpo - P. Connaughton - D. DiVincenzo,1610612749,2019-20
201588-202083-203507-1628425-1628978,G. Hill - W. Matthews - G. Antetokounmpo - S. Brown - D. DiVincenzo,1610612749,2019-20
2594-202339-203507-1626192-1628978,K. Korver - E. Bledsoe - G. Antetokounmpo - P. Connaughton - D. DiVincenzo,1610612749,2019-20
2594-101141-201588-203114-203507,K. Korver - E. Ilyasova - G. Hill - K. Middleton - G. Antetokounmpo,1610612749,2019-20
2594-201577-201588-202083-203507,K. Korver - R. Lopez - G. Hill - W. Matthews - G. Antetokounmpo,1610612749,2019-20
101107-202083-202339-203114-203507,M. Williams - W. Matthews - E. Bledsoe - K. Middleton - G. Antetokounmpo,1610612749,2019-20
201577-202339-203507-1626192-1628978,R. Lopez - E. Bledsoe - G. Antetokounmpo - P. Connaughton - D. DiVincenzo,1610612749,2019-20
201577-201588-202339-203114-203507,R. Lopez - G. Hill - E. Bledsoe - K. Middleton - G. Antetokounmpo,1610612749,2019-20
202083-203114-203507-1626192-1628978,W. Matthews - K. Middleton - G. Antetokounmpo - P. Connaughton - D. DiVincenzo,1610612749,2019-20
201572-201588-203507-1628425-1628978,B. Lopez - G. Hill - G. Antetokounmpo - S. Brown - D. DiVincenzo,1610612749,2019-20
101141-202083-202339-203507-1628978,E. Ilyasova - W. Matthews - E. Bledsoe - G. Antetokounmpo - D. DiVincenzo,1610612749,2019-20
201588-202339-203507-1628425-1628978,G. Hill - E. Bledsoe - G. Antetokounmpo - S. Brown - D. DiVincenzo,1610612749,2019-20
201588-202083-203507-1626192-1628425,G. Hill - W. Matthews - G. Antetokounmpo - P. Connaughton - S. Brown,1610612749,2019-20
2594-202339-203114-203507-1626192,K. Korver - E. Bledsoe - K. Middleton - G. Antetokounmpo - P. Connaughton,1610612749,2019-20
2594-203507-1626192-1628425-1628978,K. Korver - G. Antetokounmpo - P. Connaughton - S. Brown - D. DiVincenzo,1610612749,2019-20
2594-203114-203507-1628425-1628978,K. Korver - K. Middleton - G. Antetokounmpo - S. Brown - D. DiVincenzo,1610612749,2019-20
2594-201577-201588-202339-203507,K. Korver - R. Lopez - G. Hill - E. Bledsoe - G. Antetokounmpo,1610612749,2019-20
2594-202083-203114-203507-1628978,K. Korver - W. Matthews - K. Middleton - G. Antetokounmpo - D. DiVincenzo,1610612749,2019-20
101107-201588-203507-1626192-1628978,M. Williams - G. Hill - G. Antetokounmpo - P. Connaughton - D. DiVincenzo,1610612749,2019-20
101107-201588-203507-1626192-1628425,M. Williams - G. Hill - G. Antetokounmpo - P. Connaughton - S. Brown,1610612749,2019-20
101107-201588-202083-203507-1628978,M. Williams - G. Hill - W. Matthews - G. Antetokounmpo - D. DiVincenzo,1610612749,2019-20
101107-201588-202083-203507-1626192,M. Williams - G. Hill - W. Matthews - G. Antetokounmpo - P. Connaughton,1610612749,2019-20
201577-201588-203507-1628425-1628978,R. Lopez - G. Hill - G. Antetokounmpo - S. Brown - D. DiVincenzo,1610612749,2019-20
201577-202083-203114-203507-1628978,R. Lopez - W. Matthews - K. Middleton - G. Antetokounmpo - D. DiVincenzo,1610612749,2019-20
201572-203114-203507-1628425-1628978,B. Lopez - K. Middleton - G. Antetokounmpo - S. Brown - D. DiVincenzo,1610612749,2019-20
202339-203507-1626192-1628425-1628978,E. Bledsoe - G. Antetokounmpo - P. Connaughton - S. Brown - D. DiVincenzo,1610612749,2019-20
101141-202339-203114-203507-1628978,E. Ilyasova - E. Bledsoe - K. Middleton - G. Antetokounmpo - D. DiVincenzo,1610612749,2019-20
101141-203507-1626192-1628425-1628978,E. Ilyasova - G. Antetokounmpo - P. Connaughton - S. Brown - D. DiVincenzo,1610612749,2019-20
101141-201588-203507-1628425-1628978,E. Ilyasova - G. Hill - G. Antetokounmpo - S. Brown - D. DiVincenzo,1610612749,2019-20
101141-201588-203114-203507-1628425,E. Ilyasova - G. Hill - K. Middleton - G. Antetokounmpo - S. Brown,1610612749,2019-20
101141-202083-202339-203114-203507,E. Ilyasova - W. Matthews - E. Bledsoe - K. Middleton - G. Antetokounmpo,1610612749,2019-20
201588-202339-203114-203507-1628425,G. Hill - E. Bledsoe - K. Middleton - G. Antetokounmpo - S. Brown,1610612749,2019-20
201588-202083-202339-203114-203507,G. Hill - W. Matthews - E. Bledsoe - K. Middleton - G. Antetokounmpo,1610612749,2019-20
201588-202083-203114-203507-1626192,G. Hill - W. Matthews - K. Middleton - G. Antetokounmpo - P. Connaughton,1610612749,2019-20
2594-201572-202083-203507-1628978,K. Korver - B. Lopez - W. Matthews - G. Antetokounmpo - D. DiVincenzo,1610612749,2019-20
2594-202339-203507-1627733-1628978,K. Korver - E. Bledsoe - G. Antetokounmpo - D. Bender - D. DiVincenzo,1610612749,2019-20
2594-202339-203114-203507-1628391,K. Korver - E. Bledsoe - K. Middleton - G. Antetokounmpo - D. Wilson,1610612749,2019-20
2594-101141-202339-203507-1628978,K. Korver - E. Ilyasova - E. Bledsoe - G. Antetokounmpo - D. DiVincenzo,1610612749,2019-20
2594-101141-202339-203114-203507,K. Korver - E. Ilyasova - E. Bledsoe - K. Middleton - G. Antetokounmpo,1610612749,2019-20
2594-101141-203114-203507-1628978,K. Korver - E. Ilyasova - K. Middleton - G. Antetokounmpo - D. DiVincenzo,1610612749,2019-20
2594-201588-203507-1627733-1628978,K. Korver - G. Hill - G. Antetokounmpo - D. Bender - D. DiVincenzo,1610612749,2019-20
2594-201588-203507-1626192-1628978,K. Korver - G. Hill - G. Antetokounmpo - P. Connaughton - D. DiVincenzo,1610612749,2019-20
2594-203114-203507-1626192-1628425,K. Korver - K. Middleton - G. Antetokounmpo - P. Connaughton - S. Brown,1610612749,2019-20
2594-101107-201588-203507-1628391,K. Korver - M. Williams - G. Hill - G. Antetokounmpo - D. Wilson,1610612749,2019-20
2594-201577-202083-203507-1628978,K. Korver - R. Lopez - W. Matthews - G. Antetokounmpo - D. DiVincenzo,1610612749,2019-20
2594-202083-202339-203114-203507,K. Korver - W. Matthews - E. Bledsoe - K. Middleton - G. Antetokounmpo,1610612749,2019-20
101107-201572-201588-203114-203507,M. Williams - B. Lopez - G. Hill - K. Middleton - G. Antetokounmpo,1610612749,2019-20
101107-202083-202339-203507-1628978,M. Williams - W. Matthews - E. Bledsoe - G. Antetokounmpo - D. DiVincenzo,1610612749,2019-20
201577-201588-202083-202339-203507,R. Lopez - G. Hill - W. Matthews - E. Bledsoe - G. Antetokounmpo,1610612749,2019-20
201577-201588-202083-203507-1628978,R. Lopez - G. Hill - W. Matthews - G. Antetokounmpo - D. DiVincenzo,1610612749,2019-20
202083-202339-203114-203507-203648,W. Matthews - E. Bledsoe - K. Middleton - G. Antetokounmpo - T. Antetokounmpo,1610612749,2019-20
2594-201572-203507-1626192-1628978,K. Korver - B. Lopez - G. Antetokounmpo - P. Connaughton - D. DiVincenzo,1610612749,2019-20
201572-202339-203114-203507-1627763,B. Lopez - E. Bledsoe - K. Middleton - G. Antetokounmpo - M. Brogdon,1610612749,2018-19
201572-202339-203114-203507-1628425,B. Lopez - E. Bledsoe - K. Middleton - G. Antetokounmpo - S. Brown,1610612749,2018-19
201572-202339-203114-203507-1626192,B. Lopez - E. Bledsoe - K. Middleton - G. Antetokounmpo - P. Connaughton,1610612749,2018-19
201572-202339-203114-203503-203507,B. Lopez - E. Bledsoe - K. Middleton - T. Snell - G. Antetokounmpo,1610612749,2018-19
101141-201572-202339-203114-203507,E. Ilyasova - B. Lopez - E. Bledsoe - K. Middleton - G. Antetokounmpo,1610612749,2018-19
201572-202339-202703-203114-203507,B. Lopez - E. Bledsoe - N. Mirotic - K. Middleton - G. Antetokounmpo,1610612749,2018-19
201572-202339-203503-203507-1626192,B. Lopez - E. Bledsoe - T. Snell - G. Antetokounmpo - P. Connaughton,1610612749,2018-19
101141-203503-203507-1626192-1627763,E. Ilyasova - T. Snell - G. Antetokounmpo - P. Connaughton - M. Brogdon,1610612749,2018-19
201572-201588-203114-203507-1627763,B. Lopez - G. Hill - K. Middleton - G. Antetokounmpo - M. Brogdon,1610612749,2018-19
201572-202339-203503-203507-1627763,B. Lopez - E. Bledsoe - T. Snell - G. Antetokounmpo - M. Brogdon,1610612749,2018-19
201572-201588-202339-203114-203507,B. Lopez - G. Hill - E. Bledsoe - K. Middleton - G. Antetokounmpo,1610612749,2018-19
101141-201588-203503-203507-1627763,E. Ilyasova - G. Hill - T. Snell - G. Antetokounmpo - M. Brogdon,1610612749,2018-19
203089-203503-203507-1627763-1628978,J. Henson - T. Snell - G. Antetokounmpo - M. Brogdon - D. DiVincenzo,1610612749,2018-19
201572-203503-203507-1626192-1627763,B. Lopez - T. Snell - G. Antetokounmpo - P. Connaughton - M. Brogdon,1610612749,2018-19
101141-202339-203503-203507-1627763,E. Ilyasova - E. Bledsoe - T. Snell - G. Antetokounmpo - M. Brogdon,1610612749,2018-19
201572-203114-203503-203507-1627763,B. Lopez - K. Middleton - T. Snell - G. Antetokounmpo - M. Brogdon,1610612749,2018-19
202339-203114-203503-203507-1628391,E. Bledsoe - K. Middleton - T. Snell - G. Antetokounmpo - D. Wilson,1610612749,2018-19
201572-202339-203507-1626192-1628425,B. Lopez - E. Bledsoe - G. Antetokounmpo - P. Connaughton - S. Brown,1610612749,2018-19
201572-201588-203114-203507-1626192,B. Lopez - G. Hill - K. Middleton - G. Antetokounmpo - P. Connaughton,1610612749,2018-19
101141-202339-203114-203507-1626192,E. Ilyasova - E. Bledsoe - K. Middleton - G. Antetokounmpo - P. Connaughton,1610612749,2018-19
201588-203503-203507-1627748-1627763,G. Hill - T. Snell - G. Antetokounmpo - T. Maker - M. Brogdon,1610612749,2018-19
201572-202339-203503-203507-1628978,B. Lopez - E. Bledsoe - T. Snell - G. Antetokounmpo - D. DiVincenzo,1610612749,2018-19
202339-203114-203507-1626192-1627763,E. Bledsoe - K. Middleton - G. Antetokounmpo - P. Connaughton - M. Brogdon,1610612749,2018-19
202339-203503-203507-1627748-1627763,E. Bledsoe - T. Snell - G. Antetokounmpo - T. Maker - M. Brogdon,1610612749,2018-19
201572-203503-203507-1627763-1628978,B. Lopez - T. Snell - G. Antetokounmpo - M. Brogdon - D. DiVincenzo,1610612749,2018-19
101141-202339-203114-203507-1627763,E. Ilyasova - E. Bledsoe - K. Middleton - G. Antetokounmpo - M. Brogdon,1610612749,2018-19
203503-203507-1626192-1627748-1627763,T. Snell - G. Antetokounmpo - P. Connaughton - T. Maker - M. Brogdon,1610612749,2018-19
201572-201588-203114-203507-1628425,B. Lopez - G. Hill - K. Middleton - G. Antetokounmpo - S. Brown,1610612749,2018-19
201572-203114-203507-1627763-1628425,B. Lopez - K. Middleton - G. Antetokounmpo - M. Brogdon - S. Brown,1610612749,2018-19
101141-203089-203507-1627763-1628978,E. Ilyasova - J. Henson - G. Antetokounmpo - M. Brogdon - D. DiVincenzo,1610612749,2018-19
101141-202339-203503-203507-1626192,E. Ilyasova - E. Bledsoe - T. Snell - G. Antetokounmpo - P. Connaughton,1610612749,2018-19
101141-201588-203507-1627763-1628425,E. Ilyasova - G. Hill - G. Antetokounmpo - M. Brogdon - S. Brown,1610612749,2018-19
201588-202339-203503-203507-1628391,G. Hill - E. Bledsoe - T. Snell - G. Antetokounmpo - D. Wilson,1610612749,2018-19
201572-203114-203507-1626192-1627763,B. Lopez - K. Middleton - G. Antetokounmpo - P. Connaughton - M. Brogdon,1610612749,2018-19
201588-203503-203507-1627763-1628391,G. Hill - T. Snell - G. Antetokounmpo - M. Brogdon - D. Wilson,1610612749,2018-19
201572-202339-203507-1627763-1628425,B. Lopez - E. Bledsoe - G. Antetokounmpo - M. Brogdon - S. Brown,1610612749,2018-19
202339-203503-203507-1626192-1627748,E. Bledsoe - T. Snell - G. Antetokounmpo - P. Connaughton - T. Maker,1610612749,2018-19
101141-201572-203114-203507-1627763,E. Ilyasova - B. Lopez - K. Middleton - G. Antetokounmpo - M. Brogdon,1610612749,2018-19
201572-202339-203503-203507-1628425,B. Lopez - E. Bledsoe - T. Snell - G. Antetokounmpo - S. Brown,1610612749,2018-19
201572-201588-203507-1626192-1628425,B. Lopez - G. Hill - G. Antetokounmpo - P. Connaughton - S. Brown,1610612749,2018-19
101141-201572-202703-203114-203507,E. Ilyasova - B. Lopez - N. Mirotic - K. Middleton - G. Antetokounmpo,1610612749,2018-19
201588-202339-203503-203507-1627748,G. Hill - E. Bledsoe - T. Snell - G. Antetokounmpo - T. Maker,1610612749,2018-19
201572-202339-203507-1626192-1627763,B. Lopez - E. Bledsoe - G. Antetokounmpo - P. Connaughton - M. Brogdon,1610612749,2018-19
202339-203503-203507-1627763-1628391,E. Bledsoe - T. Snell - G. Antetokounmpo - M. Brogdon - D. Wilson,1610612749,2018-19
101141-202339-203114-203507-1628978,E. Ilyasova - E. Bledsoe - K. Middleton - G. Antetokounmpo - D. DiVincenzo,1610612749,2018-19
201572-202339-203114-203507-1628978,B. Lopez - E. Bledsoe - K. Middleton - G. Antetokounmpo - D. DiVincenzo,1610612749,2018-19
202339-203507-1626192-1627763-1628425,E. Bledsoe - G. Antetokounmpo - P. Connaughton - M. Brogdon - S. Brown,1610612749,2018-19
101141-202339-203503-203507-1628425,E. Ilyasova - E. Bledsoe - T. Snell - G. Antetokounmpo - S. Brown,1610612749,2018-19
101141-201588-202339-203507-1628425,E. Ilyasova - G. Hill - E. Bledsoe - G. Antetokounmpo - S. Brown,1610612749,2018-19
101141-203114-203503-203507-1627763,E. Ilyasova - K. Middleton - T. Snell - G. Antetokounmpo - M. Brogdon,1610612749,2018-19
101141-203503-203507-1627763-1628978,E. Ilyasova - T. Snell - G. Antetokounmpo - M. Brogdon - D. DiVincenzo,1610612749,2018-19
201588-203114-203507-1626192-1628391,G. Hill - K. Middleton - G. Antetokounmpo - P. Connaughton - D. Wilson,1610612749,2018-19
201572-202703-203114-203507-1627763,B. Lopez - N. Mirotic - K. Middleton - G. Antetokounmpo - M. Brogdon,1610612749,2018-19
101141-201588-203507-1626192-1628391,E. Ilyasova - G. Hill - G. Antetokounmpo - P. Connaughton - D. Wilson,1610612749,2018-19
101141-203114-203507-1627763-1628978,E. Ilyasova - K. Middleton - G. Antetokounmpo - M. Brogdon - D. DiVincenzo,1610612749,2018-19
101141-202703-203503-203507-1627763,E. Ilyasova - N. Mirotic - T. Snell - G. Antetokounmpo - M. Brogdon,1610612749,2018-19
201588-203507-1627748-1627763-1628425,G. Hill - G. Antetokounmpo - T. Maker - M. Brogdon - S. Brown,1610612749,2018-19
201572-202703-203114-203507-1626192,B. Lopez - N. Mirotic - K. Middleton - G. Antetokounmpo - P. Connaughton,1610612749,2018-19
101141-202339-203507-1626192-1628425,E. Ilyasova - E. Bledsoe - G. Antetokounmpo - P. Connaughton - S. Brown,1610612749,2018-19
101141-203114-203507-1626192-1627763,E. Ilyasova - K. Middleton - G. Antetokounmpo - P. Connaughton - M. Brogdon,1610612749,2018-19
201588-202339-203114-203507-1627763,G. Hill - E. Bledsoe - K. Middleton - G. Antetokounmpo - M. Brogdon,1610612749,2018-19
201588-203114-203507-1627763-1628391,G. Hill - K. Middleton - G. Antetokounmpo - M. Brogdon - D. Wilson,1610612749,2018-19
203503-203507-1627748-1627763-1628425,T. Snell - G. Antetokounmpo - T. Maker - M. Brogdon - S. Brown,1610612749,2018-19
201572-203507-1626192-1627763-1628425,B. Lopez - G. Antetokounmpo - P. Connaughton - M. Brogdon - S. Brown,1610612749,2018-19
201572-201588-202339-203507-1627763,B. Lopez - G. Hill - E. Bledsoe - G. Antetokounmpo - M. Brogdon,1610612749,2018-19
201572-201588-203114-203503-203507,B. Lopez - G. Hill - K. Middleton - T. Snell - G. Antetokounmpo,1610612749,2018-19
201572-203114-203507-1627763-1628978,B. Lopez - K. Middleton - G. Antetokounmpo - M. Brogdon - D. DiVincenzo,1610612749,2018-19
201572-203503-203507-203521-1626192,B. Lopez - T. Snell - G. Antetokounmpo - M. Dellavedova - P. Connaughton,1610612749,2018-19
202339-203507-1626192-1628391-1628425,E. Bledsoe - G. Antetokounmpo - P. Connaughton - D. Wilson - S. Brown,1610612749,2018-19
202339-203114-203507-1627763-1628425,E. Bledsoe - K. Middleton - G. Antetokounmpo - M. Brogdon - S. Brown,1610612749,2018-19
202339-203114-203507-1626192-1627748,E. Bledsoe - K. Middleton - G. Antetokounmpo - P. Connaughton - T. Maker,1610612749,2018-19
202339-203114-203507-1627748-1627763,E. Bledsoe - K. Middleton - G. Antetokounmpo - T. Maker - M. Brogdon,1610612749,2018-19
101141-201572-203507-1627763-1628978,E. Ilyasova - B. Lopez - G. Antetokounmpo - M. Brogdon - D. DiVincenzo,1610612749,2018-19
101141-201572-201588-203114-203507,E. Ilyasova - B. Lopez - G. Hill - K. Middleton - G. Antetokounmpo,1610612749,2018-19
101141-202339-203507-1626192-1627763,E. Ilyasova - E. Bledsoe - G. Antetokounmpo - P. Connaughton - M. Brogdon,1610612749,2018-19
101141-201588-202339-203503-203507,E. Ilyasova - G. Hill - E. Bledsoe - T. Snell - G. Antetokounmpo,1610612749,2018-19
101141-201588-203507-1628537-1628978,E. Ilyasova - G. Hill - G. Antetokounmpo - J. Morris - D. DiVincenzo,1610612749,2018-19
101141-202703-203503-203507-1626192,E. Ilyasova - N. Mirotic - T. Snell - G. Antetokounmpo - P. Connaughton,1610612749,2018-19
101141-203503-203507-1627763-1628425,E. Ilyasova - T. Snell - G. Antetokounmpo - M. Brogdon - S. Brown,1610612749,2018-19
203503-203507-1627748-1627763-1628978,T. Snell - G. Antetokounmpo - T. Maker - M. Brogdon - D. DiVincenzo,1610612749,2018-19
201572-201588-203503-203507-1627763,B. Lopez - G. Hill - T. Snell - G. Antetokounmpo - M. Brogdon,1610612749,2018-19
202339-203114-203507-1628391-1628425,E. Bledsoe - K. Middleton - G. Antetokounmpo - D. Wilson - S. Brown,1610612749,2018-19
202339-202703-203114-203507-1626192,E. Bledsoe - N. Mirotic - K. Middleton - G. Antetokounmpo - P. Connaughton,1610612749,2018-19
202339-203503-203507-1626192-1628391,E. Bledsoe - T. Snell - G. Antetokounmpo - P. Connaughton - D. Wilson,1610612749,2018-19
101141-202339-203089-203114-203507,E. Ilyasova - E. Bledsoe - J. Henson - K. Middleton - G. Antetokounmpo,1610612749,2018-19
101141-202339-203114-203507-1628425,E. Ilyasova - E. Bledsoe - K. Middleton - G. Antetokounmpo - S. Brown,1610612749,2018-19
101141-201588-203114-203507-1626192,E. Ilyasova - G. Hill - K. Middleton - G. Antetokounmpo - P. Connaughton,1610612749,2018-19
101141-201588-203114-203507-1628425,E. Ilyasova - G. Hill - K. Middleton - G. Antetokounmpo - S. Brown,1610612749,2018-19
101141-201588-203503-203507-1626192,E. Ilyasova - G. Hill - T. Snell - G. Antetokounmpo - P. Connaughton,1610612749,2018-19
101141-201588-203503-203507-1628425,E. Ilyasova - G. Hill - T. Snell - G. Antetokounmpo - S. Brown,1610612749,2018-19
201588-202339-203114-203507-1628391,G. Hill - E. Bledsoe - K. Middleton - G. Antetokounmpo - D. Wilson,1610612749,2018-19
201588-203114-203503-203507-1627763,G. Hill - K. Middleton - T. Snell - G. Antetokounmpo - M. Brogdon,1610612749,2018-19
201572-202339-202703-203507-1626192,B. Lopez - E. Bledsoe - N. Mirotic - G. Antetokounmpo - P. Connaughton,1610612749,2018-19
201572-201588-202339-203507-1628425,B. Lopez - G. Hill - E. Bledsoe - G. Antetokounmpo - S. Brown,1610612749,2018-19
201572-201588-203503-203507-1626192,B. Lopez - G. Hill - T. Snell - G. Antetokounmpo - P. Connaughton,1610612749,2018-19
201572-203114-203507-1626192-1628391,B. Lopez - K. Middleton - G. Antetokounmpo - P. Connaughton - D. Wilson,1610612749,2018-19
201572-203503-203507-1627763-1628425,B. Lopez - T. Snell - G. Antetokounmpo - M. Brogdon - S. Brown,1610612749,2018-19
202339-203507-204025-1628391-1628425,E. Bledsoe - G. Antetokounmpo - T. Frazier - D. Wilson - S. Brown,1610612749,2018-19
202339-203089-203114-203507-1627763,E. Bledsoe - J. Henson - K. Middleton - G. Antetokounmpo - M. Brogdon,1610612749,2018-19
101141-201572-202339-203507-1628978,E. Ilyasova - B. Lopez - E. Bledsoe - G. Antetokounmpo - D. DiVincenzo,1610612749,2018-19
101141-201572-202339-203507-1627763,E. Ilyasova - B. Lopez - E. Bledsoe - G. Antetokounmpo - M. Brogdon,1610612749,2018-19
101141-202339-203089-203507-1628978,E. Ilyasova - E. Bledsoe - J. Henson - G. Antetokounmpo - D. DiVincenzo,1610612749,2018-19
101141-202339-203114-203503-203507,E. Ilyasova - E. Bledsoe - K. Middleton - T. Snell - G. Antetokounmpo,1610612749,2018-19
101141-201588-203507-1626192-1627763,E. Ilyasova - G. Hill - G. Antetokounmpo - P. Connaughton - M. Brogdon,1610612749,2018-19
101141-201588-203114-203507-1627763,E. Ilyasova - G. Hill - K. Middleton - G. Antetokounmpo - M. Brogdon,1610612749,2018-19
101141-201588-203503-203507-1628978,E. Ilyasova - G. Hill - T. Snell - G. Antetokounmpo - D. DiVincenzo,1610612749,2018-19
201588-202339-203507-1627748-1628425,G. Hill - E. Bledsoe - G. Antetokounmpo - T. Maker - S. Brown,1610612749,2018-19
201588-203114-203507-1628391-1628425,G. Hill - K. Middleton - G. Antetokounmpo - D. Wilson - S. Brown,1610612749,2018-19
201588-203114-203503-203507-1628425,G. Hill - K. Middleton - T. Snell - G. Antetokounmpo - S. Brown,1610612749,2018-19
201588-203503-203507-1626192-1627763,G. Hill - T. Snell - G. Antetokounmpo - P. Connaughton - M. Brogdon,1610612749,2018-19
203114-203503-203507-1627748-1627763,K. Middleton - T. Snell - G. Antetokounmpo - T. Maker - M. Brogdon,1610612749,2018-19
202703-203114-203507-1626192-1627763,N. Mirotic - K. Middleton - G. Antetokounmpo - P. Connaughton - M. Brogdon,1610612749,2018-19
203503-203507-1626192-1627763-1628978,T. Snell - G. Antetokounmpo - P. Connaughton - M. Brogdon - D. DiVincenzo,1610612749,2018-19
201572-201588-202339-203507-1628978,B. Lopez - G. Hill - E. Bledsoe - G. Antetokounmpo - D. DiVincenzo,1610612749,2018-19
202339-202703-203503-203507-1628391,E. Bledsoe - N. Mirotic - T. Snell - G. Antetokounmpo - D. Wilson,1610612749,2018-19
202339-203503-203507-1628391-1628425,E. Bledsoe - T. Snell - G. Antetokounmpo - D. Wilson - S. Brown,1610612749,2018-19
101141-201588-203507-1628391-1628425,E. Ilyasova - G. Hill - G. Antetokounmpo - D. Wilson - S. Brown,1610612749,2018-19
101141-203503-203507-203521-1626192,E. Ilyasova - T. Snell - G. Antetokounmpo - M. Dellavedova - P. Connaughton,1610612749,2018-19
201588-203503-203507-1626192-1628391,G. Hill - T. Snell - G. Antetokounmpo - P. Connaughton - D. Wilson,1610612749,2018-19
203114-203507-1627763-1628391-1628425,K. Middleton - G. Antetokounmpo - M. Brogdon - D. Wilson - S. Brown,1610612749,2018-19
202703-203114-203503-203507-1627763,N. Mirotic - K. Middleton - T. Snell - G. Antetokounmpo - M. Brogdon,1610612749,2018-19
202339-203089-203114-203503-203507,E. Bledsoe - J. Henson - K. Middleton - T. Snell - G. Antetokounmpo,1610612749,2017-18
202339-203089-203114-203507-1627763,E. Bledsoe - J. Henson - K. Middleton - G. Antetokounmpo - M. Brogdon,1610612749,2017-18
203089-203114-203503-203507-1627763,J. Henson - K. Middleton - T. Snell - G. Antetokounmpo - M. Brogdon,1610612749,2017-18
202339-203114-203503-203507-1627748,E. Bledsoe - K. Middleton - T. Snell - G. Antetokounmpo - T. Maker,1610612749,2017-18
203114-203503-203507-1627748-1627763,K. Middleton - T. Snell - G. Antetokounmpo - T. Maker - M. Brogdon,1610612749,2017-18
1891-202339-203089-203114-203507,J. Terry - E. Bledsoe - J. Henson - K. Middleton - G. Antetokounmpo,1610612749,2017-18
202339-203092-203114-203503-203507,E. Bledsoe - T. Zeller - K. Middleton - T. Snell - G. Antetokounmpo,1610612749,2017-18
202339-203089-203114-203507-1627780,E. Bledsoe - J. Henson - K. Middleton - G. Antetokounmpo - G. Payton II,1610612749,2017-18
203089-203114-203503-203507-203521,J. Henson - K. Middleton - T. Snell - G. Antetokounmpo - M. Dellavedova,1610612749,2017-18
1891-203092-203507-203953-1628425,J. Terry - T. Zeller - G. Antetokounmpo - J. Parker - S. Brown,1610612749,2017-18
202339-203089-203503-203507-1627763,E. Bledsoe - J. Henson - T. Snell - G. Antetokounmpo - M. Brogdon,1610612749,2017-18
202339-203114-203507-1627748-1627763,E. Bledsoe - K. Middleton - G. Antetokounmpo - T. Maker - M. Brogdon,1610612749,2017-18
202732-203114-203507-1627748-1627763,D. Liggins - K. Middleton - G. Antetokounmpo - T. Maker - M. Brogdon,1610612749,2017-18
202339-203114-203503-203507-1627763,E. Bledsoe - K. Middleton - T. Snell - G. Antetokounmpo - M. Brogdon,1610612749,2017-18
203114-203503-203507-203521-1627748,K. Middleton - T. Snell - G. Antetokounmpo - M. Dellavedova - T. Maker,1610612749,2017-18
202339-203089-203114-203507-1628425,E. Bledsoe - J. Henson - K. Middleton - G. Antetokounmpo - S. Brown,1610612749,2017-18
202339-203089-203114-203507-203953,E. Bledsoe - J. Henson - K. Middleton - G. Antetokounmpo - J. Parker,1610612749,2017-18
1891-203507-203953-1627748-1628425,J. Terry - G. Antetokounmpo - J. Parker - T. Maker - S. Brown,1610612749,2017-18
1891-203507-203521-1627748-1628425,J. Terry - G. Antetokounmpo - M. Dellavedova - T. Maker - S. Brown,1610612749,2017-18
203503-203507-203521-1627748-1627763,T. Snell - G. Antetokounmpo - M. Dellavedova - T. Maker - M. Brogdon,1610612749,2017-18
202732-203507-203521-1627748-1627763,D. Liggins - G. Antetokounmpo - M. Dellavedova - T. Maker - M. Brogdon,1610612749,2017-18
202732-203507-1626173-1627748-1627763,D. Liggins - G. Antetokounmpo - R. Vaughn - T. Maker - M. Brogdon,1610612749,2017-18
202732-203503-203507-1627748-1627763,D. Liggins - T. Snell - G. Antetokounmpo - T. Maker - M. Brogdon,1610612749,2017-18
203503-203507-203521-1627748-1628425,T. Snell - G. Antetokounmpo - M. Dellavedova - T. Maker - S. Brown,1610612749,2017-18
203089-203114-203507-203521-1627763,J. Henson - K. Middleton - G. Antetokounmpo - M. Dellavedova - M. Brogdon,1610612749,2017-18
202339-202732-203089-203114-203507,E. Bledsoe - D. Liggins - J. Henson - K. Middleton - G. Antetokounmpo,1610612749,2017-18
1891-203092-203498-203507-203953,J. Terry - T. Zeller - S. Muhammad - G. Antetokounmpo - J. Parker,1610612749,2017-18
202339-203114-203507-203521-1627763,E. Bledsoe - K. Middleton - G. Antetokounmpo - M. Dellavedova - M. Brogdon,1610612749,2017-18
1891-202339-203114-203507-203953,J. Terry - E. Bledsoe - K. Middleton - G. Antetokounmpo - J. Parker,1610612749,2017-18
202339-203114-203503-203507-203953,E. Bledsoe - K. Middleton - T. Snell - G. Antetokounmpo - J. Parker,1610612749,2017-18
1891-202339-203089-203507-203953,J. Terry - E. Bledsoe - J. Henson - G. Antetokounmpo - J. Parker,1610612749,2017-18
202732-203089-203503-203507-1627763,D. Liggins - J. Henson - T. Snell - G. Antetokounmpo - M. Brogdon,1610612749,2017-18
202339-203089-203114-203507-203521,E. Bledsoe - J. Henson - K. Middleton - G. Antetokounmpo - M. Dellavedova,1610612749,2017-18
203114-203507-203521-1627748-1627763,K. Middleton - G. Antetokounmpo - M. Dellavedova - T. Maker - M. Brogdon,1610612749,2017-18
202339-202732-203089-203507-1627763,E. Bledsoe - D. Liggins - J. Henson - G. Antetokounmpo - M. Brogdon,1610612749,2017-18
202339-203092-203114-203507-203953,E. Bledsoe - T. Zeller - K. Middleton - G. Antetokounmpo - J. Parker,1610612749,2017-18
202732-203089-203114-203507-1627763,D. Liggins - J. Henson - K. Middleton - G. Antetokounmpo - M. Brogdon,1610612749,2017-18
1891-202339-203114-203503-203507,J. Terry - E. Bledsoe - K. Middleton - T. Snell - G. Antetokounmpo,1610612749,2017-18
1891-202339-203092-203507-203953,J. Terry - E. Bledsoe - T. Zeller - G. Antetokounmpo - J. Parker,1610612749,2017-18
203089-203141-203507-203521-1626173,J. Henson - M. Teletovic - G. Antetokounmpo - M. Dellavedova - R. Vaughn,1610612749,2017-18
1891-203092-203114-203507-203953,J. Terry - T. Zeller - K. Middleton - G. Antetokounmpo - J. Parker,1610612749,2017-18
202339-202732-203507-1627748-1627763,E. Bledsoe - D. Liggins - G. Antetokounmpo - T. Maker - M. Brogdon,1610612749,2017-18
203507-203521-203930-1627748-1627763,G. Antetokounmpo - M. Dellavedova - S. Kilpatrick - T. Maker - M. Brogdon,1610612749,2017-18
203507-203521-203930-1627748-1628425,G. Antetokounmpo - M. Dellavedova - S. Kilpatrick - T. Maker - S. Brown,1610612749,2017-18
202328-203141-203503-203507-203521,G. Monroe - M. Teletovic - T. Snell - G. Antetokounmpo - M. Dellavedova,1610612749,2017-18
203089-203503-203507-203521-1627763,J. Henson - T. Snell - G. Antetokounmpo - M. Dellavedova - M. Brogdon,1610612749,2017-18
1891-201943-203507-203953-1627748,J. Terry - B. Jennings - G. Antetokounmpo - J. Parker - T. Maker,1610612749,2017-18
1891-203507-203930-203953-1627748,J. Terry - G. Antetokounmpo - S. Kilpatrick - J. Parker - T. Maker,1610612749,2017-18
1891-203507-203930-1627748-1628425,J. Terry - G. Antetokounmpo - S. Kilpatrick - T. Maker - S. Brown,1610612749,2017-18
1891-203092-203507-203930-1628425,J. Terry - T. Zeller - G. Antetokounmpo - S. Kilpatrick - S. Brown,1610612749,2017-18
202339-203114-203507-1626173-1627763,E. Bledsoe - K. Middleton - G. Antetokounmpo - R. Vaughn - M. Brogdon,1610612749,2017-18
202339-203114-203507-1627748-1627780,E. Bledsoe - K. Middleton - G. Antetokounmpo - T. Maker - G. Payton II,1610612749,2017-18
203507-203521-203953-1627748-1628425,G. Antetokounmpo - M. Dellavedova - J. Parker - T. Maker - S. Brown,1610612749,2017-18
1891-202339-203507-203953-1627748,J. Terry - E. Bledsoe - G. Antetokounmpo - J. Parker - T. Maker,1610612749,2017-18
1891-203114-203507-1627748-1628425,J. Terry - K. Middleton - G. Antetokounmpo - T. Maker - S. Brown,1610612749,2017-18
203114-203503-203507-203521-1627763,K. Middleton - T. Snell - G. Antetokounmpo - M. Dellavedova - M. Brogdon,1610612749,2017-18
201943-203092-203507-203953-1628425,B. Jennings - T. Zeller - G. Antetokounmpo - J. Parker - S. Brown,1610612749,2017-18
202732-203089-203141-203507-203521,D. Liggins - J. Henson - M. Teletovic - G. Antetokounmpo - M. Dellavedova,1610612749,2017-18
202339-203507-203521-1627748-1627763,E. Bledsoe - G. Antetokounmpo - M. Dellavedova - T. Maker - M. Brogdon,1610612749,2017-18
202339-203503-203507-1627748-1627763,E. Bledsoe - T. Snell - G. Antetokounmpo - T. Maker - M. Brogdon,1610612749,2017-18
1891-201943-203092-203507-203953,J. Terry - B. Jennings - T. Zeller - G. Antetokounmpo - J. Parker,1610612749,2017-18
1891-202339-203089-203503-203507,J. Terry - E. Bledsoe - J. Henson - T. Snell - G. Antetokounmpo,1610612749,2017-18
1891-203114-203507-203953-1628425,J. Terry - K. Middleton - G. Antetokounmpo - J. Parker - S. Brown,1610612749,2017-18
1891-203092-203507-203930-203953,J. Terry - T. Zeller - G. Antetokounmpo - S. Kilpatrick - J. Parker,1610612749,2017-18
201943-203089-203114-203503-203507,B. Jennings - J. Henson - K. Middleton - T. Snell - G. Antetokounmpo,1610612749,2017-18
202339-202732-203503-203507-1627748,E. Bledsoe - D. Liggins - T. Snell - G. Antetokounmpo - T. Maker,1610612749,2017-18
202339-203089-203503-203507-203953,E. Bledsoe - J. Henson - T. Snell - G. Antetokounmpo - J. Parker,1610612749,2017-18
203507-1626173-1627748-1627763-1628425,G. Antetokounmpo - R. Vaughn - T. Maker - M. Brogdon - S. Brown,1610612749,2017-18
202328-202732-203141-203507-203521,G. Monroe - D. Liggins - M. Teletovic - G. Antetokounmpo - M. Dellavedova,1610612749,2017-18
202328-203114-203503-203507-203521,G. Monroe - K. Middleton - T. Snell - G. Antetokounmpo - M. Dellavedova,1610612749,2017-18
202328-203503-203507-203521-1627763,G. Monroe - T. Snell - G. Antetokounmpo - M. Dellavedova - M. Brogdon,1610612749,2017-18
203089-203507-203521-1627763-1628425,J. Henson - G. Antetokounmpo - M. Dellavedova - M. Brogdon - S. Brown,1610612749,2017-18
1891-201943-203498-203507-203953,J. Terry - B. Jennings - S. Muhammad - G. Antetokounmpo - J. Parker,1610612749,2017-18
1891-202732-203507-1627748-1627763,J. Terry - D. Liggins - G. Antetokounmpo - T. Maker - M. Brogdon,1610612749,2017-18
1891-203114-203507-203953-1627748,J. Terry - K. Middleton - G. Antetokounmpo - J. Parker - T. Maker,1610612749,2017-18
1891-203503-203507-203521-1627748,J. Terry - T. Snell - G. Antetokounmpo - M. Dellavedova - T. Maker,1610612749,2017-18
203114-203507-1626173-1627748-1627763,K. Middleton - G. Antetokounmpo - R. Vaughn - T. Maker - M. Brogdon,1610612749,2017-18
202732-203507-1626173-1627762-1627763,D. Liggins - G. Antetokounmpo - R. Vaughn - J. Bolomboy - M. Brogdon,1610612749,2017-18
202732-203089-203114-203503-203507,D. Liggins - J. Henson - K. Middleton - T. Snell - G. Antetokounmpo,1610612749,2017-18
202732-203114-203507-203521-1627748,D. Liggins - K. Middleton - G. Antetokounmpo - M. Dellavedova - T. Maker,1610612749,2017-18
202339-203089-203114-203507-1626173,E. Bledsoe - J. Henson - K. Middleton - G. Antetokounmpo - R. Vaughn,1610612749,2017-18
202339-203114-203507-1627763-1628425,E. Bledsoe - K. Middleton - G. Antetokounmpo - M. Brogdon - S. Brown,1610612749,2017-18
202339-203114-203507-1627748-1628425,E. Bledsoe - K. Middleton - G. Antetokounmpo - T. Maker - S. Brown,1610612749,2017-18
202339-203114-203503-203507-1628425,E. Bledsoe - K. Middleton - T. Snell - G. Antetokounmpo - S. Brown,1610612749,2017-18
1891-202339-203089-203507-1628425,J. Terry - E. Bledsoe - J. Henson - G. Antetokounmpo - S. Brown,1610612749,2017-18
1891-202339-203503-203507-1627748,J. Terry - E. Bledsoe - T. Snell - G. Antetokounmpo - T. Maker,1610612749,2017-18
1891-203089-203114-203507-1627763,J. Terry - J. Henson - K. Middleton - G. Antetokounmpo - M. Brogdon,1610612749,2017-18
1891-203089-203114-203507-1628425,J. Terry - J. Henson - K. Middleton - G. Antetokounmpo - S. Brown,1610612749,2017-18
1891-203114-203503-203507-203953,J. Terry - K. Middleton - T. Snell - G. Antetokounmpo - J. Parker,1610612749,2017-18
1891-203092-203114-203503-203507,J. Terry - T. Zeller - K. Middleton - T. Snell - G. Antetokounmpo,1610612749,2017-18
203114-203507-203521-1627748-1628425,K. Middleton - G. Antetokounmpo - M. Dellavedova - T. Maker - S. Brown,1610612749,2017-18
203141-203503-203507-1627748-1627763,M. Teletovic - T. Snell - G. Antetokounmpo - T. Maker - M. Brogdon,1610612749,2017-18
202732-203114-203503-203507-1627748,D. Liggins - K. Middleton - T. Snell - G. Antetokounmpo - T. Maker,1610612749,2017-18
202339-202732-203089-203503-203507,E. Bledsoe - D. Liggins - J. Henson - T. Snell - G. Antetokounmpo,1610612749,2017-18
202339-203089-203507-1626173-1627763,E. Bledsoe - J. Henson - G. Antetokounmpo - R. Vaughn - M. Brogdon,1610612749,2017-18
202339-203114-203507-1626173-1627748,E. Bledsoe - K. Middleton - G. Antetokounmpo - R. Vaughn - T. Maker,1610612749,2017-18
202339-203503-203507-1627748-1628425,E. Bledsoe - T. Snell - G. Antetokounmpo - T. Maker - S. Brown,1610612749,2017-18
203089-203114-203507-203521-1626173,J. Henson - K. Middleton - G. Antetokounmpo - M. Dellavedova - R. Vaughn,1610612749,2017-18
203089-203503-203507-203521-1628425,J. Henson - T. Snell - G. Antetokounmpo - M. Dellavedova - S. Brown,1610612749,2017-18
1891-201943-203089-203114-203507,J. Terry - B. Jennings - J. Henson - K. Middleton - G. Antetokounmpo,1610612749,2017-18
1891-201943-203092-203507-1628425,J. Terry - B. Jennings - T. Zeller - G. Antetokounmpo - S. Brown,1610612749,2017-18
1891-202339-203114-203507-1628425,J. Terry - E. Bledsoe - K. Middleton - G. Antetokounmpo - S. Brown,1610612749,2017-18
1891-203507-203953-1627850-1628425,J. Terry - G. Antetokounmpo - J. Parker - M. Plumlee - S. Brown,1610612749,2017-18
1891-203507-203521-1627748-1627763,J. Terry - G. Antetokounmpo - M. Dellavedova - T. Maker - M. Brogdon,1610612749,2017-18
1891-203089-203498-203507-203953,J. Terry - J. Henson - S. Muhammad - G. Antetokounmpo - J. Parker,1610612749,2017-18
1891-203089-203498-203507-1628425,J. Terry - J. Henson - S. Muhammad - G. Antetokounmpo - S. Brown,1610612749,2017-18
1891-203114-203507-203521-1627763,J. Terry - K. Middleton - G. Antetokounmpo - M. Dellavedova - M. Brogdon,1610612749,2017-18
1891-203114-203503-203507-1627763,J. Terry - K. Middleton - T. Snell - G. Antetokounmpo - M. Brogdon,1610612749,2017-18
1891-203498-203507-1627748-1628425,J. Terry - S. Muhammad - G. Antetokounmpo - T. Maker - S. Brown,1610612749,2017-18
1891-203503-203507-1627748-1627763,J. Terry - T. Snell - G. Antetokounmpo - T. Maker - M. Brogdon,1610612749,2017-18
1891-203092-203503-203507-1628425,J. Terry - T. Zeller - T. Snell - G. Antetokounmpo - S. Brown,1610612749,2017-18
1891-203092-203503-203507-203930,J. Terry - T. Zeller - T. Snell - G. Antetokounmpo - S. Kilpatrick,1610612749,2017-18
203114-203507-1627748-1627763-1628425,K. Middleton - G. Antetokounmpo - T. Maker - M. Brogdon - S. Brown,1610612749,2017-18
203141-203503-203507-203521-1626173,M. Teletovic - T. Snell - G. Antetokounmpo - M. Dellavedova - R. Vaughn,1610612749,2017-18
203503-203507-1626173-1627748-1627763,T. Snell - G. Antetokounmpo - R. Vaughn - T. Maker - M. Brogdon,1610612749,2017-18
203092-203498-203507-203953-1628425,T. Zeller - S. Muhammad - G. Antetokounmpo - J. Parker - S. Brown,1610612749,2017-18
201943-203114-203507-203953-1627748,B. Jennings - K. Middleton - G. Antetokounmpo - J. Parker - T. Maker,1610612749,2017-18
201943-203503-203507-203953-1627748,B. Jennings - T. Snell - G. Antetokounmpo - J. Parker - T. Maker,1610612749,2017-18
201943-203092-203503-203507-203953,B. Jennings - T. Zeller - T. Snell - G. Antetokounmpo - J. Parker,1610612749,2017-18
202732-203089-203507-1626173-1627763,D. Liggins - J. Henson - G. Antetokounmpo - R. Vaughn - M. Brogdon,1610612749,2017-18
202732-203114-203507-1627748-1627780,D. Liggins - K. Middleton - G. Antetokounmpo - T. Maker - G. Payton II,1610612749,2017-18
202339-203507-1627748-1627763-1628425,E. Bledsoe - G. Antetokounmpo - T. Maker - M. Brogdon - S. Brown,1610612749,2017-18
202339-203089-203503-203507-1628425,E. Bledsoe - J. Henson - T. Snell - G. Antetokounmpo - S. Brown,1610612749,2017-18
202339-203114-203507-203953-1627748,E. Bledsoe - K. Middleton - G. Antetokounmpo - J. Parker - T. Maker,1610612749,2017-18
202339-203114-203507-203521-1627748,E. Bledsoe - K. Middleton - G. Antetokounmpo - M. Dellavedova - T. Maker,1610612749,2017-18
202339-203114-203507-203930-1627763,E. Bledsoe - K. Middleton - G. Antetokounmpo - S. Kilpatrick - M. Brogdon,1610612749,2017-18
202328-202732-203141-203507-1627780,G. Monroe - D. Liggins - M. Teletovic - G. Antetokounmpo - G. Payton II,1610612749,2017-18
202328-203114-203141-203507-1627763,G. Monroe - K. Middleton - M. Teletovic - G. Antetokounmpo - M. Brogdon,1610612749,2017-18
203089-203114-203507-203930-1627763,J. Henson - K. Middleton - G. Antetokounmpo - S. Kilpatrick - M. Brogdon,1610612749,2017-18
1891-202339-203503-203507-1627763,J. Terry - E. Bledsoe - T. Snell - G. Antetokounmpo - M. Brogdon,1610612749,2017-18
1891-203507-203930-203953-1627850,J. Terry - G. Antetokounmpo - S. Kilpatrick - J. Parker - M. Plumlee,1610612749,2017-18
1891-202328-203141-203507-203521,J. Terry - G. Monroe - M. Teletovic - G. Antetokounmpo - M. Dellavedova,1610612749,2017-18
1891-203089-203507-203953-1628425,J. Terry - J. Henson - G. Antetokounmpo - J. Parker - S. Brown,1610612749,2017-18
1891-203089-203503-203507-1627763,J. Terry - J. Henson - T. Snell - G. Antetokounmpo - M. Brogdon,1610612749,2017-18
1891-203114-203507-203930-1627850,J. Terry - K. Middleton - G. Antetokounmpo - S. Kilpatrick - M. Plumlee,1610612749,2017-18
203092-203114-203507-203953-1628425,T. Zeller - K. Middleton - G. Antetokounmpo - J. Parker - S. Brown,1610612749,2017-18
203089-203503-203507-203521-203953,J. Henson - T. Snell - G. Antetokounmpo - M. Dellavedova - J. Parker,1610612749,2016-17
203089-203503-203507-203953-1627763,J. Henson - T. Snell - G. Antetokounmpo - J. Parker - M. Brogdon,1610612749,2016-17
203101-203503-203507-203521-203953,M. Plumlee - T. Snell - G. Antetokounmpo - M. Dellavedova - J. Parker,1610612749,2016-17
203114-203503-203507-1627748-1627763,K. Middleton - T. Snell - G. Antetokounmpo - T. Maker - M. Brogdon,1610612749,2016-17
203114-203503-203507-203521-1627748,K. Middleton - T. Snell - G. Antetokounmpo - M. Dellavedova - T. Maker,1610612749,2016-17
1891-201563-202328-203507-1627763,J. Terry - M. Beasley - G. Monroe - G. Antetokounmpo - M. Brogdon,1610612749,2016-17
202328-203114-203503-203507-1627763,G. Monroe - K. Middleton - T. Snell - G. Antetokounmpo - M. Brogdon,1610612749,2016-17
1891-202328-203141-203507-1627763,J. Terry - G. Monroe - M. Teletovic - G. Antetokounmpo - M. Brogdon,1610612749,2016-17
202328-203114-203503-203507-203521,G. Monroe - K. Middleton - T. Snell - G. Antetokounmpo - M. Dellavedova,1610612749,2016-17
202328-203503-203507-203953-1627763,G. Monroe - T. Snell - G. Antetokounmpo - J. Parker - M. Brogdon,1610612749,2016-17
1891-202328-203503-203507-203521,J. Terry - G. Monroe - T. Snell - G. Antetokounmpo - M. Dellavedova,1610612749,2016-17
202328-203503-203507-203521-203953,G. Monroe - T. Snell - G. Antetokounmpo - M. Dellavedova - J. Parker,1610612749,2016-17
1891-202328-203141-203507-203521,J. Terry - G. Monroe - M. Teletovic - G. Antetokounmpo - M. Dellavedova,1610612749,2016-17
1891-201563-202328-203507-203521,J. Terry - M. Beasley - G. Monroe - G. Antetokounmpo - M. Dellavedova,1610612749,2016-17
201563-203503-203507-203521-1627748,M. Beasley - T. Snell - G. Antetokounmpo - M. Dellavedova - T. Maker,1610612749,2016-17
1891-202328-203507-203953-1627763,J. Terry - G. Monroe - G. Antetokounmpo - J. Parker - M. Brogdon,1610612749,2016-17
201563-202328-203503-203507-1627763,M. Beasley - G. Monroe - T. Snell - G. Antetokounmpo - M. Brogdon,1610612749,2016-17
202328-203141-203503-203507-1627763,G. Monroe - M. Teletovic - T. Snell - G. Antetokounmpo - M. Brogdon,1610612749,2016-17
203089-203114-203503-203507-203521,J. Henson - K. Middleton - T. Snell - G. Antetokounmpo - M. Dellavedova,1610612749,2016-17
1891-202328-203503-203507-1627763,J. Terry - G. Monroe - T. Snell - G. Antetokounmpo - M. Brogdon,1610612749,2016-17
202328-203141-203507-1626173-1627763,G. Monroe - M. Teletovic - G. Antetokounmpo - R. Vaughn - M. Brogdon,1610612749,2016-17
201150-203114-203503-203507-1627763,S. Hawes - K. Middleton - T. Snell - G. Antetokounmpo - M. Brogdon,1610612749,2016-17
1891-202328-203114-203507-203521,J. Terry - G. Monroe - K. Middleton - G. Antetokounmpo - M. Dellavedova,1610612749,2016-17
203089-203114-203503-203507-1627763,J. Henson - K. Middleton - T. Snell - G. Antetokounmpo - M. Brogdon,1610612749,2016-17
203503-203507-203521-203953-1627748,T. Snell - G. Antetokounmpo - M. Dellavedova - J. Parker - T. Maker,1610612749,2016-17
1891-203089-203507-203521-203953,J. Terry - J. Henson - G. Antetokounmpo - M. Dellavedova - J. Parker,1610612749,2016-17
201563-202328-203503-203507-203521,M. Beasley - G. Monroe - T. Snell - G. Antetokounmpo - M. Dellavedova,1610612749,2016-17
201563-202328-203507-1626173-1627763,M. Beasley - G. Monroe - G. Antetokounmpo - R. Vaughn - M. Brogdon,1610612749,2016-17
202328-203141-203503-203507-203521,G. Monroe - M. Teletovic - T. Snell - G. Antetokounmpo - M. Dellavedova,1610612749,2016-17
1891-202328-203114-203507-1626173,J. Terry - G. Monroe - K. Middleton - G. Antetokounmpo - R. Vaughn,1610612749,2016-17
203089-203141-203503-203507-203521,J. Henson - M. Teletovic - T. Snell - G. Antetokounmpo - M. Dellavedova,1610612749,2016-17
1891-201563-202328-203141-203507,J. Terry - M. Beasley - G. Monroe - M. Teletovic - G. Antetokounmpo,1610612749,2016-17
201150-203114-203503-203507-203521,S. Hawes - K. Middleton - T. Snell - G. Antetokounmpo - M. Dellavedova,1610612749,2016-17
202328-203507-203521-203953-1627763,G. Monroe - G. Antetokounmpo - M. Dellavedova - J. Parker - M. Brogdon,1610612749,2016-17
202328-203503-203507-203521-1627763,G. Monroe - T. Snell - G. Antetokounmpo - M. Dellavedova - M. Brogdon,1610612749,2016-17
203089-203507-203521-203953-1626173,J. Henson - G. Antetokounmpo - M. Dellavedova - J. Parker - R. Vaughn,1610612749,2016-17
1891-202328-203507-203521-203953,J. Terry - G. Monroe - G. Antetokounmpo - M. Dellavedova - J. Parker,1610612749,2016-17
203141-203503-203507-203521-203953,M. Teletovic - T. Snell - G. Antetokounmpo - M. Dellavedova - J. Parker,1610612749,2016-17
203089-203507-203521-203953-1627763,J. Henson - G. Antetokounmpo - M. Dellavedova - J. Parker - M. Brogdon,1610612749,2016-17
203089-203503-203507-203521-1627763,J. Henson - T. Snell - G. Antetokounmpo - M. Dellavedova - M. Brogdon,1610612749,2016-17
1891-202328-203507-203521-1627763,J. Terry - G. Monroe - G. Antetokounmpo - M. Dellavedova - M. Brogdon,1610612749,2016-17
1891-201563-203089-203507-1627763,J. Terry - M. Beasley - J. Henson - G. Antetokounmpo - M. Brogdon,1610612749,2016-17
202328-203507-203953-1626173-1627763,G. Monroe - G. Antetokounmpo - J. Parker - R. Vaughn - M. Brogdon,1610612749,2016-17
1891-202328-203114-203507-1627763,J. Terry - G. Monroe - K. Middleton - G. Antetokounmpo - M. Brogdon,1610612749,2016-17
1891-203089-203141-203507-1627763,J. Terry - J. Henson - M. Teletovic - G. Antetokounmpo - M. Brogdon,1610612749,2016-17
202328-203141-203507-203521-203953,G. Monroe - M. Teletovic - G. Antetokounmpo - M. Dellavedova - J. Parker,1610612749,2016-17
203089-203503-203507-203521-1627748,J. Henson - T. Snell - G. Antetokounmpo - M. Dellavedova - T. Maker,1610612749,2016-17
1891-202328-203503-203507-1626173,J. Terry - G. Monroe - T. Snell - G. Antetokounmpo - R. Vaughn,1610612749,2016-17
1891-203089-203141-203507-203521,J. Terry - J. Henson - M. Teletovic - G. Antetokounmpo - M. Dellavedova,1610612749,2016-17
201563-203507-203521-1627748-1627763,M. Beasley - G. Antetokounmpo - M. Dellavedova - T. Maker - M. Brogdon,1610612749,2016-17
203101-203503-203507-203953-1627763,M. Plumlee - T. Snell - G. Antetokounmpo - J. Parker - M. Brogdon,1610612749,2016-17
203507-203521-203953-1627748-1627763,G. Antetokounmpo - M. Dellavedova - J. Parker - T. Maker - M. Brogdon,1610612749,2016-17
202328-203507-203521-203953-1626173,G. Monroe - G. Antetokounmpo - M. Dellavedova - J. Parker - R. Vaughn,1610612749,2016-17
1891-202328-203141-203507-1627780,J. Terry - G. Monroe - M. Teletovic - G. Antetokounmpo - G. Payton II,1610612749,2016-17
1891-201150-203141-203507-1627763,J. Terry - S. Hawes - M. Teletovic - G. Antetokounmpo - M. Brogdon,1610612749,2016-17
202328-203114-203507-1626173-1627763,G. Monroe - K. Middleton - G. Antetokounmpo - R. Vaughn - M. Brogdon,1610612749,2016-17
203089-203141-203503-203507-1627763,J. Henson - M. Teletovic - T. Snell - G. Antetokounmpo - M. Brogdon,1610612749,2016-17
1891-203503-203507-203521-203953,J. Terry - T. Snell - G. Antetokounmpo - M. Dellavedova - J. Parker,1610612749,2016-17
203089-203507-203521-1626173-1627763,J. Henson - G. Antetokounmpo - M. Dellavedova - R. Vaughn - M. Brogdon,1610612749,2016-17
1891-202328-203141-203507-203953,J. Terry - G. Monroe - M. Teletovic - G. Antetokounmpo - J. Parker,1610612749,2016-17
1891-203141-203507-1627748-1627763,J. Terry - M. Teletovic - G. Antetokounmpo - T. Maker - M. Brogdon,1610612749,2016-17
203101-203507-203521-203953-1627763,M. Plumlee - G. Antetokounmpo - M. Dellavedova - J. Parker - M. Brogdon,1610612749,2016-17
203089-203141-203507-203521-203953,J. Henson - M. Teletovic - G. Antetokounmpo - M. Dellavedova - J. Parker,1610612749,2016-17
1891-201563-203141-203507-1627763,J. Terry - M. Beasley - M. Teletovic - G. Antetokounmpo - M. Brogdon,1610612749,2016-17
1891-201150-203114-203507-1627763,J. Terry - S. Hawes - K. Middleton - G. Antetokounmpo - M. Brogdon,1610612749,2016-17
201563-203089-203503-203507-1627763,M. Beasley - J. Henson - T. Snell - G. Antetokounmpo - M. Brogdon,1610612749,2016-17
203101-203507-203521-203953-1626173,M. Plumlee - G. Antetokounmpo - M. Dellavedova - J. Parker - R. Vaughn,1610612749,2016-17
1891-202328-203114-203503-203507,J. Terry - G. Monroe - K. Middleton - T. Snell - G. Antetokounmpo,1610612749,2016-17
1891-203089-203507-203953-1627763,J. Terry - J. Henson - G. Antetokounmpo - J. Parker - M. Brogdon,1610612749,2016-17
1891-203089-203503-203507-1627763,J. Terry - J. Henson - T. Snell - G. Antetokounmpo - M. Brogdon,1610612749,2016-17
203114-203141-203507-1627748-1627763,K. Middleton - M. Teletovic - G. Antetokounmpo - T. Maker - M. Brogdon,1610612749,2016-17
203101-203141-203503-203507-203521,M. Plumlee - M. Teletovic - T. Snell - G. Antetokounmpo - M. Dellavedova,1610612749,2016-17
203141-203503-203507-203953-1627763,M. Teletovic - T. Snell - G. Antetokounmpo - J. Parker - M. Brogdon,1610612749,2016-17
203507-203521-1626173-1627748-1627763,G. Antetokounmpo - M. Dellavedova - R. Vaughn - T. Maker - M. Brogdon,1610612749,2016-17
1891-203114-203141-203507-1626173,J. Terry - K. Middleton - M. Teletovic - G. Antetokounmpo - R. Vaughn,1610612749,2016-17
1891-201563-202328-203507-1626173,J. Terry - M. Beasley - G. Monroe - G. Antetokounmpo - R. Vaughn,1610612749,2016-17
1891-201563-202328-203503-203507,J. Terry - M. Beasley - G. Monroe - T. Snell - G. Antetokounmpo,1610612749,2016-17
1891-201563-203089-203507-203521,J. Terry - M. Beasley - J. Henson - G. Antetokounmpo - M. Dellavedova,1610612749,2016-17
1891-201150-203503-203507-1627763,J. Terry - S. Hawes - T. Snell - G. Antetokounmpo - M. Brogdon,1610612749,2016-17
201563-203089-203503-203507-203521,M. Beasley - J. Henson - T. Snell - G. Antetokounmpo - M. Dellavedova,1610612749,2016-17
201563-203503-203507-203953-1627763,M. Beasley - T. Snell - G. Antetokounmpo - J. Parker - M. Brogdon,1610612749,2016-17
203141-203507-203953-1626173-1627763,M. Teletovic - G. Antetokounmpo - J. Parker - R. Vaughn - M. Brogdon,1610612749,2016-17
203141-203507-203521-203953-1627763,M. Teletovic - G. Antetokounmpo - M. Dellavedova - J. Parker - M. Brogdon,1610612749,2016-17
203503-203507-203521-1627748-1627763,T. Snell - G. Antetokounmpo - M. Dellavedova - T. Maker - M. Brogdon,1610612749,2016-17
202328-203114-203507-203521-1627763,G. Monroe - K. Middleton - G. Antetokounmpo - M. Dellavedova - M. Brogdon,1610612749,2016-17
1891-202328-203507-1626173-1627763,J. Terry - G. Monroe - G. Antetokounmpo - R. Vaughn - M. Brogdon,1610612749,2016-17
1891-202328-203503-203507-203953,J. Terry - G. Monroe - T. Snell - G. Antetokounmpo - J. Parker,1610612749,2016-17
1891-203089-203114-203507-1627763,J. Terry - J. Henson - K. Middleton - G. Antetokounmpo - M. Brogdon,1610612749,2016-17
1891-201563-203101-203507-1627763,J. Terry - M. Beasley - M. Plumlee - G. Antetokounmpo - M. Brogdon,1610612749,2016-17
1891-201563-203141-203507-203521,J. Terry - M. Beasley - M. Teletovic - G. Antetokounmpo - M. Dellavedova,1610612749,2016-17
1891-203101-203507-203521-1626173,J. Terry - M. Plumlee - G. Antetokounmpo - M. Dellavedova - R. Vaughn,1610612749,2016-17
1891-203141-203507-203953-1627763,J. Terry - M. Teletovic - G. Antetokounmpo - J. Parker - M. Brogdon,1610612749,2016-17
203114-203141-203503-203507-1627763,K. Middleton - M. Teletovic - T. Snell - G. Antetokounmpo - M. Brogdon,1610612749,2016-17
201563-203089-203507-1626173-1627763,M. Beasley - J. Henson - G. Antetokounmpo - R. Vaughn - M. Brogdon,1610612749,2016-17
203101-203141-203507-203521-203953,M. Plumlee - M. Teletovic - G. Antetokounmpo - M. Dellavedova - J. Parker,1610612749,2016-17
203141-203503-203507-203521-1627748,M. Teletovic - T. Snell - G. Antetokounmpo - M. Dellavedova - T. Maker,1610612749,2016-17
203503-203507-203521-203953-1626173,T. Snell - G. Antetokounmpo - M. Dellavedova - J. Parker - R. Vaughn,1610612749,2016-17
203503-203507-1626173-1627748-1627763,T. Snell - G. Antetokounmpo - R. Vaughn - T. Maker - M. Brogdon,1610612749,2016-17
202328-203141-203507-203521-1627763,G. Monroe - M. Teletovic - G. Antetokounmpo - M. Dellavedova - M. Brogdon,1610612749,2016-17
202328-203141-203507-203521-1626173,G. Monroe - M. Teletovic - G. Antetokounmpo - M. Dellavedova - R. Vaughn,1610612749,2016-17
203089-203114-203507-203521-1627763,J. Henson - K. Middleton - G. Antetokounmpo - M. Dellavedova - M. Brogdon,1610612749,2016-17
203089-203503-203507-203521-1626173,J. Henson - T. Snell - G. Antetokounmpo - M. Dellavedova - R. Vaughn,1610612749,2016-17
1891-202328-203141-203507-1626173,J. Terry - G. Monroe - M. Teletovic - G. Antetokounmpo - R. Vaughn,1610612749,2016-17
1891-203089-203503-203507-203521,J. Terry - J. Henson - T. Snell - G. Antetokounmpo - M. Dellavedova,1610612749,2016-17
1891-203114-203141-203507-203521,J. Terry - K. Middleton - M. Teletovic - G. Antetokounmpo - M. Dellavedova,1610612749,2016-17
1891-201563-202328-203507-1627780,J. Terry - M. Beasley - G. Monroe - G. Antetokounmpo - G. Payton II,1610612749,2016-17
1891-201563-202328-203507-203953,J. Terry - M. Beasley - G. Monroe - G. Antetokounmpo - J. Parker,1610612749,2016-17
1891-201563-203101-203507-203521,J. Terry - M. Beasley - M. Plumlee - G. Antetokounmpo - M. Dellavedova,1610612749,2016-17
1891-203101-203141-203507-1627763,J. Terry - M. Plumlee - M. Teletovic - G. Antetokounmpo - M. Brogdon,1610612749,2016-17
1891-203141-203507-203521-203953,J. Terry - M. Teletovic - G. Antetokounmpo - M. Dellavedova - J. Parker,1610612749,2016-17
203114-203503-203507-1627748-1627780,K. Middleton - T. Snell - G. Antetokounmpo - T. Maker - G. Payton II,1610612749,2016-17
201563-202328-203507-203521-1626173,M. Beasley - G. Monroe - G. Antetokounmpo - M. Dellavedova - R. Vaughn,1610612749,2016-17
201563-202328-203141-203507-1627763,M. Beasley - G. Monroe - M. Teletovic - G. Antetokounmpo - M. Brogdon,1610612749,2016-17
201563-203089-203507-203953-1627763,M. Beasley - J. Henson - G. Antetokounmpo - J. Parker - M. Brogdon,1610612749,2016-17
202328-203089-203507-203953-1627763,G. Monroe - J. Henson - G. Antetokounmpo - J. Parker - M. Brogdon,1610612749,2016-17
202328-203089-203503-203507-203953,G. Monroe - J. Henson - T. Snell - G. Antetokounmpo - J. Parker,1610612749,2016-17
202328-203114-203503-203507-1626173,G. Monroe - K. Middleton - T. Snell - G. Antetokounmpo - R. Vaughn,1610612749,2016-17
202328-203503-203507-203521-1626173,G. Monroe - T. Snell - G. Antetokounmpo - M. Dellavedova - R. Vaughn,1610612749,2016-17
203089-203141-203507-1626173-1627763,J. Henson - M. Teletovic - G. Antetokounmpo - R. Vaughn - M. Brogdon,1610612749,2016-17
203089-203141-203503-203507-203953,J. Henson - M. Teletovic - T. Snell - G. Antetokounmpo - J. Parker,1610612749,2016-17
1891-202328-203089-203507-1626173,J. Terry - G. Monroe - J. Henson - G. Antetokounmpo - R. Vaughn,1610612749,2016-17
1891-202328-203114-203507-1627780,J. Terry - G. Monroe - K. Middleton - G. Antetokounmpo - G. Payton II,1610612749,2016-17
1891-203089-203507-203521-1627763,J. Terry - J. Henson - G. Antetokounmpo - M. Dellavedova - M. Brogdon,1610612749,2016-17
1891-203089-203507-203521-1626173,J. Terry - J. Henson - G. Antetokounmpo - M. Dellavedova - R. Vaughn,1610612749,2016-17
1891-203114-203507-203521-1627748,J. Terry - K. Middleton - G. Antetokounmpo - M. Dellavedova - T. Maker,1610612749,2016-17
1891-203114-203141-203503-203507,J. Terry - K. Middleton - M. Teletovic - T. Snell - G. Antetokounmpo,1610612749,2016-17
1891-203114-203503-203507-203521,J. Terry - K. Middleton - T. Snell - G. Antetokounmpo - M. Dellavedova,1610612749,2016-17
1891-201563-203507-203953-1627763,J. Terry - M. Beasley - G. Antetokounmpo - J. Parker - M. Brogdon,1610612749,2016-17
1891-203101-203507-203521-203953,J. Terry - M. Plumlee - G. Antetokounmpo - M. Dellavedova - J. Parker,1610612749,2016-17
1891-203141-203507-203521-1627763,J. Terry - M. Teletovic - G. Antetokounmpo - M. Dellavedova - M. Brogdon,1610612749,2016-17
1891-201150-203141-203507-203521,J. Terry - S. Hawes - M. Teletovic - G. Antetokounmpo - M. Dellavedova,1610612749,2016-17
1891-203503-203507-203953-1627763,J. Terry - T. Snell - G. Antetokounmpo - J. Parker - M. Brogdon,1610612749,2016-17
1891-203503-203507-1627748-1627763,J. Terry - T. Snell - G. Antetokounmpo - T. Maker - M. Brogdon,1610612749,2016-17
203114-203507-203521-1627748-1627763,K. Middleton - G. Antetokounmpo - M. Dellavedova - T. Maker - M. Brogdon,1610612749,2016-17
203114-203141-203503-203507-1627748,K. Middleton - M. Teletovic - T. Snell - G. Antetokounmpo - T. Maker,1610612749,2016-17
201563-203089-203114-203503-203507,M. Beasley - J. Henson - K. Middleton - T. Snell - G. Antetokounmpo,1610612749,2016-17
201563-203089-203503-203507-203953,M. Beasley - J. Henson - T. Snell - G. Antetokounmpo - J. Parker,1610612749,2016-17
201563-203101-203507-203521-203953,M. Beasley - M. Plumlee - G. Antetokounmpo - M. Dellavedova - J. Parker,1610612749,2016-17
201563-203101-203507-203521-1626173,M. Beasley - M. Plumlee - G. Antetokounmpo - M. Dellavedova - R. Vaughn,1610612749,2016-17
201563-203101-203503-203507-1627763,M. Beasley - M. Plumlee - T. Snell - G. Antetokounmpo - M. Brogdon,1610612749,2016-17
201563-203503-203507-203521-203953,M. Beasley - T. Snell - G. Antetokounmpo - M. Dellavedova - J. Parker,1610612749,2016-17
201563-203503-203507-1627748-1627780,M. Beasley - T. Snell - G. Antetokounmpo - T. Maker - G. Payton II,1610612749,2016-17
203141-203507-203521-1626173-1627748,M. Teletovic - G. Antetokounmpo - M. Dellavedova - R. Vaughn - T. Maker,1610612749,2016-17
201150-203089-203507-203521-1626173,S. Hawes - J. Henson - G. Antetokounmpo - M. Dellavedova - R. Vaughn,1610612749,2016-17
201150-203114-203507-203521-1627763,S. Hawes - K. Middleton - G. Antetokounmpo - M. Dellavedova - M. Brogdon,1610612749,2016-17
201150-203503-203507-203521-1627763,S. Hawes - T. Snell - G. Antetokounmpo - M. Dellavedova - M. Brogdon,1610612749,2016-17
1891-203101-203507-1626173-1627763,J. Terry - M. Plumlee - G. Antetokounmpo - R. Vaughn - M. Brogdon,1610612749,2016-17
1891-203101-203141-203507-203521,J. Terry - M. Plumlee - M. Teletovic - G. Antetokounmpo - M. Dellavedova,1610612749,2016-17
1891-203503-203507-203521-1627748,J. Terry - T. Snell - G. Antetokounmpo - M. Dellavedova - T. Maker,1610612749,2016-17
202328-203114-203487-203507-203953,G. Monroe - K. Middleton - M. Carter-Williams - G. Antetokounmpo - J. Parker,1610612749,2015-16
201573-202328-203114-203507-203953,J. Bayless - G. Monroe - K. Middleton - G. Antetokounmpo - J. Parker,1610612749,2015-16
201564-202328-203114-203507-203953,O. Mayo - G. Monroe - K. Middleton - G. Antetokounmpo - J. Parker,1610612749,2015-16
201564-203101-203114-203507-203953,O. Mayo - M. Plumlee - K. Middleton - G. Antetokounmpo - J. Parker,1610612749,2015-16
201573-202328-203114-203487-203507,J. Bayless - G. Monroe - K. Middleton - M. Carter-Williams - G. Antetokounmpo,1610612749,2015-16
201564-201573-202328-203114-203507,O. Mayo - J. Bayless - G. Monroe - K. Middleton - G. Antetokounmpo,1610612749,2015-16
201573-203101-203114-203507-203953,J. Bayless - M. Plumlee - K. Middleton - G. Antetokounmpo - J. Parker,1610612749,2015-16
201564-202328-203114-203487-203507,O. Mayo - G. Monroe - K. Middleton - M. Carter-Williams - G. Antetokounmpo,1610612749,2015-16
202328-203114-203507-203953-1626173,G. Monroe - K. Middleton - G. Antetokounmpo - J. Parker - R. Vaughn,1610612749,2015-16
203089-203114-203487-203507-203953,J. Henson - K. Middleton - M. Carter-Williams - G. Antetokounmpo - J. Parker,1610612749,2015-16
202328-203114-203507-203898-203953,G. Monroe - K. Middleton - G. Antetokounmpo - T. Ennis - J. Parker,1610612749,2015-16
202328-203114-203487-203507-203948,G. Monroe - K. Middleton - M. Carter-Williams - G. Antetokounmpo - J. O'Bryant III,1610612749,2015-16
201573-202328-203507-203948-1626173,J. Bayless - G. Monroe - G. Antetokounmpo - J. O'Bryant III - R. Vaughn,1610612749,2015-16
201564-203089-203114-203487-203507,O. Mayo - J. Henson - K. Middleton - M. Carter-Williams - G. Antetokounmpo,1610612749,2015-16
202328-203507-203898-203953-1626173,G. Monroe - G. Antetokounmpo - T. Ennis - J. Parker - R. Vaughn,1610612749,2015-16
201573-202328-202349-203114-203507,J. Bayless - G. Monroe - G. Vasquez - K. Middleton - G. Antetokounmpo,1610612749,2015-16
203101-203114-203487-203507-203953,M. Plumlee - K. Middleton - M. Carter-Williams - G. Antetokounmpo - J. Parker,1610612749,2015-16
203101-203114-203507-203898-203953,M. Plumlee - K. Middleton - G. Antetokounmpo - T. Ennis - J. Parker,1610612749,2015-16
203101-203507-203898-203953-1626173,M. Plumlee - G. Antetokounmpo - T. Ennis - J. Parker - R. Vaughn,1610612749,2015-16
202328-203507-203948-203953-1626173,G. Monroe - G. Antetokounmpo - J. O'Bryant III - J. Parker - R. Vaughn,1610612749,2015-16
201573-202328-203114-203507-1626173,J. Bayless - G. Monroe - K. Middleton - G. Antetokounmpo - R. Vaughn,1610612749,2015-16
201564-201573-202349-203089-203507,O. Mayo - J. Bayless - G. Vasquez - J. Henson - G. Antetokounmpo,1610612749,2015-16
203089-203114-203487-203507-203948,J. Henson - K. Middleton - M. Carter-Williams - G. Antetokounmpo - J. O'Bryant III,1610612749,2015-16
201573-202328-203487-203507-203953,J. Bayless - G. Monroe - M. Carter-Williams - G. Antetokounmpo - J. Parker,1610612749,2015-16
201564-202328-203487-203507-203953,O. Mayo - G. Monroe - M. Carter-Williams - G. Antetokounmpo - J. Parker,1610612749,2015-16
201564-203089-203114-203507-203953,O. Mayo - J. Henson - K. Middleton - G. Antetokounmpo - J. Parker,1610612749,2015-16
201573-202328-202349-203507-203953,J. Bayless - G. Monroe - G. Vasquez - G. Antetokounmpo - J. Parker,1610612749,2015-16
201573-203089-203101-203114-203507,J. Bayless - J. Henson - M. Plumlee - K. Middleton - G. Antetokounmpo,1610612749,2015-16
201573-202328-203114-203507-203948,J. Bayless - G. Monroe - K. Middleton - G. Antetokounmpo - J. O'Bryant III,1610612749,2015-16
201573-202328-203114-203507-203898,J. Bayless - G. Monroe - K. Middleton - G. Antetokounmpo - T. Ennis,1610612749,2015-16
203101-203507-203898-203948-203953,M. Plumlee - G. Antetokounmpo - T. Ennis - J. O'Bryant III - J. Parker,1610612749,2015-16
202328-203114-203507-203898-203948,G. Monroe - K. Middleton - G. Antetokounmpo - T. Ennis - J. O'Bryant III,1610612749,2015-16
202328-203114-203487-203507-1626173,G. Monroe - K. Middleton - M. Carter-Williams - G. Antetokounmpo - R. Vaughn,1610612749,2015-16
203089-203487-203507-203948-1626173,J. Henson - M. Carter-Williams - G. Antetokounmpo - J. O'Bryant III - R. Vaughn,1610612749,2015-16
201564-201573-202328-203507-1626173,O. Mayo - J. Bayless - G. Monroe - G. Antetokounmpo - R. Vaughn,1610612749,2015-16
201573-202328-202349-203507-203948,J. Bayless - G. Monroe - G. Vasquez - G. Antetokounmpo - J. O'Bryant III,1610612749,2015-16
201573-202349-203089-203507-203948,J. Bayless - G. Vasquez - J. Henson - G. Antetokounmpo - J. O'Bryant III,1610612749,2015-16
201573-203089-203114-203507-203948,J. Bayless - J. Henson - K. Middleton - G. Antetokounmpo - J. O'Bryant III,1610612749,2015-16
203089-203507-203898-203953-1626173,J. Henson - G. Antetokounmpo - T. Ennis - J. Parker - R. Vaughn,1610612749,2015-16
202328-203507-203898-203948-1626173,G. Monroe - G. Antetokounmpo - T. Ennis - J. O'Bryant III - R. Vaughn,1610612749,2015-16
201573-202328-203507-203953-1626173,J. Bayless - G. Monroe - G. Antetokounmpo - J. Parker - R. Vaughn,1610612749,2015-16
201573-203089-203114-203507-203953,J. Bayless - J. Henson - K. Middleton - G. Antetokounmpo - J. Parker,1610612749,2015-16
201573-203089-203114-203487-203507,J. Bayless - J. Henson - K. Middleton - M. Carter-Williams - G. Antetokounmpo,1610612749,2015-16
203089-203507-203898-203948-1626173,J. Henson - G. Antetokounmpo - T. Ennis - J. O'Bryant III - R. Vaughn,1610612749,2015-16
203089-203114-203507-203898-203953,J. Henson - K. Middleton - G. Antetokounmpo - T. Ennis - J. Parker,1610612749,2015-16
201564-202328-203507-203948-1626173,O. Mayo - G. Monroe - G. Antetokounmpo - J. O'Bryant III - R. Vaughn,1610612749,2015-16
201573-202328-203487-203507-1626173,J. Bayless - G. Monroe - M. Carter-Williams - G. Antetokounmpo - R. Vaughn,1610612749,2015-16
201573-202349-203089-203507-203953,J. Bayless - G. Vasquez - J. Henson - G. Antetokounmpo - J. Parker,1610612749,2015-16
201573-203101-203114-203507-1626173,J. Bayless - M. Plumlee - K. Middleton - G. Antetokounmpo - R. Vaughn,1610612749,2015-16
203101-203114-203507-203953-1626173,M. Plumlee - K. Middleton - G. Antetokounmpo - J. Parker - R. Vaughn,1610612749,2015-16
203101-203114-203507-203898-203948,M. Plumlee - K. Middleton - G. Antetokounmpo - T. Ennis - J. O'Bryant III,1610612749,2015-16
201564-202328-203487-203507-1626173,O. Mayo - G. Monroe - M. Carter-Williams - G. Antetokounmpo - R. Vaughn,1610612749,2015-16
202328-203507-203953-203996-1626173,G. Monroe - G. Antetokounmpo - J. Parker - D. Inglis - R. Vaughn,1610612749,2015-16
202328-202349-203114-203507-203948,G. Monroe - G. Vasquez - K. Middleton - G. Antetokounmpo - J. O'Bryant III,1610612749,2015-16
201573-202349-203089-203114-203507,J. Bayless - G. Vasquez - J. Henson - K. Middleton - G. Antetokounmpo,1610612749,2015-16
201573-203101-203114-203487-203507,J. Bayless - M. Plumlee - K. Middleton - M. Carter-Williams - G. Antetokounmpo,1610612749,2015-16
203089-203101-203114-203507-203898,J. Henson - M. Plumlee - K. Middleton - G. Antetokounmpo - T. Ennis,1610612749,2015-16
203101-203114-203487-203507-203948,M. Plumlee - K. Middleton - M. Carter-Williams - G. Antetokounmpo - J. O'Bryant III,1610612749,2015-16
201564-201573-203089-203114-203507,O. Mayo - J. Bayless - J. Henson - K. Middleton - G. Antetokounmpo,1610612749,2015-16
200779-202328-203114-203487-203507,S. Novak - G. Monroe - K. Middleton - M. Carter-Williams - G. Antetokounmpo,1610612749,2015-16
201573-203101-203114-203507-203898,J. Bayless - M. Plumlee - K. Middleton - G. Antetokounmpo - T. Ennis,1610612749,2015-16
203101-203507-203898-203948-1626173,M. Plumlee - G. Antetokounmpo - T. Ennis - J. O'Bryant III - R. Vaughn,1610612749,2015-16
201564-202328-203114-203507-203898,O. Mayo - G. Monroe - K. Middleton - G. Antetokounmpo - T. Ennis,1610612749,2015-16
201564-203101-203507-203948-1626173,O. Mayo - M. Plumlee - G. Antetokounmpo - J. O'Bryant III - R. Vaughn,1610612749,2015-16
202328-203114-203507-203948-1626173,G. Monroe - K. Middleton - G. Antetokounmpo - J. O'Bryant III - R. Vaughn,1610612749,2015-16
201573-203101-203507-203953-1626173,J. Bayless - M. Plumlee - G. Antetokounmpo - J. Parker - R. Vaughn,1610612749,2015-16
203089-203101-203507-203898-203953,J. Henson - M. Plumlee - G. Antetokounmpo - T. Ennis - J. Parker,1610612749,2015-16
201564-203089-203507-203898-203953,O. Mayo - J. Henson - G. Antetokounmpo - T. Ennis - J. Parker,1610612749,2015-16
202328-203089-203507-203898-1626173,G. Monroe - J. Henson - G. Antetokounmpo - T. Ennis - R. Vaughn,1610612749,2015-16
202328-203487-203507-203953-1626173,G. Monroe - M. Carter-Williams - G. Antetokounmpo - J. Parker - R. Vaughn,1610612749,2015-16
202349-203089-203114-203507-203948,G. Vasquez - J. Henson - K. Middleton - G. Antetokounmpo - J. O'Bryant III,1610612749,2015-16
201573-202328-203507-203898-1626173,J. Bayless - G. Monroe - G. Antetokounmpo - T. Ennis - R. Vaughn,1610612749,2015-16
201573-203089-203507-203948-1626173,J. Bayless - J. Henson - G. Antetokounmpo - J. O'Bryant III - R. Vaughn,1610612749,2015-16
201573-203101-203114-203507-203948,J. Bayless - M. Plumlee - K. Middleton - G. Antetokounmpo - J. O'Bryant III,1610612749,2015-16
203089-203487-203507-203953-1626173,J. Henson - M. Carter-Williams - G. Antetokounmpo - J. Parker - R. Vaughn,1610612749,2015-16
201564-201573-203089-203507-203948,O. Mayo - J. Bayless - J. Henson - G. Antetokounmpo - J. O'Bryant III,1610612749,2015-16
201564-203089-203507-203948-1626173,O. Mayo - J. Henson - G. Antetokounmpo - J. O'Bryant III - R. Vaughn,1610612749,2015-16
201564-203089-203487-203507-203953,O. Mayo - J. Henson - M. Carter-Williams - G. Antetokounmpo - J. Parker,1610612749,2015-16
201564-203114-203487-203507-203953,O. Mayo - K. Middleton - M. Carter-Williams - G. Antetokounmpo - J. Parker,1610612749,2015-16
202328-203114-203142-203487-203507,G. Monroe - K. Middleton - C. Copeland - M. Carter-Williams - G. Antetokounmpo,1610612749,2015-16
202349-203089-203507-203948-1626173,G. Vasquez - J. Henson - G. Antetokounmpo - J. O'Bryant III - R. Vaughn,1610612749,2015-16
201573-202349-203101-203142-203507,J. Bayless - G. Vasquez - M. Plumlee - C. Copeland - G. Antetokounmpo,1610612749,2015-16
203089-203114-203507-203898-203948,J. Henson - K. Middleton - G. Antetokounmpo - T. Ennis - J. O'Bryant III,1610612749,2015-16
203089-203114-203487-203507-1626173,J. Henson - K. Middleton - M. Carter-Williams - G. Antetokounmpo - R. Vaughn,1610612749,2015-16
201564-202328-203114-203507-1626173,O. Mayo - G. Monroe - K. Middleton - G. Antetokounmpo - R. Vaughn,1610612749,2015-16
201564-201573-202328-203507-203948,O. Mayo - J. Bayless - G. Monroe - G. Antetokounmpo - J. O'Bryant III,1610612749,2015-16
201564-201573-202328-203487-203507,O. Mayo - J. Bayless - G. Monroe - M. Carter-Williams - G. Antetokounmpo,1610612749,2015-16
201564-201573-203101-203114-203507,O. Mayo - J. Bayless - M. Plumlee - K. Middleton - G. Antetokounmpo,1610612749,2015-16
201564-203101-203487-203507-203953,O. Mayo - M. Plumlee - M. Carter-Williams - G. Antetokounmpo - J. Parker,1610612749,2015-16
202328-202349-203114-203507-203953,G. Monroe - G. Vasquez - K. Middleton - G. Antetokounmpo - J. Parker,1610612749,2015-16
202328-203089-203114-203507-203898,G. Monroe - J. Henson - K. Middleton - G. Antetokounmpo - T. Ennis,1610612749,2015-16
202328-203114-203507-203898-203996,G. Monroe - K. Middleton - G. Antetokounmpo - T. Ennis - D. Inglis,1610612749,2015-16
202328-203487-203507-203948-1626173,G. Monroe - M. Carter-Williams - G. Antetokounmpo - J. O'Bryant III - R. Vaughn,1610612749,2015-16
202349-203089-203114-203507-203953,G. Vasquez - J. Henson - K. Middleton - G. Antetokounmpo - J. Parker,1610612749,2015-16
202349-203101-203507-203953-1626173,G. Vasquez - M. Plumlee - G. Antetokounmpo - J. Parker - R. Vaughn,1610612749,2015-16
202349-203101-203507-203898-203948,G. Vasquez - M. Plumlee - G. Antetokounmpo - T. Ennis - J. O'Bryant III,1610612749,2015-16
201573-202328-203507-203898-203953,J. Bayless - G. Monroe - G. Antetokounmpo - T. Ennis - J. Parker,1610612749,2015-16
201573-202328-203099-203507-203953,J. Bayless - G. Monroe - J. Cunningham - G. Antetokounmpo - J. Parker,1610612749,2015-16
201573-202328-203089-203114-203507,J. Bayless - G. Monroe - J. Henson - K. Middleton - G. Antetokounmpo,1610612749,2015-16
201573-202349-203101-203114-203507,J. Bayless - G. Vasquez - M. Plumlee - K. Middleton - G. Antetokounmpo,1610612749,2015-16
201573-203089-203507-203953-1626173,J. Bayless - J. Henson - G. Antetokounmpo - J. Parker - R. Vaughn,1610612749,2015-16
201573-203089-203487-203507-203953,J. Bayless - J. Henson - M. Carter-Williams - G. Antetokounmpo - J. Parker,1610612749,2015-16
201573-203089-203487-203507-1626173,J. Bayless - J. Henson - M. Carter-Williams - G. Antetokounmpo - R. Vaughn,1610612749,2015-16
201573-203101-203507-203898-203953,J. Bayless - M. Plumlee - G. Antetokounmpo - T. Ennis - J. Parker,1610612749,2015-16
203089-203114-203507-203948-1626173,J. Henson - K. Middleton - G. Antetokounmpo - J. O'Bryant III - R. Vaughn,1610612749,2015-16
203089-203101-203507-203898-1626173,J. Henson - M. Plumlee - G. Antetokounmpo - T. Ennis - R. Vaughn,1610612749,2015-16
203101-203487-203507-203948-1626173,M. Plumlee - M. Carter-Williams - G. Antetokounmpo - J. O'Bryant III - R. Vaughn,1610612749,2015-16
201564-202328-203507-203953-1626173,O. Mayo - G. Monroe - G. Antetokounmpo - J. Parker - R. Vaughn,1610612749,2015-16
201564-202328-203114-203507-203948,O. Mayo - G. Monroe - K. Middleton - G. Antetokounmpo - J. O'Bryant III,1610612749,2015-16
201564-201573-203089-203507-1626173,O. Mayo - J. Bayless - J. Henson - G. Antetokounmpo - R. Vaughn,1610612749,2015-16
201564-201573-203101-203507-1626173,O. Mayo - J. Bayless - M. Plumlee - G. Antetokounmpo - R. Vaughn,1610612749,2015-16
201564-203101-203142-203487-203507,O. Mayo - M. Plumlee - C. Copeland - M. Carter-Williams - G. Antetokounmpo,1610612749,2015-16
201564-203101-203507-203953-1626173,O. Mayo - M. Plumlee - G. Antetokounmpo - J. Parker - R. Vaughn,1610612749,2015-16
202328-202349-203487-203507-203948,G. Monroe - G. Vasquez - M. Carter-Williams - G. Antetokounmpo - J. O'Bryant III,1610612749,2015-16
202328-203099-203114-203507-203953,G. Monroe - J. Cunningham - K. Middleton - G. Antetokounmpo - J. Parker,1610612749,2015-16
202328-203089-203507-203953-1626173,G. Monroe - J. Henson - G. Antetokounmpo - J. Parker - R. Vaughn,1610612749,2015-16
202328-203089-203487-203507-1626173,G. Monroe - J. Henson - M. Carter-Williams - G. Antetokounmpo - R. Vaughn,1610612749,2015-16
202328-203114-203487-203507-203898,G. Monroe - K. Middleton - M. Carter-Williams - G. Antetokounmpo - T. Ennis,1610612749,2015-16
202349-203089-203507-203953-203996,G. Vasquez - J. Henson - G. Antetokounmpo - J. Parker - D. Inglis,1610612749,2015-16
202349-203089-203101-203507-1626173,G. Vasquez - J. Henson - M. Plumlee - G. Antetokounmpo - R. Vaughn,1610612749,2015-16
202349-203089-203101-203114-203507,G. Vasquez - J. Henson - M. Plumlee - K. Middleton - G. Antetokounmpo,1610612749,2015-16
202349-203101-203142-203507-1626173,G. Vasquez - M. Plumlee - C. Copeland - G. Antetokounmpo - R. Vaughn,1610612749,2015-16
201573-203507-203948-203953-1626173,J. Bayless - G. Antetokounmpo - J. O'Bryant III - J. Parker - R. Vaughn,1610612749,2015-16
201573-202349-203089-203507-1626173,J. Bayless - G. Vasquez - J. Henson - G. Antetokounmpo - R. Vaughn,1610612749,2015-16
201573-202349-203101-203487-203507,J. Bayless - G. Vasquez - M. Plumlee - M. Carter-Williams - G. Antetokounmpo,1610612749,2015-16
201573-203089-203487-203507-203948,J. Bayless - J. Henson - M. Carter-Williams - G. Antetokounmpo - J. O'Bryant III,1610612749,2015-16
201573-203101-203487-203507-203953,J. Bayless - M. Plumlee - M. Carter-Williams - G. Antetokounmpo - J. Parker,1610612749,2015-16
203089-203099-203101-203507-203898,J. Henson - J. Cunningham - M. Plumlee - G. Antetokounmpo - T. Ennis,1610612749,2015-16
201564-202349-203114-203507-203953,O. Mayo - G. Vasquez - K. Middleton - G. Antetokounmpo - J. Parker,1610612749,2015-16
201564-201573-202349-203507-203953,O. Mayo - J. Bayless - G. Vasquez - G. Antetokounmpo - J. Parker,1610612749,2015-16
201564-203089-203114-203507-203948,O. Mayo - J. Henson - K. Middleton - G. Antetokounmpo - J. O'Bryant III,1610612749,2015-16
201564-203089-203114-203507-1626173,O. Mayo - J. Henson - K. Middleton - G. Antetokounmpo - R. Vaughn,1610612749,2015-16
201564-203089-203487-203507-1626173,O. Mayo - J. Henson - M. Carter-Williams - G. Antetokounmpo - R. Vaughn,1610612749,2015-16
201144-203497-203944-1630162-1630183,M. Conley - R. Gobert - J. Randle - A. Edwards - J. McDaniels,1610612750,2024-25
203497-203944-1628978-1630162-1630183,R. Gobert - J. Randle - D. DiVincenzo - A. Edwards - J. McDaniels,1610612750,2024-25
203944-1628978-1629638-1629675-1630162,J. Randle - D. DiVincenzo - N. Alexander-Walker - N. Reid - A. Edwards,1610612750,2024-25
203497-203944-1629638-1630162-1630183,R. Gobert - J. Randle - N. Alexander-Walker - A. Edwards - J. McDaniels,1610612750,2024-25
203497-1628978-1629638-1629675-1630162,R. Gobert - D. DiVincenzo - N. Alexander-Walker - N. Reid - A. Edwards,1610612750,2024-25
201144-203497-1629675-1630162-1630183,M. Conley - R. Gobert - N. Reid - A. Edwards - J. McDaniels,1610612750,2024-25
203944-1628978-1629675-1630162-1630183,J. Randle - D. DiVincenzo - N. Reid - A. Edwards - J. McDaniels,1610612750,2024-25
203497-1628978-1629675-1630162-1630183,R. Gobert - D. DiVincenzo - N. Reid - A. Edwards - J. McDaniels,1610612750,2024-25
203497-1629638-1629675-1630162-1630183,R. Gobert - N. Alexander-Walker - N. Reid - A. Edwards - J. McDaniels,1610612750,2024-25
201144-203944-1629675-1630162-1630183,M. Conley - J. Randle - N. Reid - A. Edwards - J. McDaniels,1610612750,2024-25
203944-1629638-1629675-1630162-1630183,J. Randle - N. Alexander-Walker - N. Reid - A. Edwards - J. McDaniels,1610612750,2024-25
201144-203497-203944-1629638-1630162,M. Conley - R. Gobert - J. Randle - N. Alexander-Walker - A. Edwards,1610612750,2024-25
1629638-1629675-1630162-1630183-1641740,N. Alexander-Walker - N. Reid - A. Edwards - J. McDaniels - J. Clark,1610612750,2024-25
201144-1629638-1629675-1630162-1630183,M. Conley - N. Alexander-Walker - N. Reid - A. Edwards - J. McDaniels,1610612750,2024-25
201144-1629675-1630162-1630183-1641740,M. Conley - N. Reid - A. Edwards - J. McDaniels - J. Clark,1610612750,2024-25
201144-203497-1628978-1630162-1630183,M. Conley - R. Gobert - D. DiVincenzo - A. Edwards - J. McDaniels,1610612750,2024-25
201144-203497-1629638-1629675-1630162,M. Conley - R. Gobert - N. Alexander-Walker - N. Reid - A. Edwards,1610612750,2024-25
203497-1629638-1629675-1630162-1642265,R. Gobert - N. Alexander-Walker - N. Reid - A. Edwards - R. Dillingham,1610612750,2024-25
201144-203944-1629638-1630162-1630183,M. Conley - J. Randle - N. Alexander-Walker - A. Edwards - J. McDaniels,1610612750,2024-25
201144-203497-203944-1628978-1630162,M. Conley - R. Gobert - J. Randle - D. DiVincenzo - A. Edwards,1610612750,2024-25
203497-1629638-1630162-1630183-1641740,R. Gobert - N. Alexander-Walker - A. Edwards - J. McDaniels - J. Clark,1610612750,2024-25
203944-1628978-1629638-1630162-1630183,J. Randle - D. DiVincenzo - N. Alexander-Walker - A. Edwards - J. McDaniels,1610612750,2024-25
1628978-1629638-1629675-1630162-1641740,D. DiVincenzo - N. Alexander-Walker - N. Reid - A. Edwards - J. Clark,1610612750,2024-25
203497-203944-1628978-1629638-1630162,R. Gobert - J. Randle - D. DiVincenzo - N. Alexander-Walker - A. Edwards,1610612750,2024-25
201144-203944-1629638-1629675-1630162,M. Conley - J. Randle - N. Alexander-Walker - N. Reid - A. Edwards,1610612750,2024-25
201144-203497-1628978-1629675-1630162,M. Conley - R. Gobert - D. DiVincenzo - N. Reid - A. Edwards,1610612750,2024-25
1628978-1629638-1629675-1630162-1630183,D. DiVincenzo - N. Alexander-Walker - N. Reid - A. Edwards - J. McDaniels,1610612750,2024-25
203944-1629638-1629675-1630162-1642265,J. Randle - N. Alexander-Walker - N. Reid - A. Edwards - R. Dillingham,1610612750,2024-25
201144-203944-1628978-1630162-1630183,M. Conley - J. Randle - D. DiVincenzo - A. Edwards - J. McDaniels,1610612750,2024-25
1629638-1629675-1630162-1630183-1630545,N. Alexander-Walker - N. Reid - A. Edwards - J. McDaniels - T. Shannon Jr.,1610612750,2024-25
203497-204060-1629675-1630162-1630183,R. Gobert - J. Ingles - N. Reid - A. Edwards - J. McDaniels,1610612750,2024-25
203944-1629638-1630162-1630183-1641740,J. Randle - N. Alexander-Walker - A. Edwards - J. McDaniels - J. Clark,1610612750,2024-25
201144-203944-1628978-1629675-1630162,M. Conley - J. Randle - D. DiVincenzo - N. Reid - A. Edwards,1610612750,2024-25
203497-203944-1630162-1630183-1642265,R. Gobert - J. Randle - A. Edwards - J. McDaniels - R. Dillingham,1610612750,2024-25
203497-203944-204060-1630162-1630183,R. Gobert - J. Randle - J. Ingles - A. Edwards - J. McDaniels,1610612750,2024-25
1629638-1629675-1630162-1641740-1642265,N. Alexander-Walker - N. Reid - A. Edwards - J. Clark - R. Dillingham,1610612750,2024-25
203497-1629675-1630162-1630183-1642265,R. Gobert - N. Reid - A. Edwards - J. McDaniels - R. Dillingham,1610612750,2024-25
1628978-1629638-1629675-1630162-1631169,D. DiVincenzo - N. Alexander-Walker - N. Reid - A. Edwards - J. Minott,1610612750,2024-25
201144-203497-1629638-1630162-1630183,M. Conley - R. Gobert - N. Alexander-Walker - A. Edwards - J. McDaniels,1610612750,2024-25
1629638-1629675-1630162-1630545-1642265,N. Alexander-Walker - N. Reid - A. Edwards - T. Shannon Jr. - R. Dillingham,1610612750,2024-25
203944-1629675-1630162-1630183-1642265,J. Randle - N. Reid - A. Edwards - J. McDaniels - R. Dillingham,1610612750,2024-25
1629638-1630162-1630545-1630568-1642265,N. Alexander-Walker - A. Edwards - T. Shannon Jr. - L. Garza - R. Dillingham,1610612750,2024-25
1629638-1629675-1630162-1630568-1642265,N. Alexander-Walker - N. Reid - A. Edwards - L. Garza - R. Dillingham,1610612750,2024-25
1629638-1629675-1630162-1630545-1641740,N. Alexander-Walker - N. Reid - A. Edwards - T. Shannon Jr. - J. Clark,1610612750,2024-25
203497-1628978-1629638-1630162-1630183,R. Gobert - D. DiVincenzo - N. Alexander-Walker - A. Edwards - J. McDaniels,1610612750,2024-25
1628978-1629675-1630162-1630183-1641740,D. DiVincenzo - N. Reid - A. Edwards - J. McDaniels - J. Clark,1610612750,2024-25
203944-1628978-1629638-1630162-1630545,J. Randle - D. DiVincenzo - N. Alexander-Walker - A. Edwards - T. Shannon Jr.,1610612750,2024-25
203944-204060-1629675-1630162-1630183,J. Randle - J. Ingles - N. Reid - A. Edwards - J. McDaniels,1610612750,2024-25
1629638-1629675-1630162-1630183-1642265,N. Alexander-Walker - N. Reid - A. Edwards - J. McDaniels - R. Dillingham,1610612750,2024-25
1629675-1630162-1630545-1641740-1642265,N. Reid - A. Edwards - T. Shannon Jr. - J. Clark - R. Dillingham,1610612750,2024-25
1630162-1630183-1630545-1630568-1642265,A. Edwards - J. McDaniels - T. Shannon Jr. - L. Garza - R. Dillingham,1610612750,2024-25
1628978-1629638-1630162-1630183-1630545,D. DiVincenzo - N. Alexander-Walker - A. Edwards - J. McDaniels - T. Shannon Jr.,1610612750,2024-25
203944-1628978-1630162-1630183-1641740,J. Randle - D. DiVincenzo - A. Edwards - J. McDaniels - J. Clark,1610612750,2024-25
203944-1629638-1630162-1631169-1641740,J. Randle - N. Alexander-Walker - A. Edwards - J. Minott - J. Clark,1610612750,2024-25
203944-1629638-1629675-1630162-1631169,J. Randle - N. Alexander-Walker - N. Reid - A. Edwards - J. Minott,1610612750,2024-25
1629638-1630162-1630568-1641740-1642265,N. Alexander-Walker - A. Edwards - L. Garza - J. Clark - R. Dillingham,1610612750,2024-25
203497-203944-204060-1629638-1630162,R. Gobert - J. Randle - J. Ingles - N. Alexander-Walker - A. Edwards,1610612750,2024-25
203497-1629638-1630162-1641740-1642265,R. Gobert - N. Alexander-Walker - A. Edwards - J. Clark - R. Dillingham,1610612750,2024-25
1630162-1630183-1630545-1630568-1641740,A. Edwards - J. McDaniels - T. Shannon Jr. - L. Garza - J. Clark,1610612750,2024-25
1628978-1629638-1629675-1630162-1630545,D. DiVincenzo - N. Alexander-Walker - N. Reid - A. Edwards - T. Shannon Jr.,1610612750,2024-25
1629638-1630162-1630183-1630545-1630568,N. Alexander-Walker - A. Edwards - J. McDaniels - T. Shannon Jr. - L. Garza,1610612750,2024-25
203497-1630162-1630183-1641740-1642265,R. Gobert - A. Edwards - J. McDaniels - J. Clark - R. Dillingham,1610612750,2024-25
203497-1628978-1630162-1630183-1641740,R. Gobert - D. DiVincenzo - A. Edwards - J. McDaniels - J. Clark,1610612750,2024-25
203497-203944-1629638-1630162-1642265,R. Gobert - J. Randle - N. Alexander-Walker - A. Edwards - R. Dillingham,1610612750,2024-25
203497-1629638-1630162-1630183-1642265,R. Gobert - N. Alexander-Walker - A. Edwards - J. McDaniels - R. Dillingham,1610612750,2024-25
203497-1629675-1630162-1641740-1642265,R. Gobert - N. Reid - A. Edwards - J. Clark - R. Dillingham,1610612750,2024-25
203497-1629675-1630162-1630183-1641740,R. Gobert - N. Reid - A. Edwards - J. McDaniels - J. Clark,1610612750,2024-25
1628978-1629638-1630162-1630545-1642265,D. DiVincenzo - N. Alexander-Walker - A. Edwards - T. Shannon Jr. - R. Dillingham,1610612750,2024-25
1628978-1629638-1629675-1630162-1642265,D. DiVincenzo - N. Alexander-Walker - N. Reid - A. Edwards - R. Dillingham,1610612750,2024-25
1628978-1629675-1630162-1630183-1630545,D. DiVincenzo - N. Reid - A. Edwards - J. McDaniels - T. Shannon Jr.,1610612750,2024-25
204060-1629638-1629675-1630162-1630183,J. Ingles - N. Alexander-Walker - N. Reid - A. Edwards - J. McDaniels,1610612750,2024-25
204060-1629675-1630162-1630183-1641740,J. Ingles - N. Reid - A. Edwards - J. McDaniels - J. Clark,1610612750,2024-25
203944-1628978-1629638-1630162-1641740,J. Randle - D. DiVincenzo - N. Alexander-Walker - A. Edwards - J. Clark,1610612750,2024-25
203944-1628978-1629675-1630162-1642265,J. Randle - D. DiVincenzo - N. Reid - A. Edwards - R. Dillingham,1610612750,2024-25
203944-1629638-1630162-1630183-1631169,J. Randle - N. Alexander-Walker - A. Edwards - J. McDaniels - J. Minott,1610612750,2024-25
201144-1628978-1629638-1629675-1630162,M. Conley - D. DiVincenzo - N. Alexander-Walker - N. Reid - A. Edwards,1610612750,2024-25
201144-1628978-1629675-1630162-1630183,M. Conley - D. DiVincenzo - N. Reid - A. Edwards - J. McDaniels,1610612750,2024-25
201144-203497-1629638-1630162-1641740,M. Conley - R. Gobert - N. Alexander-Walker - A. Edwards - J. Clark,1610612750,2024-25
201144-203497-1629638-1630162-1642265,M. Conley - R. Gobert - N. Alexander-Walker - A. Edwards - R. Dillingham,1610612750,2024-25
1629638-1630162-1630183-1630568-1642265,N. Alexander-Walker - A. Edwards - J. McDaniels - L. Garza - R. Dillingham,1610612750,2024-25
1629638-1630162-1630545-1630568-1641740,N. Alexander-Walker - A. Edwards - T. Shannon Jr. - L. Garza - J. Clark,1610612750,2024-25
1629675-1630162-1630568-1641740-1642265,N. Reid - A. Edwards - L. Garza - J. Clark - R. Dillingham,1610612750,2024-25
203497-1628978-1630162-1630183-1631169,R. Gobert - D. DiVincenzo - A. Edwards - J. McDaniels - J. Minott,1610612750,2024-25
203497-1628978-1629675-1630162-1642265,R. Gobert - D. DiVincenzo - N. Reid - A. Edwards - R. Dillingham,1610612750,2024-25
203497-203944-1629638-1629675-1630162,R. Gobert - J. Randle - N. Alexander-Walker - N. Reid - A. Edwards,1610612750,2024-25
203497-1629638-1630162-1630545-1641740,R. Gobert - N. Alexander-Walker - A. Edwards - T. Shannon Jr. - J. Clark,1610612750,2024-25
203497-1629638-1629675-1630162-1641740,R. Gobert - N. Alexander-Walker - N. Reid - A. Edwards - J. Clark,1610612750,2024-25
203497-1629638-1629675-1630162-1630545,R. Gobert - N. Alexander-Walker - N. Reid - A. Edwards - T. Shannon Jr.,1610612750,2024-25
1630162-1630545-1630568-1641740-1642265,A. Edwards - T. Shannon Jr. - L. Garza - J. Clark - R. Dillingham,1610612750,2024-25
1628978-1629638-1630162-1630545-1630568,D. DiVincenzo - N. Alexander-Walker - A. Edwards - T. Shannon Jr. - L. Garza,1610612750,2024-25
1628978-1629675-1630162-1630183-1631169,D. DiVincenzo - N. Reid - A. Edwards - J. McDaniels - J. Minott,1610612750,2024-25
204060-1630162-1630545-1630568-1642265,J. Ingles - A. Edwards - T. Shannon Jr. - L. Garza - R. Dillingham,1610612750,2024-25
203944-1629638-1630162-1630183-1630568,J. Randle - N. Alexander-Walker - A. Edwards - J. McDaniels - L. Garza,1610612750,2024-25
203944-1629638-1630162-1630183-1630545,J. Randle - N. Alexander-Walker - A. Edwards - J. McDaniels - T. Shannon Jr.,1610612750,2024-25
203944-1629638-1629675-1630162-1641740,J. Randle - N. Alexander-Walker - N. Reid - A. Edwards - J. Clark,1610612750,2024-25
203944-1629675-1630162-1641740-1642265,J. Randle - N. Reid - A. Edwards - J. Clark - R. Dillingham,1610612750,2024-25
203944-1629675-1630162-1630183-1641740,J. Randle - N. Reid - A. Edwards - J. McDaniels - J. Clark,1610612750,2024-25
201144-203944-1629638-1630162-1630545,M. Conley - J. Randle - N. Alexander-Walker - A. Edwards - T. Shannon Jr.,1610612750,2024-25
201144-1629638-1630162-1630183-1641740,M. Conley - N. Alexander-Walker - A. Edwards - J. McDaniels - J. Clark,1610612750,2024-25
201144-1629638-1630162-1630183-1630568,M. Conley - N. Alexander-Walker - A. Edwards - J. McDaniels - L. Garza,1610612750,2024-25
201144-1629638-1629675-1630162-1630545,M. Conley - N. Alexander-Walker - N. Reid - A. Edwards - T. Shannon Jr.,1610612750,2024-25
201144-1629675-1630162-1630183-1630545,M. Conley - N. Reid - A. Edwards - J. McDaniels - T. Shannon Jr.,1610612750,2024-25
201144-1629675-1630162-1630568-1641740,M. Conley - N. Reid - A. Edwards - L. Garza - J. Clark,1610612750,2024-25
201144-1629675-1630162-1630545-1641740,M. Conley - N. Reid - A. Edwards - T. Shannon Jr. - J. Clark,1610612750,2024-25
201144-203497-1630162-1630545-1641740,M. Conley - R. Gobert - A. Edwards - T. Shannon Jr. - J. Clark,1610612750,2024-25
201144-203497-1628978-1629638-1630162,M. Conley - R. Gobert - D. DiVincenzo - N. Alexander-Walker - A. Edwards,1610612750,2024-25
201144-203497-203944-1630162-1641740,M. Conley - R. Gobert - J. Randle - A. Edwards - J. Clark,1610612750,2024-25
201144-203497-1629675-1630162-1641740,M. Conley - R. Gobert - N. Reid - A. Edwards - J. Clark,1610612750,2024-25
1629638-1630162-1630183-1630568-1641740,N. Alexander-Walker - A. Edwards - J. McDaniels - L. Garza - J. Clark,1610612750,2024-25
1629638-1630162-1630183-1630545-1641740,N. Alexander-Walker - A. Edwards - J. McDaniels - T. Shannon Jr. - J. Clark,1610612750,2024-25
1629675-1630162-1630183-1641740-1642265,N. Reid - A. Edwards - J. McDaniels - J. Clark - R. Dillingham,1610612750,2024-25
1629675-1630162-1630183-1630545-1631169,N. Reid - A. Edwards - J. McDaniels - T. Shannon Jr. - J. Minott,1610612750,2024-25
203497-1630162-1630545-1641740-1642265,R. Gobert - A. Edwards - T. Shannon Jr. - J. Clark - R. Dillingham,1610612750,2024-25
203497-1628978-1629675-1630162-1641740,R. Gobert - D. DiVincenzo - N. Reid - A. Edwards - J. Clark,1610612750,2024-25
203497-204060-1628978-1629675-1630162,R. Gobert - J. Ingles - D. DiVincenzo - N. Reid - A. Edwards,1610612750,2024-25
203497-203944-1630162-1630183-1641740,R. Gobert - J. Randle - A. Edwards - J. McDaniels - J. Clark,1610612750,2024-25
203497-203944-1628978-1630162-1642265,R. Gobert - J. Randle - D. DiVincenzo - A. Edwards - R. Dillingham,1610612750,2024-25
203497-1629638-1630162-1630183-1630568,R. Gobert - N. Alexander-Walker - A. Edwards - J. McDaniels - L. Garza,1610612750,2024-25
204060-1629675-1630162-1630183-1642265,J. Ingles - N. Reid - A. Edwards - J. McDaniels - R. Dillingham,1610612750,2024-25
203944-1628978-1629675-1630162-1631169,J. Randle - D. DiVincenzo - N. Reid - A. Edwards - J. Minott,1610612750,2024-25
201144-203944-204060-1629675-1630162,M. Conley - J. Randle - J. Ingles - N. Reid - A. Edwards,1610612750,2024-25
201144-203944-1629638-1630162-1641740,M. Conley - J. Randle - N. Alexander-Walker - A. Edwards - J. Clark,1610612750,2024-25
201144-1629638-1629675-1630162-1631169,M. Conley - N. Alexander-Walker - N. Reid - A. Edwards - J. Minott,1610612750,2024-25
1629638-1630162-1630183-1630545-1642265,N. Alexander-Walker - A. Edwards - J. McDaniels - T. Shannon Jr. - R. Dillingham,1610612750,2024-25
1629675-1630162-1630183-1630545-1641740,N. Reid - A. Edwards - J. McDaniels - T. Shannon Jr. - J. Clark,1610612750,2024-25
1629675-1630162-1630183-1630545-1642265,N. Reid - A. Edwards - J. McDaniels - T. Shannon Jr. - R. Dillingham,1610612750,2024-25
203497-203944-1629638-1630162-1641740,R. Gobert - J. Randle - N. Alexander-Walker - A. Edwards - J. Clark,1610612750,2024-25
201144-203497-1626157-1630162-1630183,M. Conley - R. Gobert - K. Towns - A. Edwards - J. McDaniels,1610612750,2023-24
201144-203497-1629675-1630162-1630183,M. Conley - R. Gobert - N. Reid - A. Edwards - J. McDaniels,1610612750,2023-24
203937-1626157-1629638-1629675-1630162,K. Anderson - K. Towns - N. Alexander-Walker - N. Reid - A. Edwards,1610612750,2023-24
201144-203497-1626157-1629638-1630162,M. Conley - R. Gobert - K. Towns - N. Alexander-Walker - A. Edwards,1610612750,2023-24
201144-203497-203937-1630162-1630183,M. Conley - R. Gobert - K. Anderson - A. Edwards - J. McDaniels,1610612750,2023-24
203497-1626157-1629638-1630162-1630183,R. Gobert - K. Towns - N. Alexander-Walker - A. Edwards - J. McDaniels,1610612750,2023-24
203497-203937-1629638-1629675-1630162,R. Gobert - K. Anderson - N. Alexander-Walker - N. Reid - A. Edwards,1610612750,2023-24
203497-1629638-1629675-1630162-1630183,R. Gobert - N. Alexander-Walker - N. Reid - A. Edwards - J. McDaniels,1610612750,2023-24
203937-1628420-1629638-1629675-1630162,K. Anderson - M. Morris - N. Alexander-Walker - N. Reid - A. Edwards,1610612750,2023-24
1626157-1629638-1629675-1630162-1630183,K. Towns - N. Alexander-Walker - N. Reid - A. Edwards - J. McDaniels,1610612750,2023-24
201144-203497-203937-1626157-1630162,M. Conley - R. Gobert - K. Anderson - K. Towns - A. Edwards,1610612750,2023-24
201144-203937-1629675-1630162-1630183,M. Conley - K. Anderson - N. Reid - A. Edwards - J. McDaniels,1610612750,2023-24
203497-203937-1628420-1629638-1630162,R. Gobert - K. Anderson - M. Morris - N. Alexander-Walker - A. Edwards,1610612750,2023-24
203497-203937-1629638-1630162-1630183,R. Gobert - K. Anderson - N. Alexander-Walker - A. Edwards - J. McDaniels,1610612750,2023-24
203497-1628420-1629675-1630162-1630183,R. Gobert - M. Morris - N. Reid - A. Edwards - J. McDaniels,1610612750,2023-24
201144-203497-203937-1629675-1630162,M. Conley - R. Gobert - K. Anderson - N. Reid - A. Edwards,1610612750,2023-24
201144-203497-1629638-1630162-1630183,M. Conley - R. Gobert - N. Alexander-Walker - A. Edwards - J. McDaniels,1610612750,2023-24
203497-203937-1626157-1630162-1630183,R. Gobert - K. Anderson - K. Towns - A. Edwards - J. McDaniels,1610612750,2023-24
203937-1629162-1629638-1629675-1630162,K. Anderson - J. McLaughlin - N. Alexander-Walker - N. Reid - A. Edwards,1610612750,2023-24
203937-1629638-1629675-1630162-1630183,K. Anderson - N. Alexander-Walker - N. Reid - A. Edwards - J. McDaniels,1610612750,2023-24
201144-1626157-1629675-1630162-1630183,M. Conley - K. Towns - N. Reid - A. Edwards - J. McDaniels,1610612750,2023-24
203937-1626157-1629675-1630162-1630183,K. Anderson - K. Towns - N. Reid - A. Edwards - J. McDaniels,1610612750,2023-24
203937-1626157-1629638-1630162-1630183,K. Anderson - K. Towns - N. Alexander-Walker - A. Edwards - J. McDaniels,1610612750,2023-24
203497-203937-1626157-1629638-1630162,R. Gobert - K. Anderson - K. Towns - N. Alexander-Walker - A. Edwards,1610612750,2023-24
203937-1626157-1629003-1629675-1630162,K. Anderson - K. Towns - S. Milton - N. Reid - A. Edwards,1610612750,2023-24
203937-1628420-1629675-1630162-1630183,K. Anderson - M. Morris - N. Reid - A. Edwards - J. McDaniels,1610612750,2023-24
201144-203937-1626157-1630162-1630183,M. Conley - K. Anderson - K. Towns - A. Edwards - J. McDaniels,1610612750,2023-24
201144-203937-1629638-1630162-1630183,M. Conley - K. Anderson - N. Alexander-Walker - A. Edwards - J. McDaniels,1610612750,2023-24
203937-1629003-1629638-1629675-1630162,K. Anderson - S. Milton - N. Alexander-Walker - N. Reid - A. Edwards,1610612750,2023-24
201144-1629638-1629675-1630162-1630183,M. Conley - N. Alexander-Walker - N. Reid - A. Edwards - J. McDaniels,1610612750,2023-24
201144-203497-203937-1629638-1630162,M. Conley - R. Gobert - K. Anderson - N. Alexander-Walker - A. Edwards,1610612750,2023-24
201144-203937-1626157-1629675-1630162,M. Conley - K. Anderson - K. Towns - N. Reid - A. Edwards,1610612750,2023-24
203497-203937-1629675-1630162-1630183,R. Gobert - K. Anderson - N. Reid - A. Edwards - J. McDaniels,1610612750,2023-24
203933-1629162-1629638-1629675-1630162,T. Warren - J. McLaughlin - N. Alexander-Walker - N. Reid - A. Edwards,1610612750,2023-24
201144-203497-1629638-1629675-1630162,M. Conley - R. Gobert - N. Alexander-Walker - N. Reid - A. Edwards,1610612750,2023-24
203497-203937-1629003-1629675-1630162,R. Gobert - K. Anderson - S. Milton - N. Reid - A. Edwards,1610612750,2023-24
203497-1626157-1628972-1629638-1630162,R. Gobert - K. Towns - T. Brown Jr. - N. Alexander-Walker - A. Edwards,1610612750,2023-24
203937-1629162-1629638-1630162-1630183,K. Anderson - J. McLaughlin - N. Alexander-Walker - A. Edwards - J. McDaniels,1610612750,2023-24
201144-203937-1629638-1629675-1630162,M. Conley - K. Anderson - N. Alexander-Walker - N. Reid - A. Edwards,1610612750,2023-24
201144-203497-1626157-1628972-1630162,M. Conley - R. Gobert - K. Towns - T. Brown Jr. - A. Edwards,1610612750,2023-24
201144-203497-1628972-1629675-1630162,M. Conley - R. Gobert - T. Brown Jr. - N. Reid - A. Edwards,1610612750,2023-24
203933-1628420-1629638-1630162-1630568,T. Warren - M. Morris - N. Alexander-Walker - A. Edwards - L. Garza,1610612750,2023-24
203937-1626157-1629162-1629675-1630162,K. Anderson - K. Towns - J. McLaughlin - N. Reid - A. Edwards,1610612750,2023-24
203497-1628420-1629638-1629675-1630162,R. Gobert - M. Morris - N. Alexander-Walker - N. Reid - A. Edwards,1610612750,2023-24
201144-203937-1626157-1629638-1630162,M. Conley - K. Anderson - K. Towns - N. Alexander-Walker - A. Edwards,1610612750,2023-24
203497-203937-1629162-1629675-1630162,R. Gobert - K. Anderson - J. McLaughlin - N. Reid - A. Edwards,1610612750,2023-24
203937-1629162-1629675-1630162-1630183,K. Anderson - J. McLaughlin - N. Reid - A. Edwards - J. McDaniels,1610612750,2023-24
1626157-1628420-1629638-1629675-1630162,K. Towns - M. Morris - N. Alexander-Walker - N. Reid - A. Edwards,1610612750,2023-24
1626157-1628420-1629675-1630162-1630183,K. Towns - M. Morris - N. Reid - A. Edwards - J. McDaniels,1610612750,2023-24
203497-1626157-1629003-1629638-1630162,R. Gobert - K. Towns - S. Milton - N. Alexander-Walker - A. Edwards,1610612750,2023-24
203937-1628972-1629638-1629675-1630162,K. Anderson - T. Brown Jr. - N. Alexander-Walker - N. Reid - A. Edwards,1610612750,2023-24
203497-1629162-1629675-1630162-1630183,R. Gobert - J. McLaughlin - N. Reid - A. Edwards - J. McDaniels,1610612750,2023-24
203497-203937-1628420-1629675-1630162,R. Gobert - K. Anderson - M. Morris - N. Reid - A. Edwards,1610612750,2023-24
203497-1628972-1629638-1629675-1630162,R. Gobert - T. Brown Jr. - N. Alexander-Walker - N. Reid - A. Edwards,1610612750,2023-24
203933-1628420-1629162-1630162-1630568,T. Warren - M. Morris - J. McLaughlin - A. Edwards - L. Garza,1610612750,2023-24
201144-1626157-1629638-1629675-1630162,M. Conley - K. Towns - N. Alexander-Walker - N. Reid - A. Edwards,1610612750,2023-24
1629162-1629638-1629675-1630162-1630183,J. McLaughlin - N. Alexander-Walker - N. Reid - A. Edwards - J. McDaniels,1610612750,2023-24
1626157-1629003-1629638-1629675-1630162,K. Towns - S. Milton - N. Alexander-Walker - N. Reid - A. Edwards,1610612750,2023-24
201144-203497-203937-1629003-1630162,M. Conley - R. Gobert - K. Anderson - S. Milton - A. Edwards,1610612750,2023-24
201144-203933-1629638-1629675-1630162,M. Conley - T. Warren - N. Alexander-Walker - N. Reid - A. Edwards,1610612750,2023-24
203497-203937-1628420-1630162-1630183,R. Gobert - K. Anderson - M. Morris - A. Edwards - J. McDaniels,1610612750,2023-24
203497-1628420-1629638-1630162-1630183,R. Gobert - M. Morris - N. Alexander-Walker - A. Edwards - J. McDaniels,1610612750,2023-24
203937-1626157-1628420-1629675-1630162,K. Anderson - K. Towns - M. Morris - N. Reid - A. Edwards,1610612750,2023-24
203937-1629003-1629162-1629675-1630162,K. Anderson - S. Milton - J. McLaughlin - N. Reid - A. Edwards,1610612750,2023-24
201144-203497-1629003-1629675-1630162,M. Conley - R. Gobert - S. Milton - N. Reid - A. Edwards,1610612750,2023-24
1628420-1629638-1629675-1630162-1630183,M. Morris - N. Alexander-Walker - N. Reid - A. Edwards - J. McDaniels,1610612750,2023-24
203497-203937-1629162-1629638-1630162,R. Gobert - K. Anderson - J. McLaughlin - N. Alexander-Walker - A. Edwards,1610612750,2023-24
203497-203937-1626157-1629003-1630162,R. Gobert - K. Anderson - K. Towns - S. Milton - A. Edwards,1610612750,2023-24
203497-203937-1628420-1629162-1630162,R. Gobert - K. Anderson - M. Morris - J. McLaughlin - A. Edwards,1610612750,2023-24
203937-1626157-1628972-1629638-1630162,K. Anderson - K. Towns - T. Brown Jr. - N. Alexander-Walker - A. Edwards,1610612750,2023-24
203937-1628420-1629638-1630162-1630183,K. Anderson - M. Morris - N. Alexander-Walker - A. Edwards - J. McDaniels,1610612750,2023-24
203937-1628972-1629003-1629675-1630162,K. Anderson - T. Brown Jr. - S. Milton - N. Reid - A. Edwards,1610612750,2023-24
1626157-1629003-1629675-1630162-1630183,K. Towns - S. Milton - N. Reid - A. Edwards - J. McDaniels,1610612750,2023-24
201144-1626157-1629638-1630162-1630183,M. Conley - K. Towns - N. Alexander-Walker - A. Edwards - J. McDaniels,1610612750,2023-24
201144-1626157-1629003-1629675-1630162,M. Conley - K. Towns - S. Milton - N. Reid - A. Edwards,1610612750,2023-24
201144-203497-1626157-1629003-1630162,M. Conley - R. Gobert - K. Towns - S. Milton - A. Edwards,1610612750,2023-24
201144-203497-1628420-1630162-1630183,M. Conley - R. Gobert - M. Morris - A. Edwards - J. McDaniels,1610612750,2023-24
1628420-1629638-1630162-1630183-1630568,M. Morris - N. Alexander-Walker - A. Edwards - J. McDaniels - L. Garza,1610612750,2023-24
203497-203937-1629162-1630162-1630183,R. Gobert - K. Anderson - J. McLaughlin - A. Edwards - J. McDaniels,1610612750,2023-24
203497-203937-1626157-1629162-1630162,R. Gobert - K. Anderson - K. Towns - J. McLaughlin - A. Edwards,1610612750,2023-24
203497-203937-1629003-1629638-1630162,R. Gobert - K. Anderson - S. Milton - N. Alexander-Walker - A. Edwards,1610612750,2023-24
203497-203937-1628972-1629675-1630162,R. Gobert - K. Anderson - T. Brown Jr. - N. Reid - A. Edwards,1610612750,2023-24
203497-1626157-1628420-1630162-1630183,R. Gobert - K. Towns - M. Morris - A. Edwards - J. McDaniels,1610612750,2023-24
203497-1629003-1629638-1629675-1630162,R. Gobert - S. Milton - N. Alexander-Walker - N. Reid - A. Edwards,1610612750,2023-24
203497-203933-1629162-1629638-1630162,R. Gobert - T. Warren - J. McLaughlin - N. Alexander-Walker - A. Edwards,1610612750,2023-24
203933-1628420-1629638-1629675-1630162,T. Warren - M. Morris - N. Alexander-Walker - N. Reid - A. Edwards,1610612750,2023-24
203937-1629162-1630162-1630183-1630568,K. Anderson - J. McLaughlin - A. Edwards - J. McDaniels - L. Garza,1610612750,2023-24
203937-1626157-1629003-1629638-1630162,K. Anderson - K. Towns - S. Milton - N. Alexander-Walker - A. Edwards,1610612750,2023-24
203937-1626157-1628972-1630162-1630183,K. Anderson - K. Towns - T. Brown Jr. - A. Edwards - J. McDaniels,1610612750,2023-24
203937-1628972-1629162-1629675-1630162,K. Anderson - T. Brown Jr. - J. McLaughlin - N. Reid - A. Edwards,1610612750,2023-24
1626157-1628420-1629638-1630162-1630183,K. Towns - M. Morris - N. Alexander-Walker - A. Edwards - J. McDaniels,1610612750,2023-24
201144-203937-1626157-1629003-1630162,M. Conley - K. Anderson - K. Towns - S. Milton - A. Edwards,1610612750,2023-24
201144-1629638-1630162-1630183-1630568,M. Conley - N. Alexander-Walker - A. Edwards - J. McDaniels - L. Garza,1610612750,2023-24
201144-203497-1629162-1629638-1630162,M. Conley - R. Gobert - J. McLaughlin - N. Alexander-Walker - A. Edwards,1610612750,2023-24
201144-203497-1626157-1629675-1630162,M. Conley - R. Gobert - K. Towns - N. Reid - A. Edwards,1610612750,2023-24
201144-203497-1628972-1629638-1630162,M. Conley - R. Gobert - T. Brown Jr. - N. Alexander-Walker - A. Edwards,1610612750,2023-24
201144-203497-203933-1630162-1630183,M. Conley - R. Gobert - T. Warren - A. Edwards - J. McDaniels,1610612750,2023-24
203497-1628420-1629162-1630162-1630183,R. Gobert - M. Morris - J. McLaughlin - A. Edwards - J. McDaniels,1610612750,2023-24
203497-1629003-1629162-1629675-1630162,R. Gobert - S. Milton - J. McLaughlin - N. Reid - A. Edwards,1610612750,2023-24
203497-203933-1629638-1629675-1630162,R. Gobert - T. Warren - N. Alexander-Walker - N. Reid - A. Edwards,1610612750,2023-24
203937-1626157-1629162-1630162-1630183,K. Anderson - K. Towns - J. McLaughlin - A. Edwards - J. McDaniels,1610612750,2023-24
203937-1628420-1629162-1630162-1630183,K. Anderson - M. Morris - J. McLaughlin - A. Edwards - J. McDaniels,1610612750,2023-24
203937-1629003-1629675-1630162-1630183,K. Anderson - S. Milton - N. Reid - A. Edwards - J. McDaniels,1610612750,2023-24
1626157-1628972-1629638-1629675-1630162,K. Towns - T. Brown Jr. - N. Alexander-Walker - N. Reid - A. Edwards,1610612750,2023-24
201144-203937-1628420-1630162-1630183,M. Conley - K. Anderson - M. Morris - A. Edwards - J. McDaniels,1610612750,2023-24
203497-1629162-1629638-1630162-1630183,R. Gobert - J. McLaughlin - N. Alexander-Walker - A. Edwards - J. McDaniels,1610612750,2023-24
203497-1626157-1629162-1630162-1630183,R. Gobert - K. Towns - J. McLaughlin - A. Edwards - J. McDaniels,1610612750,2023-24
203497-1626157-1629003-1630162-1630183,R. Gobert - K. Towns - S. Milton - A. Edwards - J. McDaniels,1610612750,2023-24
203497-1628420-1629162-1629675-1630162,R. Gobert - M. Morris - J. McLaughlin - N. Reid - A. Edwards,1610612750,2023-24
203497-203933-203937-1628420-1630162,R. Gobert - T. Warren - K. Anderson - M. Morris - A. Edwards,1610612750,2023-24
1629003-1629638-1629675-1630162-1630183,S. Milton - N. Alexander-Walker - N. Reid - A. Edwards - J. McDaniels,1610612750,2023-24
203933-1629638-1629675-1630162-1630183,T. Warren - N. Alexander-Walker - N. Reid - A. Edwards - J. McDaniels,1610612750,2023-24
203937-1626157-1629162-1629638-1630162,K. Anderson - K. Towns - J. McLaughlin - N. Alexander-Walker - A. Edwards,1610612750,2023-24
203937-1628420-1629162-1629638-1630162,K. Anderson - M. Morris - J. McLaughlin - N. Alexander-Walker - A. Edwards,1610612750,2023-24
1626157-1628972-1629675-1630162-1630183,K. Towns - T. Brown Jr. - N. Reid - A. Edwards - J. McDaniels,1610612750,2023-24
201144-1628420-1629675-1630162-1630183,M. Conley - M. Morris - N. Reid - A. Edwards - J. McDaniels,1610612750,2023-24
201144-203497-1628420-1629675-1630162,M. Conley - R. Gobert - M. Morris - N. Reid - A. Edwards,1610612750,2023-24
201144-203933-1629675-1630162-1630183,M. Conley - T. Warren - N. Reid - A. Edwards - J. McDaniels,1610612750,2023-24
203497-203937-1628972-1630162-1630183,R. Gobert - K. Anderson - T. Brown Jr. - A. Edwards - J. McDaniels,1610612750,2023-24
203933-1629162-1629638-1630162-1630568,T. Warren - J. McLaughlin - N. Alexander-Walker - A. Edwards - L. Garza,1610612750,2023-24
203497-1626156-1626157-1630162-1630183,R. Gobert - D. Russell - K. Towns - A. Edwards - J. McDaniels,1610612750,2022-23
201144-203497-203937-1630162-1630183,M. Conley - R. Gobert - K. Anderson - A. Edwards - J. McDaniels,1610612750,2022-23
203497-203937-1626156-1630162-1630183,R. Gobert - K. Anderson - D. Russell - A. Edwards - J. McDaniels,1610612750,2022-23
203937-1626156-1629675-1630162-1630183,K. Anderson - D. Russell - N. Reid - A. Edwards - J. McDaniels,1610612750,2022-23
203085-203497-1626156-1630162-1630183,A. Rivers - R. Gobert - D. Russell - A. Edwards - J. McDaniels,1610612750,2022-23
201144-203497-1626157-1630162-1630183,M. Conley - R. Gobert - K. Towns - A. Edwards - J. McDaniels,1610612750,2022-23
203085-1626156-1629675-1630162-1630183,A. Rivers - D. Russell - N. Reid - A. Edwards - J. McDaniels,1610612750,2022-23
203937-1626156-1626157-1630162-1630183,K. Anderson - D. Russell - K. Towns - A. Edwards - J. McDaniels,1610612750,2022-23
203497-203937-1629669-1630162-1630183,R. Gobert - K. Anderson - J. Nowell - A. Edwards - J. McDaniels,1610612750,2022-23
1627752-1629162-1629638-1629675-1630162,T. Prince - J. McLaughlin - N. Alexander-Walker - N. Reid - A. Edwards,1610612750,2022-23
203497-1626156-1629669-1630162-1630183,R. Gobert - D. Russell - J. Nowell - A. Edwards - J. McDaniels,1610612750,2022-23
203085-1629669-1629675-1630162-1630183,A. Rivers - J. Nowell - N. Reid - A. Edwards - J. McDaniels,1610612750,2022-23
203085-203497-203937-1626156-1630162,A. Rivers - R. Gobert - K. Anderson - D. Russell - A. Edwards,1610612750,2022-23
201144-203497-1627752-1630162-1630183,M. Conley - R. Gobert - T. Prince - A. Edwards - J. McDaniels,1610612750,2022-23
203497-203937-1626156-1626157-1630162,R. Gobert - K. Anderson - D. Russell - K. Towns - A. Edwards,1610612750,2022-23
1626156-1629669-1629675-1630162-1630183,D. Russell - J. Nowell - N. Reid - A. Edwards - J. McDaniels,1610612750,2022-23
203085-203497-203937-1630162-1630183,A. Rivers - R. Gobert - K. Anderson - A. Edwards - J. McDaniels,1610612750,2022-23
1627752-1629162-1629669-1629675-1630162,T. Prince - J. McLaughlin - J. Nowell - N. Reid - A. Edwards,1610612750,2022-23
203937-1626157-1627752-1629162-1630162,K. Anderson - K. Towns - T. Prince - J. McLaughlin - A. Edwards,1610612750,2022-23
201144-203937-1629675-1630162-1630183,M. Conley - K. Anderson - N. Reid - A. Edwards - J. McDaniels,1610612750,2022-23
201144-203497-203937-1627752-1630162,M. Conley - R. Gobert - K. Anderson - T. Prince - A. Edwards,1610612750,2022-23
203085-203497-1626156-1626157-1630162,A. Rivers - R. Gobert - D. Russell - K. Towns - A. Edwards,1610612750,2022-23
201144-203497-203937-1626157-1630162,M. Conley - R. Gobert - K. Anderson - K. Towns - A. Edwards,1610612750,2022-23
203085-203937-1629669-1629675-1630162,A. Rivers - K. Anderson - J. Nowell - N. Reid - A. Edwards,1610612750,2022-23
203937-1629669-1629675-1630162-1630183,K. Anderson - J. Nowell - N. Reid - A. Edwards - J. McDaniels,1610612750,2022-23
203497-1626156-1627752-1630162-1630183,R. Gobert - D. Russell - T. Prince - A. Edwards - J. McDaniels,1610612750,2022-23
1627752-1629669-1629675-1630162-1630183,T. Prince - J. Nowell - N. Reid - A. Edwards - J. McDaniels,1610612750,2022-23
203085-1627752-1629669-1629675-1630162,A. Rivers - T. Prince - J. Nowell - N. Reid - A. Edwards,1610612750,2022-23
1626156-1627752-1629675-1630162-1630183,D. Russell - T. Prince - N. Reid - A. Edwards - J. McDaniels,1610612750,2022-23
203497-1626156-1629675-1630162-1630183,R. Gobert - D. Russell - N. Reid - A. Edwards - J. McDaniels,1610612750,2022-23
203497-1627752-1629162-1629669-1630162,R. Gobert - T. Prince - J. McLaughlin - J. Nowell - A. Edwards,1610612750,2022-23
203085-203497-203937-1629669-1630162,A. Rivers - R. Gobert - K. Anderson - J. Nowell - A. Edwards,1610612750,2022-23
203937-1626156-1626157-1627752-1630162,K. Anderson - D. Russell - K. Towns - T. Prince - A. Edwards,1610612750,2022-23
201144-203497-1629638-1630162-1630183,M. Conley - R. Gobert - N. Alexander-Walker - A. Edwards - J. McDaniels,1610612750,2022-23
203497-203937-1627752-1629162-1630162,R. Gobert - K. Anderson - T. Prince - J. McLaughlin - A. Edwards,1610612750,2022-23
203085-1626156-1629669-1629675-1630162,A. Rivers - D. Russell - J. Nowell - N. Reid - A. Edwards,1610612750,2022-23
1627752-1629162-1629675-1630162-1630183,T. Prince - J. McLaughlin - N. Reid - A. Edwards - J. McDaniels,1610612750,2022-23
201144-203497-203937-1629638-1630162,M. Conley - R. Gobert - K. Anderson - N. Alexander-Walker - A. Edwards,1610612750,2022-23
203497-203937-1626156-1630162-1631111,R. Gobert - K. Anderson - D. Russell - A. Edwards - W. Moore Jr.,1610612750,2022-23
203497-203937-1626156-1629669-1630162,R. Gobert - K. Anderson - D. Russell - J. Nowell - A. Edwards,1610612750,2022-23
203497-203937-1627752-1630162-1630183,R. Gobert - K. Anderson - T. Prince - A. Edwards - J. McDaniels,1610612750,2022-23
203085-1626156-1630162-1630183-1630233,A. Rivers - D. Russell - A. Edwards - J. McDaniels - N. Knight,1610612750,2022-23
203085-1626156-1627752-1629675-1630162,A. Rivers - D. Russell - T. Prince - N. Reid - A. Edwards,1610612750,2022-23
1626156-1626157-1627752-1630162-1630183,D. Russell - K. Towns - T. Prince - A. Edwards - J. McDaniels,1610612750,2022-23
203937-1626156-1630162-1630183-1630233,K. Anderson - D. Russell - A. Edwards - J. McDaniels - N. Knight,1610612750,2022-23
203937-1626157-1629162-1630162-1630183,K. Anderson - K. Towns - J. McLaughlin - A. Edwards - J. McDaniels,1610612750,2022-23
201144-203937-1626157-1627752-1630162,M. Conley - K. Anderson - K. Towns - T. Prince - A. Edwards,1610612750,2022-23
203085-1629669-1629675-1630162-1630233,A. Rivers - J. Nowell - N. Reid - A. Edwards - N. Knight,1610612750,2022-23
203085-203937-1626156-1626157-1630162,A. Rivers - K. Anderson - D. Russell - K. Towns - A. Edwards,1610612750,2022-23
203085-203937-1629675-1630162-1630183,A. Rivers - K. Anderson - N. Reid - A. Edwards - J. McDaniels,1610612750,2022-23
203497-1626156-1630162-1630183-1630233,R. Gobert - D. Russell - A. Edwards - J. McDaniels - N. Knight,1610612750,2022-23
203497-1626157-1629162-1630162-1630183,R. Gobert - K. Towns - J. McLaughlin - A. Edwards - J. McDaniels,1610612750,2022-23
203497-1627752-1629162-1630162-1630183,R. Gobert - T. Prince - J. McLaughlin - A. Edwards - J. McDaniels,1610612750,2022-23
203085-1629669-1630162-1630183-1630568,A. Rivers - J. Nowell - A. Edwards - J. McDaniels - L. Garza,1610612750,2022-23
203085-203937-1626156-1629675-1630162,A. Rivers - K. Anderson - D. Russell - N. Reid - A. Edwards,1610612750,2022-23
203085-1627752-1629669-1630162-1630568,A. Rivers - T. Prince - J. Nowell - A. Edwards - L. Garza,1610612750,2022-23
1626156-1626157-1629669-1630162-1630183,D. Russell - K. Towns - J. Nowell - A. Edwards - J. McDaniels,1610612750,2022-23
203937-1629162-1629669-1629675-1630162,K. Anderson - J. McLaughlin - J. Nowell - N. Reid - A. Edwards,1610612750,2022-23
201144-1629638-1629675-1630162-1630183,M. Conley - N. Alexander-Walker - N. Reid - A. Edwards - J. McDaniels,1610612750,2022-23
1627752-1629669-1630162-1630183-1630568,T. Prince - J. Nowell - A. Edwards - J. McDaniels - L. Garza,1610612750,2022-23
203085-203497-1626156-1630162-1630346,A. Rivers - R. Gobert - D. Russell - A. Edwards - M. Ryan,1610612750,2022-23
203085-203497-1629669-1629675-1630162,A. Rivers - R. Gobert - J. Nowell - N. Reid - A. Edwards,1610612750,2022-23
203497-1626156-1630162-1630183-1630346,R. Gobert - D. Russell - A. Edwards - J. McDaniels - M. Ryan,1610612750,2022-23
203497-1626156-1626157-1627752-1630162,R. Gobert - D. Russell - K. Towns - T. Prince - A. Edwards,1610612750,2022-23
203085-203937-1626156-1630162-1630233,A. Rivers - K. Anderson - D. Russell - A. Edwards - N. Knight,1610612750,2022-23
203085-203937-1629162-1629675-1630162,A. Rivers - K. Anderson - J. McLaughlin - N. Reid - A. Edwards,1610612750,2022-23
1627854-1629669-1629675-1630162-1630183,B. Forbes - J. Nowell - N. Reid - A. Edwards - J. McDaniels,1610612750,2022-23
1626156-1626157-1627854-1630162-1630183,D. Russell - K. Towns - B. Forbes - A. Edwards - J. McDaniels,1610612750,2022-23
203937-1626156-1627752-1629675-1630162,K. Anderson - D. Russell - T. Prince - N. Reid - A. Edwards,1610612750,2022-23
1626157-1627752-1629162-1630162-1630183,K. Towns - T. Prince - J. McLaughlin - A. Edwards - J. McDaniels,1610612750,2022-23
201144-203937-1626157-1630162-1630183,M. Conley - K. Anderson - K. Towns - A. Edwards - J. McDaniels,1610612750,2022-23
1627752-1629669-1630162-1630183-1630233,T. Prince - J. Nowell - A. Edwards - J. McDaniels - N. Knight,1610612750,2022-23
203085-1627854-1629669-1629675-1630162,A. Rivers - B. Forbes - J. Nowell - N. Reid - A. Edwards,1610612750,2022-23
203085-203937-1629669-1630162-1630568,A. Rivers - K. Anderson - J. Nowell - A. Edwards - L. Garza,1610612750,2022-23
203085-203937-1627752-1629675-1630162,A. Rivers - K. Anderson - T. Prince - N. Reid - A. Edwards,1610612750,2022-23
1626156-1629675-1630162-1630183-1630346,D. Russell - N. Reid - A. Edwards - J. McDaniels - M. Ryan,1610612750,2022-23
203937-1627752-1629162-1629675-1630162,K. Anderson - T. Prince - J. McLaughlin - N. Reid - A. Edwards,1610612750,2022-23
201144-203497-1629675-1630162-1630183,M. Conley - R. Gobert - N. Reid - A. Edwards - J. McDaniels,1610612750,2022-23
203497-1627854-1629669-1629675-1630162,R. Gobert - B. Forbes - J. Nowell - N. Reid - A. Edwards,1610612750,2022-23
203497-1626156-1630162-1630183-1631111,R. Gobert - D. Russell - A. Edwards - J. McDaniels - W. Moore Jr.,1610612750,2022-23
203497-1626156-1629669-1629675-1630162,R. Gobert - D. Russell - J. Nowell - N. Reid - A. Edwards,1610612750,2022-23
203497-1626156-1626157-1629669-1630162,R. Gobert - D. Russell - K. Towns - J. Nowell - A. Edwards,1610612750,2022-23
203497-203937-1629162-1630162-1630183,R. Gobert - K. Anderson - J. McLaughlin - A. Edwards - J. McDaniels,1610612750,2022-23
203497-203937-1629638-1630162-1630183,R. Gobert - K. Anderson - N. Alexander-Walker - A. Edwards - J. McDaniels,1610612750,2022-23
203085-1629675-1630162-1630183-1630346,A. Rivers - N. Reid - A. Edwards - J. McDaniels - M. Ryan,1610612750,2022-23
203085-203497-1627854-1629675-1630162,A. Rivers - R. Gobert - B. Forbes - N. Reid - A. Edwards,1610612750,2022-23
203085-203497-1626156-1627752-1630162,A. Rivers - R. Gobert - D. Russell - T. Prince - A. Edwards,1610612750,2022-23
1629162-1630162-1630233-1630568-1631169,J. McLaughlin - A. Edwards - N. Knight - L. Garza - J. Minott,1610612750,2022-23
1629669-1629675-1630162-1630183-1630346,J. Nowell - N. Reid - A. Edwards - J. McDaniels - M. Ryan,1610612750,2022-23
1629669-1629675-1630162-1630183-1630233,J. Nowell - N. Reid - A. Edwards - J. McDaniels - N. Knight,1610612750,2022-23
203937-1626156-1629669-1629675-1630162,K. Anderson - D. Russell - J. Nowell - N. Reid - A. Edwards,1610612750,2022-23
203937-1626156-1627752-1630162-1630183,K. Anderson - D. Russell - T. Prince - A. Edwards - J. McDaniels,1610612750,2022-23
203937-1629669-1630162-1630183-1630233,K. Anderson - J. Nowell - A. Edwards - J. McDaniels - N. Knight,1610612750,2022-23
203937-1627752-1629669-1629675-1630162,K. Anderson - T. Prince - J. Nowell - N. Reid - A. Edwards,1610612750,2022-23
1626157-1627752-1629162-1629669-1630162,K. Towns - T. Prince - J. McLaughlin - J. Nowell - A. Edwards,1610612750,2022-23
201144-203085-203497-1630162-1630183,M. Conley - A. Rivers - R. Gobert - A. Edwards - J. McDaniels,1610612750,2022-23
201144-203937-1627752-1629638-1630162,M. Conley - K. Anderson - T. Prince - N. Alexander-Walker - A. Edwards,1610612750,2022-23
203497-1626157-1627752-1629669-1630162,R. Gobert - K. Towns - T. Prince - J. Nowell - A. Edwards,1610612750,2022-23
203497-1627752-1629669-1630162-1630183,R. Gobert - T. Prince - J. Nowell - A. Edwards - J. McDaniels,1610612750,2022-23
203085-1626157-1627752-1629669-1630162,A. Rivers - K. Towns - T. Prince - J. Nowell - A. Edwards,1610612750,2022-23
203085-203497-1627752-1629669-1630162,A. Rivers - R. Gobert - T. Prince - J. Nowell - A. Edwards,1610612750,2022-23
1626156-1629669-1630162-1630183-1630233,D. Russell - J. Nowell - A. Edwards - J. McDaniels - N. Knight,1610612750,2022-23
203937-1626156-1626157-1629669-1630162,K. Anderson - D. Russell - K. Towns - J. Nowell - A. Edwards,1610612750,2022-23
203937-1626156-1629675-1630162-1631111,K. Anderson - D. Russell - N. Reid - A. Edwards - W. Moore Jr.,1610612750,2022-23
203937-1629669-1630162-1630183-1630568,K. Anderson - J. Nowell - A. Edwards - J. McDaniels - L. Garza,1610612750,2022-23
1626157-1629162-1629675-1630162-1630183,K. Towns - J. McLaughlin - N. Reid - A. Edwards - J. McDaniels,1610612750,2022-23
201144-203085-1629669-1629675-1630162,M. Conley - A. Rivers - J. Nowell - N. Reid - A. Edwards,1610612750,2022-23
201144-203937-1627752-1630162-1630183,M. Conley - K. Anderson - T. Prince - A. Edwards - J. McDaniels,1610612750,2022-23
201144-203937-1627752-1629675-1630162,M. Conley - K. Anderson - T. Prince - N. Reid - A. Edwards,1610612750,2022-23
203497-1626156-1627854-1630162-1630183,R. Gobert - D. Russell - B. Forbes - A. Edwards - J. McDaniels,1610612750,2022-23
203497-1629162-1629675-1630162-1630183,R. Gobert - J. McLaughlin - N. Reid - A. Edwards - J. McDaniels,1610612750,2022-23
203497-203937-1627854-1630162-1630183,R. Gobert - K. Anderson - B. Forbes - A. Edwards - J. McDaniels,1610612750,2022-23
203497-203937-1626156-1627752-1630162,R. Gobert - K. Anderson - D. Russell - T. Prince - A. Edwards,1610612750,2022-23
203497-1626157-1627854-1630162-1630183,R. Gobert - K. Towns - B. Forbes - A. Edwards - J. McDaniels,1610612750,2022-23
203085-1630162-1630233-1630346-1630568,A. Rivers - A. Edwards - N. Knight - M. Ryan - L. Garza,1610612750,2022-23
203085-1629162-1629669-1629675-1630162,A. Rivers - J. McLaughlin - J. Nowell - N. Reid - A. Edwards,1610612750,2022-23
203085-1629162-1629638-1630162-1630233,A. Rivers - J. McLaughlin - N. Alexander-Walker - A. Edwards - N. Knight,1610612750,2022-23
203085-1629162-1629638-1629675-1630162,A. Rivers - J. McLaughlin - N. Alexander-Walker - N. Reid - A. Edwards,1610612750,2022-23
203085-1629669-1630162-1630233-1630568,A. Rivers - J. Nowell - A. Edwards - N. Knight - L. Garza,1610612750,2022-23
203085-203497-1626156-1629669-1630162,A. Rivers - R. Gobert - D. Russell - J. Nowell - A. Edwards,1610612750,2022-23
203085-203497-1626156-1629675-1630162,A. Rivers - R. Gobert - D. Russell - N. Reid - A. Edwards,1610612750,2022-23
203085-203497-1629669-1630162-1630183,A. Rivers - R. Gobert - J. Nowell - A. Edwards - J. McDaniels,1610612750,2022-23
203085-203497-203937-1627752-1630162,A. Rivers - R. Gobert - K. Anderson - T. Prince - A. Edwards,1610612750,2022-23
203085-1627752-1629669-1630162-1630233,A. Rivers - T. Prince - J. Nowell - A. Edwards - N. Knight,1610612750,2022-23
203085-1627752-1629675-1630162-1630183,A. Rivers - T. Prince - N. Reid - A. Edwards - J. McDaniels,1610612750,2022-23
1626156-1626157-1629675-1630162-1630183,D. Russell - K. Towns - N. Reid - A. Edwards - J. McDaniels,1610612750,2022-23
1629162-1629669-1629675-1630162-1630183,J. McLaughlin - J. Nowell - N. Reid - A. Edwards - J. McDaniels,1610612750,2022-23
1629162-1629638-1629669-1629675-1630162,J. McLaughlin - N. Alexander-Walker - J. Nowell - N. Reid - A. Edwards,1610612750,2022-23
1629162-1629638-1629675-1630162-1630183,J. McLaughlin - N. Alexander-Walker - N. Reid - A. Edwards - J. McDaniels,1610612750,2022-23
1629669-1629675-1630162-1630183-1631111,J. Nowell - N. Reid - A. Edwards - J. McDaniels - W. Moore Jr.,1610612750,2022-23
203937-1627854-1629669-1629675-1630162,K. Anderson - B. Forbes - J. Nowell - N. Reid - A. Edwards,1610612750,2022-23
203937-1626156-1630162-1630183-1630568,K. Anderson - D. Russell - A. Edwards - J. McDaniels - L. Garza,1610612750,2022-23
203937-1627752-1630162-1630183-1630568,K. Anderson - T. Prince - A. Edwards - J. McDaniels - L. Garza,1610612750,2022-23
203937-1627752-1629162-1630162-1630568,K. Anderson - T. Prince - J. McLaughlin - A. Edwards - L. Garza,1610612750,2022-23
1626157-1629162-1629669-1629675-1630162,K. Towns - J. McLaughlin - J. Nowell - N. Reid - A. Edwards,1610612750,2022-23
1626157-1627752-1629162-1629675-1630162,K. Towns - T. Prince - J. McLaughlin - N. Reid - A. Edwards,1610612750,2022-23
201144-203085-203497-1629669-1630162,M. Conley - A. Rivers - R. Gobert - J. Nowell - A. Edwards,1610612750,2022-23
201144-203085-203497-1627752-1630162,M. Conley - A. Rivers - R. Gobert - T. Prince - A. Edwards,1610612750,2022-23
201144-203497-203937-1629675-1630162,M. Conley - R. Gobert - K. Anderson - N. Reid - A. Edwards,1610612750,2022-23
201144-203497-1626157-1629638-1630162,M. Conley - R. Gobert - K. Towns - N. Alexander-Walker - A. Edwards,1610612750,2022-23
201144-1627752-1629675-1630162-1630183,M. Conley - T. Prince - N. Reid - A. Edwards - J. McDaniels,1610612750,2022-23
203497-203937-1627752-1629669-1630162,R. Gobert - K. Anderson - T. Prince - J. Nowell - A. Edwards,1610612750,2022-23
203497-203937-1627752-1629638-1630162,R. Gobert - K. Anderson - T. Prince - N. Alexander-Walker - A. Edwards,1610612750,2022-23
203497-1626157-1627752-1627854-1630162,R. Gobert - K. Towns - T. Prince - B. Forbes - A. Edwards,1610612750,2022-23
1627752-1629669-1630162-1630346-1630568,T. Prince - J. Nowell - A. Edwards - M. Ryan - L. Garza,1610612750,2022-23
203085-1626156-1626157-1630162-1630183,A. Rivers - D. Russell - K. Towns - A. Edwards - J. McDaniels,1610612750,2022-23
203085-203937-1629162-1629669-1630162,A. Rivers - K. Anderson - J. McLaughlin - J. Nowell - A. Edwards,1610612750,2022-23
1627854-1629669-1629675-1630162-1631111,B. Forbes - J. Nowell - N. Reid - A. Edwards - W. Moore Jr.,1610612750,2022-23
203937-1627752-1629162-1630162-1630183,K. Anderson - T. Prince - J. McLaughlin - A. Edwards - J. McDaniels,1610612750,2022-23
203497-203937-1629162-1629675-1630162,R. Gobert - K. Anderson - J. McLaughlin - N. Reid - A. Edwards,1610612750,2022-23
201976-1626156-1626157-1629020-1630162,P. Beverley - D. Russell - K. Towns - J. Vanderbilt - A. Edwards,1610612750,2021-22
1626156-1626157-1629020-1630162-1630183,D. Russell - K. Towns - J. Vanderbilt - A. Edwards - J. McDaniels,1610612750,2021-22
1626156-1626157-1627736-1630162-1630183,D. Russell - K. Towns - M. Beasley - A. Edwards - J. McDaniels,1610612750,2021-22
1626156-1626157-1627736-1629020-1630162,D. Russell - K. Towns - M. Beasley - J. Vanderbilt - A. Edwards,1610612750,2021-22
201976-1626157-1627736-1629020-1630162,P. Beverley - K. Towns - M. Beasley - J. Vanderbilt - A. Edwards,1610612750,2021-22
201976-1626156-1626157-1630162-1630183,P. Beverley - D. Russell - K. Towns - A. Edwards - J. McDaniels,1610612750,2021-22
201976-1626157-1627736-1630162-1630183,P. Beverley - K. Towns - M. Beasley - A. Edwards - J. McDaniels,1610612750,2021-22
201976-1627736-1629020-1629675-1630162,P. Beverley - M. Beasley - J. Vanderbilt - N. Reid - A. Edwards,1610612750,2021-22
201976-1626157-1629020-1630162-1630183,P. Beverley - K. Towns - J. Vanderbilt - A. Edwards - J. McDaniels,1610612750,2021-22
1626156-1626157-1629006-1630162-1630183,D. Russell - K. Towns - J. Okogie - A. Edwards - J. McDaniels,1610612750,2021-22
1626156-1626157-1627752-1629020-1630162,D. Russell - K. Towns - T. Prince - J. Vanderbilt - A. Edwards,1610612750,2021-22
1626157-1627736-1629020-1629162-1630162,K. Towns - M. Beasley - J. Vanderbilt - J. McLaughlin - A. Edwards,1610612750,2021-22
1626157-1629020-1629669-1630162-1630183,K. Towns - J. Vanderbilt - J. Nowell - A. Edwards - J. McDaniels,1610612750,2021-22
1626157-1627736-1629162-1630162-1630183,K. Towns - M. Beasley - J. McLaughlin - A. Edwards - J. McDaniels,1610612750,2021-22
201976-1626157-1627752-1629020-1630162,P. Beverley - K. Towns - T. Prince - J. Vanderbilt - A. Edwards,1610612750,2021-22
201976-1626157-1629020-1629669-1630162,P. Beverley - K. Towns - J. Vanderbilt - J. Nowell - A. Edwards,1610612750,2021-22
1626156-1627736-1629020-1629675-1630162,D. Russell - M. Beasley - J. Vanderbilt - N. Reid - A. Edwards,1610612750,2021-22
201976-1626157-1627752-1630162-1630183,P. Beverley - K. Towns - T. Prince - A. Edwards - J. McDaniels,1610612750,2021-22
1626156-1627752-1629020-1629675-1630162,D. Russell - T. Prince - J. Vanderbilt - N. Reid - A. Edwards,1610612750,2021-22
201976-1626157-1629006-1630162-1630183,P. Beverley - K. Towns - J. Okogie - A. Edwards - J. McDaniels,1610612750,2021-22
1626156-1626157-1627736-1627752-1630162,D. Russell - K. Towns - M. Beasley - T. Prince - A. Edwards,1610612750,2021-22
1627736-1627752-1629162-1629675-1630162,M. Beasley - T. Prince - J. McLaughlin - N. Reid - A. Edwards,1610612750,2021-22
1626157-1627736-1627752-1629162-1630162,K. Towns - M. Beasley - T. Prince - J. McLaughlin - A. Edwards,1610612750,2021-22
1627736-1629162-1629675-1630162-1630183,M. Beasley - J. McLaughlin - N. Reid - A. Edwards - J. McDaniels,1610612750,2021-22
201976-1626156-1629020-1629675-1630162,P. Beverley - D. Russell - J. Vanderbilt - N. Reid - A. Edwards,1610612750,2021-22
1626156-1629020-1629675-1630162-1630183,D. Russell - J. Vanderbilt - N. Reid - A. Edwards - J. McDaniels,1610612750,2021-22
1626156-1626157-1627752-1629006-1630162,D. Russell - K. Towns - T. Prince - J. Okogie - A. Edwards,1610612750,2021-22
201976-1626157-1627736-1627752-1630162,P. Beverley - K. Towns - M. Beasley - T. Prince - A. Edwards,1610612750,2021-22
1626156-1626157-1627736-1629006-1630162,D. Russell - K. Towns - M. Beasley - J. Okogie - A. Edwards,1610612750,2021-22
1626156-1626157-1629020-1629669-1630162,D. Russell - K. Towns - J. Vanderbilt - J. Nowell - A. Edwards,1610612750,2021-22
1626157-1627736-1629669-1630162-1630183,K. Towns - M. Beasley - J. Nowell - A. Edwards - J. McDaniels,1610612750,2021-22
1626157-1627736-1629020-1630162-1630183,K. Towns - M. Beasley - J. Vanderbilt - A. Edwards - J. McDaniels,1610612750,2021-22
1626157-1627752-1629162-1630162-1630183,K. Towns - T. Prince - J. McLaughlin - A. Edwards - J. McDaniels,1610612750,2021-22
1627736-1629020-1629162-1629675-1630162,M. Beasley - J. Vanderbilt - J. McLaughlin - N. Reid - A. Edwards,1610612750,2021-22
1627752-1629162-1629675-1630162-1630183,T. Prince - J. McLaughlin - N. Reid - A. Edwards - J. McDaniels,1610612750,2021-22
1626157-1629020-1629162-1630162-1630183,K. Towns - J. Vanderbilt - J. McLaughlin - A. Edwards - J. McDaniels,1610612750,2021-22
1626157-1627752-1629162-1629669-1630162,K. Towns - T. Prince - J. McLaughlin - J. Nowell - A. Edwards,1610612750,2021-22
1626157-1627752-1629020-1630162-1630195,K. Towns - T. Prince - J. Vanderbilt - A. Edwards - L. Bolmaro,1610612750,2021-22
1626156-1627736-1629675-1630162-1630183,D. Russell - M. Beasley - N. Reid - A. Edwards - J. McDaniels,1610612750,2021-22
201976-1626156-1626157-1629675-1630162,P. Beverley - D. Russell - K. Towns - N. Reid - A. Edwards,1610612750,2021-22
1626157-1627736-1630162-1630183-1630195,K. Towns - M. Beasley - A. Edwards - J. McDaniels - L. Bolmaro,1610612750,2021-22
1626157-1627736-1629020-1629669-1630162,K. Towns - M. Beasley - J. Vanderbilt - J. Nowell - A. Edwards,1610612750,2021-22
201976-1626156-1626157-1627736-1630162,P. Beverley - D. Russell - K. Towns - M. Beasley - A. Edwards,1610612750,2021-22
201976-1626156-1626157-1627752-1630162,P. Beverley - D. Russell - K. Towns - T. Prince - A. Edwards,1610612750,2021-22
1626156-1626157-1627752-1630162-1630183,D. Russell - K. Towns - T. Prince - A. Edwards - J. McDaniels,1610612750,2021-22
201976-1627736-1629020-1630162-1630183,P. Beverley - M. Beasley - J. Vanderbilt - A. Edwards - J. McDaniels,1610612750,2021-22
1627752-1629162-1629669-1629675-1630162,T. Prince - J. McLaughlin - J. Nowell - N. Reid - A. Edwards,1610612750,2021-22
1626156-1626157-1627752-1629669-1630162,D. Russell - K. Towns - T. Prince - J. Nowell - A. Edwards,1610612750,2021-22
1626156-1627752-1629669-1629675-1630162,D. Russell - T. Prince - J. Nowell - N. Reid - A. Edwards,1610612750,2021-22
1626157-1627736-1627752-1629669-1630162,K. Towns - M. Beasley - T. Prince - J. Nowell - A. Edwards,1610612750,2021-22
1627736-1629669-1629675-1630162-1630183,M. Beasley - J. Nowell - N. Reid - A. Edwards - J. McDaniels,1610612750,2021-22
201976-1627736-1629675-1630162-1630183,P. Beverley - M. Beasley - N. Reid - A. Edwards - J. McDaniels,1610612750,2021-22
1626156-1629162-1629675-1630162-1630183,D. Russell - J. McLaughlin - N. Reid - A. Edwards - J. McDaniels,1610612750,2021-22
1626156-1627736-1629006-1629675-1630162,D. Russell - M. Beasley - J. Okogie - N. Reid - A. Edwards,1610612750,2021-22
1627736-1627752-1629162-1630162-1630233,M. Beasley - T. Prince - J. McLaughlin - A. Edwards - N. Knight,1610612750,2021-22
1626156-1626157-1627752-1629162-1630162,D. Russell - K. Towns - T. Prince - J. McLaughlin - A. Edwards,1610612750,2021-22
1629020-1629669-1629675-1630162-1630183,J. Vanderbilt - J. Nowell - N. Reid - A. Edwards - J. McDaniels,1610612750,2021-22
1626157-1627736-1629006-1630162-1630183,K. Towns - M. Beasley - J. Okogie - A. Edwards - J. McDaniels,1610612750,2021-22
1626157-1627736-1629006-1630162-1630195,K. Towns - M. Beasley - J. Okogie - A. Edwards - L. Bolmaro,1610612750,2021-22
1626157-1627752-1629020-1629162-1630162,K. Towns - T. Prince - J. Vanderbilt - J. McLaughlin - A. Edwards,1610612750,2021-22
201976-1626157-1627752-1629162-1630162,P. Beverley - K. Towns - T. Prince - J. McLaughlin - A. Edwards,1610612750,2021-22
201976-1627752-1629020-1629675-1630162,P. Beverley - T. Prince - J. Vanderbilt - N. Reid - A. Edwards,1610612750,2021-22
1627752-1629669-1630162-1630183-1630233,T. Prince - J. Nowell - A. Edwards - J. McDaniels - N. Knight,1610612750,2021-22
1626156-1627736-1627752-1629675-1630162,D. Russell - M. Beasley - T. Prince - N. Reid - A. Edwards,1610612750,2021-22
1627736-1629675-1630162-1630183-1630195,M. Beasley - N. Reid - A. Edwards - J. McDaniels - L. Bolmaro,1610612750,2021-22
201976-1626156-1627752-1629675-1630162,P. Beverley - D. Russell - T. Prince - N. Reid - A. Edwards,1610612750,2021-22
201976-1626157-1629669-1630162-1630183,P. Beverley - K. Towns - J. Nowell - A. Edwards - J. McDaniels,1610612750,2021-22
201976-1626157-1629020-1629162-1630162,P. Beverley - K. Towns - J. Vanderbilt - J. McLaughlin - A. Edwards,1610612750,2021-22
201976-1626157-1627736-1629006-1630162,P. Beverley - K. Towns - M. Beasley - J. Okogie - A. Edwards,1610612750,2021-22
1627752-1629020-1629675-1630162-1630183,T. Prince - J. Vanderbilt - N. Reid - A. Edwards - J. McDaniels,1610612750,2021-22
1626156-1627752-1629006-1629675-1630162,D. Russell - T. Prince - J. Okogie - N. Reid - A. Edwards,1610612750,2021-22
1626156-1627752-1629675-1630162-1630183,D. Russell - T. Prince - N. Reid - A. Edwards - J. McDaniels,1610612750,2021-22
1629020-1629162-1629669-1629675-1630162,J. Vanderbilt - J. McLaughlin - J. Nowell - N. Reid - A. Edwards,1610612750,2021-22
1627736-1629020-1629675-1630162-1630195,M. Beasley - J. Vanderbilt - N. Reid - A. Edwards - L. Bolmaro,1610612750,2021-22
1627736-1627752-1629006-1629675-1630162,M. Beasley - T. Prince - J. Okogie - N. Reid - A. Edwards,1610612750,2021-22
201976-1629020-1629675-1630162-1630183,P. Beverley - J. Vanderbilt - N. Reid - A. Edwards - J. McDaniels,1610612750,2021-22
201976-1626157-1627752-1629669-1630162,P. Beverley - K. Towns - T. Prince - J. Nowell - A. Edwards,1610612750,2021-22
1627752-1629669-1629675-1630162-1630183,T. Prince - J. Nowell - N. Reid - A. Edwards - J. McDaniels,1610612750,2021-22
1626156-1629006-1629675-1630162-1630183,D. Russell - J. Okogie - N. Reid - A. Edwards - J. McDaniels,1610612750,2021-22
1626157-1629020-1630162-1630183-1630195,K. Towns - J. Vanderbilt - A. Edwards - J. McDaniels - L. Bolmaro,1610612750,2021-22
1626157-1627736-1629006-1629669-1630162,K. Towns - M. Beasley - J. Okogie - J. Nowell - A. Edwards,1610612750,2021-22
1626157-1627736-1627752-1630162-1630183,K. Towns - M. Beasley - T. Prince - A. Edwards - J. McDaniels,1610612750,2021-22
1627736-1629020-1629162-1630162-1630183,M. Beasley - J. Vanderbilt - J. McLaughlin - A. Edwards - J. McDaniels,1610612750,2021-22
201976-1629669-1630162-1630183-1630233,P. Beverley - J. Nowell - A. Edwards - J. McDaniels - N. Knight,1610612750,2021-22
201976-1627752-1629020-1630162-1630183,P. Beverley - T. Prince - J. Vanderbilt - A. Edwards - J. McDaniels,1610612750,2021-22
1627752-1629020-1629669-1630162-1630183,T. Prince - J. Vanderbilt - J. Nowell - A. Edwards - J. McDaniels,1610612750,2021-22
1627752-1629020-1629675-1630162-1630195,T. Prince - J. Vanderbilt - N. Reid - A. Edwards - L. Bolmaro,1610612750,2021-22
1626156-1629020-1629669-1629675-1630162,D. Russell - J. Vanderbilt - J. Nowell - N. Reid - A. Edwards,1610612750,2021-22
1626156-1626157-1627752-1629675-1630162,D. Russell - K. Towns - T. Prince - N. Reid - A. Edwards,1610612750,2021-22
202328-1629162-1629669-1630162-1630183,G. Monroe - J. McLaughlin - J. Nowell - A. Edwards - J. McDaniels,1610612750,2021-22
1626157-1629020-1629162-1629669-1630162,K. Towns - J. Vanderbilt - J. McLaughlin - J. Nowell - A. Edwards,1610612750,2021-22
1626157-1627736-1627752-1629020-1630162,K. Towns - M. Beasley - T. Prince - J. Vanderbilt - A. Edwards,1610612750,2021-22
1626157-1627752-1629006-1629669-1630162,K. Towns - T. Prince - J. Okogie - J. Nowell - A. Edwards,1610612750,2021-22
1626157-1627752-1629020-1629669-1630162,K. Towns - T. Prince - J. Vanderbilt - J. Nowell - A. Edwards,1610612750,2021-22
1627736-1627752-1629669-1629675-1630162,M. Beasley - T. Prince - J. Nowell - N. Reid - A. Edwards,1610612750,2021-22
1627736-1627752-1629020-1629675-1630162,M. Beasley - T. Prince - J. Vanderbilt - N. Reid - A. Edwards,1610612750,2021-22
201976-1626156-1629675-1630162-1630183,P. Beverley - D. Russell - N. Reid - A. Edwards - J. McDaniels,1610612750,2021-22
201976-1626157-1627736-1629669-1630162,P. Beverley - K. Towns - M. Beasley - J. Nowell - A. Edwards,1610612750,2021-22
201976-1626157-1627752-1629675-1630162,P. Beverley - K. Towns - T. Prince - N. Reid - A. Edwards,1610612750,2021-22
201976-1627736-1627752-1629020-1630162,P. Beverley - M. Beasley - T. Prince - J. Vanderbilt - A. Edwards,1610612750,2021-22
201976-1627752-1629675-1630162-1630183,P. Beverley - T. Prince - N. Reid - A. Edwards - J. McDaniels,1610612750,2021-22
1627752-1629006-1629675-1630162-1630195,T. Prince - J. Okogie - N. Reid - A. Edwards - L. Bolmaro,1610612750,2021-22
1627752-1629020-1629162-1629675-1630162,T. Prince - J. Vanderbilt - J. McLaughlin - N. Reid - A. Edwards,1610612750,2021-22
1626156-1626157-1629006-1629020-1630162,D. Russell - K. Towns - J. Okogie - J. Vanderbilt - A. Edwards,1610612750,2021-22
1626156-1627736-1629669-1630162-1630233,D. Russell - M. Beasley - J. Nowell - A. Edwards - N. Knight,1610612750,2021-22
1626156-1627736-1629020-1630162-1630183,D. Russell - M. Beasley - J. Vanderbilt - A. Edwards - J. McDaniels,1610612750,2021-22
1626156-1627736-1627752-1630162-1630233,D. Russell - M. Beasley - T. Prince - A. Edwards - N. Knight,1610612750,2021-22
1626157-1629006-1629162-1630162-1630183,K. Towns - J. Okogie - J. McLaughlin - A. Edwards - J. McDaniels,1610612750,2021-22
1626157-1627736-1629162-1629675-1630162,K. Towns - M. Beasley - J. McLaughlin - N. Reid - A. Edwards,1610612750,2021-22
1627736-1629006-1629162-1629675-1630162,M. Beasley - J. Okogie - J. McLaughlin - N. Reid - A. Edwards,1610612750,2021-22
201976-1626156-1626157-1629006-1630162,P. Beverley - D. Russell - K. Towns - J. Okogie - A. Edwards,1610612750,2021-22
201976-1626156-1627736-1629675-1630162,P. Beverley - D. Russell - M. Beasley - N. Reid - A. Edwards,1610612750,2021-22
201976-1627736-1629020-1630162-1630233,P. Beverley - M. Beasley - J. Vanderbilt - A. Edwards - N. Knight,1610612750,2021-22
1627752-1629006-1629669-1629675-1630162,T. Prince - J. Okogie - J. Nowell - N. Reid - A. Edwards,1610612750,2021-22
201937-1626157-1629006-1630162-1630183,R. Rubio - K. Towns - J. Okogie - A. Edwards - J. McDaniels,1610612750,2020-21
201937-1626157-1627736-1629020-1630162,R. Rubio - K. Towns - M. Beasley - J. Vanderbilt - A. Edwards,1610612750,2020-21
201937-1626157-1627736-1630162-1630183,R. Rubio - K. Towns - M. Beasley - A. Edwards - J. McDaniels,1610612750,2020-21
201937-1626157-1627774-1629020-1630162,R. Rubio - K. Towns - J. Layman - J. Vanderbilt - A. Edwards,1610612750,2020-21
201937-1626156-1626157-1630162-1630183,R. Rubio - D. Russell - K. Towns - A. Edwards - J. McDaniels,1610612750,2020-21
1626156-1626157-1629006-1630162-1630183,D. Russell - K. Towns - J. Okogie - A. Edwards - J. McDaniels,1610612750,2020-21
201937-1626156-1626157-1629020-1630162,R. Rubio - D. Russell - K. Towns - J. Vanderbilt - A. Edwards,1610612750,2020-21
201937-1626157-1629020-1630162-1630183,R. Rubio - K. Towns - J. Vanderbilt - A. Edwards - J. McDaniels,1610612750,2020-21
202334-1626156-1627736-1629006-1630162,E. Davis - D. Russell - M. Beasley - J. Okogie - A. Edwards,1610612750,2020-21
201937-1626157-1627736-1629006-1630162,R. Rubio - K. Towns - M. Beasley - J. Okogie - A. Edwards,1610612750,2020-21
1626156-1627736-1629006-1629675-1630162,D. Russell - M. Beasley - J. Okogie - N. Reid - A. Edwards,1610612750,2020-21
201937-1627736-1629020-1629675-1630162,R. Rubio - M. Beasley - J. Vanderbilt - N. Reid - A. Edwards,1610612750,2020-21
201937-1626157-1627823-1629006-1630162,R. Rubio - K. Towns - J. Hernangomez - J. Okogie - A. Edwards,1610612750,2020-21
201937-1626157-1627774-1630162-1630183,R. Rubio - K. Towns - J. Layman - A. Edwards - J. McDaniels,1610612750,2020-21
1626157-1627736-1629162-1630162-1630183,K. Towns - M. Beasley - J. McLaughlin - A. Edwards - J. McDaniels,1610612750,2020-21
201937-1626157-1629006-1629020-1630162,R. Rubio - K. Towns - J. Okogie - J. Vanderbilt - A. Edwards,1610612750,2020-21
201937-1626157-1627823-1630162-1630183,R. Rubio - K. Towns - J. Hernangomez - A. Edwards - J. McDaniels,1610612750,2020-21
201937-1626157-1629669-1630162-1630183,R. Rubio - K. Towns - J. Nowell - A. Edwards - J. McDaniels,1610612750,2020-21
1626157-1629006-1629162-1630162-1630183,K. Towns - J. Okogie - J. McLaughlin - A. Edwards - J. McDaniels,1610612750,2020-21
201937-1629006-1629675-1630162-1630183,R. Rubio - J. Okogie - N. Reid - A. Edwards - J. McDaniels,1610612750,2020-21
1627823-1629006-1629669-1629675-1630162,J. Hernangomez - J. Okogie - J. Nowell - N. Reid - A. Edwards,1610612750,2020-21
201937-1626156-1626157-1629675-1630162,R. Rubio - D. Russell - K. Towns - N. Reid - A. Edwards,1610612750,2020-21
1626156-1626157-1629020-1630162-1630183,D. Russell - K. Towns - J. Vanderbilt - A. Edwards - J. McDaniels,1610612750,2020-21
1626157-1629162-1629669-1630162-1630183,K. Towns - J. McLaughlin - J. Nowell - A. Edwards - J. McDaniels,1610612750,2020-21
202334-1626156-1629633-1630162-1630183,E. Davis - D. Russell - J. Culver - A. Edwards - J. McDaniels,1610612750,2020-21
202334-1629162-1629633-1630162-1630183,E. Davis - J. McLaughlin - J. Culver - A. Edwards - J. McDaniels,1610612750,2020-21
1627823-1629162-1629669-1629675-1630162,J. Hernangomez - J. McLaughlin - J. Nowell - N. Reid - A. Edwards,1610612750,2020-21
201937-1627736-1629020-1630162-1630183,R. Rubio - M. Beasley - J. Vanderbilt - A. Edwards - J. McDaniels,1610612750,2020-21
201937-1626157-1629675-1630162-1630183,R. Rubio - K. Towns - N. Reid - A. Edwards - J. McDaniels,1610612750,2020-21
1627823-1629669-1629675-1630162-1630183,J. Hernangomez - J. Nowell - N. Reid - A. Edwards - J. McDaniels,1610612750,2020-21
1627736-1629162-1629675-1630162-1630183,M. Beasley - J. McLaughlin - N. Reid - A. Edwards - J. McDaniels,1610612750,2020-21
201937-1626157-1627823-1629020-1630162,R. Rubio - K. Towns - J. Hernangomez - J. Vanderbilt - A. Edwards,1610612750,2020-21
1629006-1629669-1629675-1630162-1630183,J. Okogie - J. Nowell - N. Reid - A. Edwards - J. McDaniels,1610612750,2020-21
201937-1626157-1627774-1627823-1630162,R. Rubio - K. Towns - J. Layman - J. Hernangomez - A. Edwards,1610612750,2020-21
201937-1627736-1629006-1629675-1630162,R. Rubio - M. Beasley - J. Okogie - N. Reid - A. Edwards,1610612750,2020-21
201937-1627736-1627823-1629675-1630162,R. Rubio - M. Beasley - J. Hernangomez - N. Reid - A. Edwards,1610612750,2020-21
1629020-1629162-1629633-1630162-1630183,J. Vanderbilt - J. McLaughlin - J. Culver - A. Edwards - J. McDaniels,1610612750,2020-21
201937-1627823-1629020-1629675-1630162,R. Rubio - J. Hernangomez - J. Vanderbilt - N. Reid - A. Edwards,1610612750,2020-21
1626156-1626157-1627823-1629006-1630162,D. Russell - K. Towns - J. Hernangomez - J. Okogie - A. Edwards,1610612750,2020-21
1627823-1629020-1629162-1629675-1630162,J. Hernangomez - J. Vanderbilt - J. McLaughlin - N. Reid - A. Edwards,1610612750,2020-21
201937-1626157-1629020-1629669-1630162,R. Rubio - K. Towns - J. Vanderbilt - J. Nowell - A. Edwards,1610612750,2020-21
201937-1627736-1627774-1629675-1630162,R. Rubio - M. Beasley - J. Layman - N. Reid - A. Edwards,1610612750,2020-21
1626156-1627823-1629020-1629675-1630162,D. Russell - J. Hernangomez - J. Vanderbilt - N. Reid - A. Edwards,1610612750,2020-21
201937-1626156-1629020-1629675-1630162,R. Rubio - D. Russell - J. Vanderbilt - N. Reid - A. Edwards,1610612750,2020-21
1626156-1627823-1629633-1629675-1630162,D. Russell - J. Hernangomez - J. Culver - N. Reid - A. Edwards,1610612750,2020-21
202334-1627736-1629162-1630162-1630183,E. Davis - M. Beasley - J. McLaughlin - A. Edwards - J. McDaniels,1610612750,2020-21
1627774-1629162-1629633-1629675-1630162,J. Layman - J. McLaughlin - J. Culver - N. Reid - A. Edwards,1610612750,2020-21
1629162-1629669-1629675-1630162-1630183,J. McLaughlin - J. Nowell - N. Reid - A. Edwards - J. McDaniels,1610612750,2020-21
1626157-1627774-1629162-1630162-1630183,K. Towns - J. Layman - J. McLaughlin - A. Edwards - J. McDaniels,1610612750,2020-21
201937-1627736-1629675-1630162-1630183,R. Rubio - M. Beasley - N. Reid - A. Edwards - J. McDaniels,1610612750,2020-21
1626156-1627736-1629675-1630162-1630183,D. Russell - M. Beasley - N. Reid - A. Edwards - J. McDaniels,1610612750,2020-21
202334-1627774-1629162-1630162-1630183,E. Davis - J. Layman - J. McLaughlin - A. Edwards - J. McDaniels,1610612750,2020-21
1627774-1629020-1629669-1629675-1630162,J. Layman - J. Vanderbilt - J. Nowell - N. Reid - A. Edwards,1610612750,2020-21
1626157-1627823-1629006-1629669-1630162,K. Towns - J. Hernangomez - J. Okogie - J. Nowell - A. Edwards,1610612750,2020-21
201937-1626156-1627736-1629675-1630162,R. Rubio - D. Russell - M. Beasley - N. Reid - A. Edwards,1610612750,2020-21
201937-1629669-1629675-1630162-1630183,R. Rubio - J. Nowell - N. Reid - A. Edwards - J. McDaniels,1610612750,2020-21
201937-1626157-1629006-1629669-1630162,R. Rubio - K. Towns - J. Okogie - J. Nowell - A. Edwards,1610612750,2020-21
1626156-1626157-1629006-1629675-1630162,D. Russell - K. Towns - J. Okogie - N. Reid - A. Edwards,1610612750,2020-21
1626156-1627736-1629006-1629020-1630162,D. Russell - M. Beasley - J. Okogie - J. Vanderbilt - A. Edwards,1610612750,2020-21
1626156-1627736-1629020-1629675-1630162,D. Russell - M. Beasley - J. Vanderbilt - N. Reid - A. Edwards,1610612750,2020-21
202334-1626156-1627736-1630162-1630183,E. Davis - D. Russell - M. Beasley - A. Edwards - J. McDaniels,1610612750,2020-21
1629020-1629162-1629675-1630162-1630183,J. Vanderbilt - J. McLaughlin - N. Reid - A. Edwards - J. McDaniels,1610612750,2020-21
201937-1626156-1627774-1629675-1630162,R. Rubio - D. Russell - J. Layman - N. Reid - A. Edwards,1610612750,2020-21
201937-1629006-1629020-1629675-1630162,R. Rubio - J. Okogie - J. Vanderbilt - N. Reid - A. Edwards,1610612750,2020-21
1626156-1626157-1627823-1630162-1630183,D. Russell - K. Towns - J. Hernangomez - A. Edwards - J. McDaniels,1610612750,2020-21
1626156-1627736-1627823-1629675-1630162,D. Russell - M. Beasley - J. Hernangomez - N. Reid - A. Edwards,1610612750,2020-21
202334-1626156-1627823-1629162-1630162,E. Davis - D. Russell - J. Hernangomez - J. McLaughlin - A. Edwards,1610612750,2020-21
1627774-1627823-1629669-1629675-1630162,J. Layman - J. Hernangomez - J. Nowell - N. Reid - A. Edwards,1610612750,2020-21
1626157-1629006-1629162-1629675-1630162,K. Towns - J. Okogie - J. McLaughlin - N. Reid - A. Edwards,1610612750,2020-21
1627736-1629020-1629162-1629675-1630162,M. Beasley - J. Vanderbilt - J. McLaughlin - N. Reid - A. Edwards,1610612750,2020-21
201937-1626156-1627774-1629020-1630162,R. Rubio - D. Russell - J. Layman - J. Vanderbilt - A. Edwards,1610612750,2020-21
201937-1626156-1626157-1627736-1630162,R. Rubio - D. Russell - K. Towns - M. Beasley - A. Edwards,1610612750,2020-21
201937-1626156-1629675-1630162-1630183,R. Rubio - D. Russell - N. Reid - A. Edwards - J. McDaniels,1610612750,2020-21
201937-202334-1627736-1627774-1630162,R. Rubio - E. Davis - M. Beasley - J. Layman - A. Edwards,1610612750,2020-21
201937-1627736-1627774-1629020-1630162,R. Rubio - M. Beasley - J. Layman - J. Vanderbilt - A. Edwards,1610612750,2020-21
202334-1627736-1629162-1629633-1630162,E. Davis - M. Beasley - J. McLaughlin - J. Culver - A. Edwards,1610612750,2020-21
1627823-1629020-1629162-1630162-1630183,J. Hernangomez - J. Vanderbilt - J. McLaughlin - A. Edwards - J. McDaniels,1610612750,2020-21
201937-1626156-1629633-1629675-1630162,R. Rubio - D. Russell - J. Culver - N. Reid - A. Edwards,1610612750,2020-21
201937-1626157-1629020-1629633-1630162,R. Rubio - K. Towns - J. Vanderbilt - J. Culver - A. Edwards,1610612750,2020-21
1626156-1627823-1629020-1629162-1630162,D. Russell - J. Hernangomez - J. Vanderbilt - J. McLaughlin - A. Edwards,1610612750,2020-21
1627823-1629006-1629162-1629675-1630162,J. Hernangomez - J. Okogie - J. McLaughlin - N. Reid - A. Edwards,1610612750,2020-21
1627774-1629162-1629669-1630162-1630183,J. Layman - J. McLaughlin - J. Nowell - A. Edwards - J. McDaniels,1610612750,2020-21
1627774-1629162-1629669-1629675-1630162,J. Layman - J. McLaughlin - J. Nowell - N. Reid - A. Edwards,1610612750,2020-21
1627774-1629162-1629675-1630162-1630183,J. Layman - J. McLaughlin - N. Reid - A. Edwards - J. McDaniels,1610612750,2020-21
1626157-1629162-1629669-1629675-1630162,K. Towns - J. McLaughlin - J. Nowell - N. Reid - A. Edwards,1610612750,2020-21
1626157-1629020-1629162-1630162-1630183,K. Towns - J. Vanderbilt - J. McLaughlin - A. Edwards - J. McDaniels,1610612750,2020-21
201937-1627823-1629675-1630162-1630183,R. Rubio - J. Hernangomez - N. Reid - A. Edwards - J. McDaniels,1610612750,2020-21
201937-1626157-1627774-1629669-1630162,R. Rubio - K. Towns - J. Layman - J. Nowell - A. Edwards,1610612750,2020-21
201937-1626157-1627736-1629633-1630162,R. Rubio - K. Towns - M. Beasley - J. Culver - A. Edwards,1610612750,2020-21
201937-1627736-1629633-1629675-1630162,R. Rubio - M. Beasley - J. Culver - N. Reid - A. Edwards,1610612750,2020-21
1626156-1627823-1629006-1629675-1630162,D. Russell - J. Hernangomez - J. Okogie - N. Reid - A. Edwards,1610612750,2020-21
1626156-1629006-1629162-1629675-1630162,D. Russell - J. Okogie - J. McLaughlin - N. Reid - A. Edwards,1610612750,2020-21
1626156-1629006-1629020-1630162-1630183,D. Russell - J. Okogie - J. Vanderbilt - A. Edwards - J. McDaniels,1610612750,2020-21
1626156-1626157-1627736-1629006-1630162,D. Russell - K. Towns - M. Beasley - J. Okogie - A. Edwards,1610612750,2020-21
1627774-1627823-1629162-1629675-1630162,J. Layman - J. Hernangomez - J. McLaughlin - N. Reid - A. Edwards,1610612750,2020-21
1627774-1629020-1629162-1629669-1630162,J. Layman - J. Vanderbilt - J. McLaughlin - J. Nowell - A. Edwards,1610612750,2020-21
1629006-1629162-1629675-1630162-1630183,J. Okogie - J. McLaughlin - N. Reid - A. Edwards - J. McDaniels,1610612750,2020-21
1626157-1627823-1629020-1629162-1630162,K. Towns - J. Hernangomez - J. Vanderbilt - J. McLaughlin - A. Edwards,1610612750,2020-21
1626157-1629162-1629675-1630162-1630183,K. Towns - J. McLaughlin - N. Reid - A. Edwards - J. McDaniels,1610612750,2020-21
1626157-1629006-1629162-1629669-1630162,K. Towns - J. Okogie - J. McLaughlin - J. Nowell - A. Edwards,1610612750,2020-21
1626157-1629006-1629669-1630162-1630183,K. Towns - J. Okogie - J. Nowell - A. Edwards - J. McDaniels,1610612750,2020-21
1626157-1627736-1629162-1629675-1630162,K. Towns - M. Beasley - J. McLaughlin - N. Reid - A. Edwards,1610612750,2020-21
201937-1626156-1626157-1629006-1630162,R. Rubio - D. Russell - K. Towns - J. Okogie - A. Edwards,1610612750,2020-21
201937-202334-1629633-1630162-1630183,R. Rubio - E. Davis - J. Culver - A. Edwards - J. McDaniels,1610612750,2020-21
201937-202334-1627736-1630162-1630183,R. Rubio - E. Davis - M. Beasley - A. Edwards - J. McDaniels,1610612750,2020-21
201937-1627823-1629006-1629675-1630162,R. Rubio - J. Hernangomez - J. Okogie - N. Reid - A. Edwards,1610612750,2020-21
201937-1627774-1629162-1629675-1630162,R. Rubio - J. Layman - J. McLaughlin - N. Reid - A. Edwards,1610612750,2020-21
201937-1629020-1629675-1630162-1630183,R. Rubio - J. Vanderbilt - N. Reid - A. Edwards - J. McDaniels,1610612750,2020-21
201937-1626157-1629633-1630162-1630183,R. Rubio - K. Towns - J. Culver - A. Edwards - J. McDaniels,1610612750,2020-21
201937-1626157-1627736-1627823-1630162,R. Rubio - K. Towns - M. Beasley - J. Hernangomez - A. Edwards,1610612750,2020-21
1626156-1627774-1629020-1629162-1630162,D. Russell - J. Layman - J. Vanderbilt - J. McLaughlin - A. Edwards,1610612750,2020-21
1626156-1629020-1629669-1630162-1630183,D. Russell - J. Vanderbilt - J. Nowell - A. Edwards - J. McDaniels,1610612750,2020-21
1626156-1626157-1627823-1629162-1630162,D. Russell - K. Towns - J. Hernangomez - J. McLaughlin - A. Edwards,1610612750,2020-21
1626156-1626157-1627823-1629020-1630162,D. Russell - K. Towns - J. Hernangomez - J. Vanderbilt - A. Edwards,1610612750,2020-21
1626156-1626157-1629162-1630162-1630183,D. Russell - K. Towns - J. McLaughlin - A. Edwards - J. McDaniels,1610612750,2020-21
1626156-1626157-1629675-1630162-1630183,D. Russell - K. Towns - N. Reid - A. Edwards - J. McDaniels,1610612750,2020-21
1626156-1627736-1627823-1629020-1630162,D. Russell - M. Beasley - J. Hernangomez - J. Vanderbilt - A. Edwards,1610612750,2020-21
202334-1626156-1627774-1627823-1630162,E. Davis - D. Russell - J. Layman - J. Hernangomez - A. Edwards,1610612750,2020-21
202334-1627774-1629162-1629669-1630162,E. Davis - J. Layman - J. McLaughlin - J. Nowell - A. Edwards,1610612750,2020-21
202334-1629006-1629162-1630162-1630183,E. Davis - J. Okogie - J. McLaughlin - A. Edwards - J. McDaniels,1610612750,2020-21
1627823-1629162-1629633-1629675-1630162,J. Hernangomez - J. McLaughlin - J. Culver - N. Reid - A. Edwards,1610612750,2020-21
1627823-1629162-1629675-1630162-1630183,J. Hernangomez - J. McLaughlin - N. Reid - A. Edwards - J. McDaniels,1610612750,2020-21
1627774-1629020-1629162-1630162-1630183,J. Layman - J. Vanderbilt - J. McLaughlin - A. Edwards - J. McDaniels,1610612750,2020-21
1629020-1629162-1629669-1629675-1630162,J. Vanderbilt - J. McLaughlin - J. Nowell - N. Reid - A. Edwards,1610612750,2020-21
201937-202334-1627774-1629162-1630162,R. Rubio - E. Davis - J. Layman - J. McLaughlin - A. Edwards,1610612750,2020-21
201937-202334-1627736-1629633-1630162,R. Rubio - E. Davis - M. Beasley - J. Culver - A. Edwards,1610612750,2020-21
201937-1626157-1629633-1629675-1630162,R. Rubio - K. Towns - J. Culver - N. Reid - A. Edwards,1610612750,2020-21
201937-1626157-1627823-1629675-1630162,R. Rubio - K. Towns - J. Hernangomez - N. Reid - A. Edwards,1610612750,2020-21
201937-1626157-1627774-1629006-1630162,R. Rubio - K. Towns - J. Layman - J. Okogie - A. Edwards,1610612750,2020-21
201937-1626157-1629006-1629675-1630162,R. Rubio - K. Towns - J. Okogie - N. Reid - A. Edwards,1610612750,2020-21
201937-1626157-1629020-1629162-1630162,R. Rubio - K. Towns - J. Vanderbilt - J. McLaughlin - A. Edwards,1610612750,2020-21
201937-1626157-1627736-1629675-1630162,R. Rubio - K. Towns - M. Beasley - N. Reid - A. Edwards,1610612750,2020-21
201937-1627736-1629020-1629669-1630162,R. Rubio - M. Beasley - J. Vanderbilt - J. Nowell - A. Edwards,1610612750,2020-21
1626156-1627823-1629020-1629633-1630162,D. Russell - J. Hernangomez - J. Vanderbilt - J. Culver - A. Edwards,1610612750,2020-21
1626156-1629006-1629675-1630162-1630183,D. Russell - J. Okogie - N. Reid - A. Edwards - J. McDaniels,1610612750,2020-21
1626156-1626157-1627823-1629633-1630162,D. Russell - K. Towns - J. Hernangomez - J. Culver - A. Edwards,1610612750,2020-21
1626156-1627736-1629020-1629669-1630162,D. Russell - M. Beasley - J. Vanderbilt - J. Nowell - A. Edwards,1610612750,2020-21
1627774-1629669-1629675-1630162-1630183,J. Layman - J. Nowell - N. Reid - A. Edwards - J. McDaniels,1610612750,2020-21
1627774-1629020-1629669-1630162-1630183,J. Layman - J. Vanderbilt - J. Nowell - A. Edwards - J. McDaniels,1610612750,2020-21
1629162-1629633-1629675-1630162-1630183,J. McLaughlin - J. Culver - N. Reid - A. Edwards - J. McDaniels,1610612750,2020-21
1629020-1629162-1629669-1630162-1630183,J. Vanderbilt - J. McLaughlin - J. Nowell - A. Edwards - J. McDaniels,1610612750,2020-21
1629020-1629669-1629675-1630162-1630183,J. Vanderbilt - J. Nowell - N. Reid - A. Edwards - J. McDaniels,1610612750,2020-21
1626157-1627774-1629162-1629669-1630162,K. Towns - J. Layman - J. McLaughlin - J. Nowell - A. Edwards,1610612750,2020-21
1627736-1629162-1629669-1630162-1630183,M. Beasley - J. McLaughlin - J. Nowell - A. Edwards - J. McDaniels,1610612750,2020-21
201937-1626156-1627823-1629020-1630162,R. Rubio - D. Russell - J. Hernangomez - J. Vanderbilt - A. Edwards,1610612750,2020-21
201937-1626156-1627736-1629020-1630162,R. Rubio - D. Russell - M. Beasley - J. Vanderbilt - A. Edwards,1610612750,2020-21
201937-1627774-1629633-1629675-1630162,R. Rubio - J. Layman - J. Culver - N. Reid - A. Edwards,1610612750,2020-21
201937-1627774-1629020-1629675-1630162,R. Rubio - J. Layman - J. Vanderbilt - N. Reid - A. Edwards,1610612750,2020-21
201937-1626157-1627823-1629669-1630162,R. Rubio - K. Towns - J. Hernangomez - J. Nowell - A. Edwards,1610612750,2020-21
201937-1627736-1629006-1629020-1630162,R. Rubio - M. Beasley - J. Okogie - J. Vanderbilt - A. Edwards,1610612750,2020-21
201142-203078-203994-1626145-1626164,K. Durant - B. Beal - J. Nurkić - T. Jones - D. Booker,1610612756,2024-25
201142-203486-1626145-1626164-1642346,K. Durant - M. Plumlee - T. Jones - D. Booker - R. Dunn,1610612756,2024-25
201142-1626164-1630208-1631221-1642346,K. Durant - D. Booker - N. Richards - C. Gillespie - R. Dunn,1610612756,2024-25
201142-1626145-1626164-1630208-1642346,K. Durant - T. Jones - D. Booker - N. Richards - R. Dunn,1610612756,2024-25
201142-203994-1626145-1626164-1626220,K. Durant - J. Nurkić - T. Jones - D. Booker - R. O'Neale,1610612756,2024-25
201142-203078-1626164-1629626-1630208,K. Durant - B. Beal - D. Booker - B. Bol - N. Richards,1610612756,2024-25
201142-1626145-1626164-1629626-1630208,K. Durant - T. Jones - D. Booker - B. Bol - N. Richards,1610612756,2024-25
203486-1626145-1626164-1626220-1628960,M. Plumlee - T. Jones - D. Booker - R. O'Neale - G. Allen,1610612756,2024-25
203078-203486-1626145-1626164-1626220,B. Beal - M. Plumlee - T. Jones - D. Booker - R. O'Neale,1610612756,2024-25
201142-203078-203486-1626164-1628960,K. Durant - B. Beal - M. Plumlee - D. Booker - G. Allen,1610612756,2024-25
201142-203486-1626145-1626220-1628960,K. Durant - M. Plumlee - T. Jones - R. O'Neale - G. Allen,1610612756,2024-25
201142-203078-1626164-1626220-1630208,K. Durant - B. Beal - D. Booker - R. O'Neale - N. Richards,1610612756,2024-25
201142-1626145-1626164-1626220-1630208,K. Durant - T. Jones - D. Booker - R. O'Neale - N. Richards,1610612756,2024-25
201142-203078-1626164-1626220-1628960,K. Durant - B. Beal - D. Booker - R. O'Neale - G. Allen,1610612756,2024-25
203078-203486-1626164-1626220-1628960,B. Beal - M. Plumlee - D. Booker - R. O'Neale - G. Allen,1610612756,2024-25
201142-203078-203994-1626145-1626220,K. Durant - B. Beal - J. Nurkić - T. Jones - R. O'Neale,1610612756,2024-25
201142-203078-203486-1626164-1626220,K. Durant - B. Beal - M. Plumlee - D. Booker - R. O'Neale,1610612756,2024-25
203078-1626145-1626164-1626220-1642345,B. Beal - T. Jones - D. Booker - R. O'Neale - O. Ighodaro,1610612756,2024-25
201142-203078-203486-1626220-1628960,K. Durant - B. Beal - M. Plumlee - R. O'Neale - G. Allen,1610612756,2024-25
201142-203486-1626145-1626164-1626220,K. Durant - M. Plumlee - T. Jones - D. Booker - R. O'Neale,1610612756,2024-25
203486-1626145-1626164-1628960-1642346,M. Plumlee - T. Jones - D. Booker - G. Allen - R. Dunn,1610612756,2024-25
1626145-1626164-1626220-1628960-1630208,T. Jones - D. Booker - R. O'Neale - G. Allen - N. Richards,1610612756,2024-25
203078-203486-1626145-1626164-1642346,B. Beal - M. Plumlee - T. Jones - D. Booker - R. Dunn,1610612756,2024-25
1626145-1626164-1626220-1628998-1642345,T. Jones - D. Booker - R. O'Neale - C. Martin - O. Ighodaro,1610612756,2024-25
203994-1626145-1626164-1626220-1642346,J. Nurkić - T. Jones - D. Booker - R. O'Neale - R. Dunn,1610612756,2024-25
201142-1626145-1626164-1642345-1642346,K. Durant - T. Jones - D. Booker - O. Ighodaro - R. Dunn,1610612756,2024-25
201142-1626145-1626220-1628998-1642345,K. Durant - T. Jones - R. O'Neale - C. Martin - O. Ighodaro,1610612756,2024-25
201142-203078-1626164-1628960-1630208,K. Durant - B. Beal - D. Booker - G. Allen - N. Richards,1610612756,2024-25
201142-203486-1626145-1626164-1628960,K. Durant - M. Plumlee - T. Jones - D. Booker - G. Allen,1610612756,2024-25
203078-1626164-1628960-1642345-1642346,B. Beal - D. Booker - G. Allen - O. Ighodaro - R. Dunn,1610612756,2024-25
201142-203078-203994-1626145-1642346,K. Durant - B. Beal - J. Nurkić - T. Jones - R. Dunn,1610612756,2024-25
201142-1626164-1631221-1642345-1642346,K. Durant - D. Booker - C. Gillespie - O. Ighodaro - R. Dunn,1610612756,2024-25
201142-203078-203486-1626164-1642346,K. Durant - B. Beal - M. Plumlee - D. Booker - R. Dunn,1610612756,2024-25
201142-203078-203486-1626145-1628960,K. Durant - B. Beal - M. Plumlee - T. Jones - G. Allen,1610612756,2024-25
201142-203078-1626145-1626164-1630208,K. Durant - B. Beal - T. Jones - D. Booker - N. Richards,1610612756,2024-25
201142-203078-203486-1626145-1642346,K. Durant - B. Beal - M. Plumlee - T. Jones - R. Dunn,1610612756,2024-25
201142-203994-1626145-1626164-1642346,K. Durant - J. Nurkić - T. Jones - D. Booker - R. Dunn,1610612756,2024-25
201142-1626145-1626164-1626220-1629626,K. Durant - T. Jones - D. Booker - R. O'Neale - B. Bol,1610612756,2024-25
1626164-1628420-1628960-1629006-1642345,D. Booker - M. Morris - G. Allen - J. Okogie - O. Ighodaro,1610612756,2024-25
201142-203078-1626145-1626164-1626220,K. Durant - B. Beal - T. Jones - D. Booker - R. O'Neale,1610612756,2024-25
1626145-1626164-1626220-1628960-1642345,T. Jones - D. Booker - R. O'Neale - G. Allen - O. Ighodaro,1610612756,2024-25
1626145-1626164-1626220-1642345-1642346,T. Jones - D. Booker - R. O'Neale - O. Ighodaro - R. Dunn,1610612756,2024-25
1626164-1626220-1628420-1628960-1642345,D. Booker - R. O'Neale - M. Morris - G. Allen - O. Ighodaro,1610612756,2024-25
201142-203078-1626145-1626164-1642345,K. Durant - B. Beal - T. Jones - D. Booker - O. Ighodaro,1610612756,2024-25
201142-1626145-1626164-1626220-1642345,K. Durant - T. Jones - D. Booker - R. O'Neale - O. Ighodaro,1610612756,2024-25
203994-1626145-1626164-1629006-1642346,J. Nurkić - T. Jones - D. Booker - J. Okogie - R. Dunn,1610612756,2024-25
201142-203078-203486-1626145-1626164,K. Durant - B. Beal - M. Plumlee - T. Jones - D. Booker,1610612756,2024-25
201142-203486-1626164-1626220-1628960,K. Durant - M. Plumlee - D. Booker - R. O'Neale - G. Allen,1610612756,2024-25
1626145-1626164-1626220-1630208-1642346,T. Jones - D. Booker - R. O'Neale - N. Richards - R. Dunn,1610612756,2024-25
201142-1626145-1626164-1626220-1628960,K. Durant - T. Jones - D. Booker - R. O'Neale - G. Allen,1610612756,2024-25
201142-1626164-1626220-1630208-1631221,K. Durant - D. Booker - R. O'Neale - N. Richards - C. Gillespie,1610612756,2024-25
201142-1626145-1626164-1628960-1642345,K. Durant - T. Jones - D. Booker - G. Allen - O. Ighodaro,1610612756,2024-25
203078-1626164-1626220-1630208-1642346,B. Beal - D. Booker - R. O'Neale - N. Richards - R. Dunn,1610612756,2024-25
1626164-1628960-1631221-1642345-1642346,D. Booker - G. Allen - C. Gillespie - O. Ighodaro - R. Dunn,1610612756,2024-25
203486-1626145-1626164-1626220-1642346,M. Plumlee - T. Jones - D. Booker - R. O'Neale - R. Dunn,1610612756,2024-25
1626145-1626164-1628960-1629006-1642345,T. Jones - D. Booker - G. Allen - J. Okogie - O. Ighodaro,1610612756,2024-25
203078-203486-1626164-1628960-1642346,B. Beal - M. Plumlee - D. Booker - G. Allen - R. Dunn,1610612756,2024-25
201142-203078-1626164-1626220-1642345,K. Durant - B. Beal - D. Booker - R. O'Neale - O. Ighodaro,1610612756,2024-25
201142-203078-203994-1628420-1628960,K. Durant - B. Beal - J. Nurkić - M. Morris - G. Allen,1610612756,2024-25
203078-1626164-1626220-1642345-1642346,B. Beal - D. Booker - R. O'Neale - O. Ighodaro - R. Dunn,1610612756,2024-25
203078-1626145-1626164-1628960-1642345,B. Beal - T. Jones - D. Booker - G. Allen - O. Ighodaro,1610612756,2024-25
201142-203078-203486-1626145-1626220,K. Durant - B. Beal - M. Plumlee - T. Jones - R. O'Neale,1610612756,2024-25
201142-203078-1626220-1628960-1642345,K. Durant - B. Beal - R. O'Neale - G. Allen - O. Ighodaro,1610612756,2024-25
1626164-1628960-1630208-1631221-1642346,D. Booker - G. Allen - N. Richards - C. Gillespie - R. Dunn,1610612756,2024-25
201142-203078-1626164-1628960-1642345,K. Durant - B. Beal - D. Booker - G. Allen - O. Ighodaro,1610612756,2024-25
201142-203078-1626164-1628960-1642346,K. Durant - B. Beal - D. Booker - G. Allen - R. Dunn,1610612756,2024-25
201142-1626145-1626220-1629626-1630208,K. Durant - T. Jones - R. O'Neale - B. Bol - N. Richards,1610612756,2024-25
1626145-1626164-1628960-1628998-1642345,T. Jones - D. Booker - G. Allen - C. Martin - O. Ighodaro,1610612756,2024-25
1626145-1626164-1628960-1642345-1642346,T. Jones - D. Booker - G. Allen - O. Ighodaro - R. Dunn,1610612756,2024-25
1626164-1628960-1628998-1630208-1631221,D. Booker - G. Allen - C. Martin - N. Richards - C. Gillespie,1610612756,2024-25
201142-203078-1626164-1642345-1642346,K. Durant - B. Beal - D. Booker - O. Ighodaro - R. Dunn,1610612756,2024-25
201142-203078-203486-1626164-1629626,K. Durant - B. Beal - M. Plumlee - D. Booker - B. Bol,1610612756,2024-25
203486-1626145-1626164-1628960-1629626,M. Plumlee - T. Jones - D. Booker - G. Allen - B. Bol,1610612756,2024-25
1626145-1626164-1628960-1630208-1642346,T. Jones - D. Booker - G. Allen - N. Richards - R. Dunn,1610612756,2024-25
1626164-1628420-1628960-1642345-1642346,D. Booker - M. Morris - G. Allen - O. Ighodaro - R. Dunn,1610612756,2024-25
201142-203078-203994-1626164-1626220,K. Durant - B. Beal - J. Nurkić - D. Booker - R. O'Neale,1610612756,2024-25
201142-203486-1626164-1628960-1631221,K. Durant - M. Plumlee - D. Booker - G. Allen - C. Gillespie,1610612756,2024-25
203078-203486-1626164-1631221-1642346,B. Beal - M. Plumlee - D. Booker - C. Gillespie - R. Dunn,1610612756,2024-25
203078-1626145-1626164-1626220-1630208,B. Beal - T. Jones - D. Booker - R. O'Neale - N. Richards,1610612756,2024-25
203994-1626145-1626164-1626220-1628960,J. Nurkić - T. Jones - D. Booker - R. O'Neale - G. Allen,1610612756,2024-25
201142-203994-1626145-1626220-1628960,K. Durant - J. Nurkić - T. Jones - R. O'Neale - G. Allen,1610612756,2024-25
201142-203486-1626220-1628960-1631221,K. Durant - M. Plumlee - R. O'Neale - G. Allen - C. Gillespie,1610612756,2024-25
203078-1626164-1628960-1630208-1642346,B. Beal - D. Booker - G. Allen - N. Richards - R. Dunn,1610612756,2024-25
203078-1626164-1626220-1628960-1642345,B. Beal - D. Booker - R. O'Neale - G. Allen - O. Ighodaro,1610612756,2024-25
203078-203994-1626164-1628960-1642346,B. Beal - J. Nurkić - D. Booker - G. Allen - R. Dunn,1610612756,2024-25
203078-203486-1626164-1626220-1642346,B. Beal - M. Plumlee - D. Booker - R. O'Neale - R. Dunn,1610612756,2024-25
1626164-1626220-1628420-1642345-1642346,D. Booker - R. O'Neale - M. Morris - O. Ighodaro - R. Dunn,1610612756,2024-25
201142-203078-1626164-1630208-1642346,K. Durant - B. Beal - D. Booker - N. Richards - R. Dunn,1610612756,2024-25
201142-203078-1626145-1642345-1642346,K. Durant - B. Beal - T. Jones - O. Ighodaro - R. Dunn,1610612756,2024-25
201142-203486-1628420-1628960-1642346,K. Durant - M. Plumlee - M. Morris - G. Allen - R. Dunn,1610612756,2024-25
201142-203486-1626220-1628420-1628960,K. Durant - M. Plumlee - R. O'Neale - M. Morris - G. Allen,1610612756,2024-25
201142-203486-1626220-1628420-1629006,K. Durant - M. Plumlee - R. O'Neale - M. Morris - J. Okogie,1610612756,2024-25
203486-1626164-1628420-1629006-1642346,M. Plumlee - D. Booker - M. Morris - J. Okogie - R. Dunn,1610612756,2024-25
203486-1626164-1626220-1628420-1628960,M. Plumlee - D. Booker - R. O'Neale - M. Morris - G. Allen,1610612756,2024-25
203486-1626145-1626164-1642345-1642346,M. Plumlee - T. Jones - D. Booker - O. Ighodaro - R. Dunn,1610612756,2024-25
1626145-1626164-1626220-1629006-1642345,T. Jones - D. Booker - R. O'Neale - J. Okogie - O. Ighodaro,1610612756,2024-25
203078-1626164-1626220-1628960-1630208,B. Beal - D. Booker - R. O'Neale - G. Allen - N. Richards,1610612756,2024-25
203078-203486-1626164-1626220-1631221,B. Beal - M. Plumlee - D. Booker - R. O'Neale - C. Gillespie,1610612756,2024-25
203078-203486-1626145-1626164-1628960,B. Beal - M. Plumlee - T. Jones - D. Booker - G. Allen,1610612756,2024-25
201142-203078-1626164-1626220-1642346,K. Durant - B. Beal - D. Booker - R. O'Neale - R. Dunn,1610612756,2024-25
201142-203078-1628960-1642345-1642346,K. Durant - B. Beal - G. Allen - O. Ighodaro - R. Dunn,1610612756,2024-25
201142-203078-203994-1626164-1628960,K. Durant - B. Beal - J. Nurkić - D. Booker - G. Allen,1610612756,2024-25
201142-203078-1628420-1628960-1642345,K. Durant - B. Beal - M. Morris - G. Allen - O. Ighodaro,1610612756,2024-25
201142-203078-1626145-1626220-1628960,K. Durant - B. Beal - T. Jones - R. O'Neale - G. Allen,1610612756,2024-25
201142-1626145-1628960-1628998-1642345,K. Durant - T. Jones - G. Allen - C. Martin - O. Ighodaro,1610612756,2024-25
201142-1626145-1626220-1642345-1642346,K. Durant - T. Jones - R. O'Neale - O. Ighodaro - R. Dunn,1610612756,2024-25
203486-1626164-1628420-1629626-1642346,M. Plumlee - D. Booker - M. Morris - B. Bol - R. Dunn,1610612756,2024-25
203486-203994-1626145-1626164-1642346,M. Plumlee - J. Nurkić - T. Jones - D. Booker - R. Dunn,1610612756,2024-25
203078-1626145-1626164-1630208-1642346,B. Beal - T. Jones - D. Booker - N. Richards - R. Dunn,1610612756,2024-25
201142-203078-203994-1626145-1628960,K. Durant - B. Beal - J. Nurkić - T. Jones - G. Allen,1610612756,2024-25
201142-203078-203486-1628960-1629626,K. Durant - B. Beal - M. Plumlee - G. Allen - B. Bol,1610612756,2024-25
201142-203078-1626145-1629006-1642345,K. Durant - B. Beal - T. Jones - J. Okogie - O. Ighodaro,1610612756,2024-25
201142-1626164-1626220-1628960-1630208,K. Durant - D. Booker - R. O'Neale - G. Allen - N. Richards,1610612756,2024-25
201142-203994-1628420-1628960-1642346,K. Durant - J. Nurkić - M. Morris - G. Allen - R. Dunn,1610612756,2024-25
201142-1626145-1626164-1628960-1630208,K. Durant - T. Jones - D. Booker - G. Allen - N. Richards,1610612756,2024-25
201142-1626145-1626164-1626220-1642346,K. Durant - T. Jones - D. Booker - R. O'Neale - R. Dunn,1610612756,2024-25
203078-1626164-1628420-1642345-1642346,B. Beal - D. Booker - M. Morris - O. Ighodaro - R. Dunn,1610612756,2024-25
203078-1626145-1626164-1642345-1642346,B. Beal - T. Jones - D. Booker - O. Ighodaro - R. Dunn,1610612756,2024-25
203078-1626145-1626164-1626220-1628960,B. Beal - T. Jones - D. Booker - R. O'Neale - G. Allen,1610612756,2024-25
201142-203994-1626145-1626164-1628960,K. Durant - J. Nurkić - T. Jones - D. Booker - G. Allen,1610612756,2024-25
201142-203994-1626145-1626220-1642346,K. Durant - J. Nurkić - T. Jones - R. O'Neale - R. Dunn,1610612756,2024-25
201142-1626220-1630208-1631221-1642346,K. Durant - R. O'Neale - N. Richards - C. Gillespie - R. Dunn,1610612756,2024-25
201142-1626145-1626220-1631221-1642345,K. Durant - T. Jones - R. O'Neale - C. Gillespie - O. Ighodaro,1610612756,2024-25
203486-1626164-1627814-1628420-1629626,M. Plumlee - D. Booker - D. Lee - M. Morris - B. Bol,1610612756,2024-25
203486-1626164-1628420-1628960-1642346,M. Plumlee - D. Booker - M. Morris - G. Allen - R. Dunn,1610612756,2024-25
1626145-1626164-1629626-1630208-1642346,T. Jones - D. Booker - B. Bol - N. Richards - R. Dunn,1610612756,2024-25
1626145-1626164-1626220-1629626-1630208,T. Jones - D. Booker - R. O'Neale - B. Bol - N. Richards,1610612756,2024-25
203078-1626164-1626220-1631221-1642345,B. Beal - D. Booker - R. O'Neale - C. Gillespie - O. Ighodaro,1610612756,2024-25
203078-203994-1626145-1626164-1626220,B. Beal - J. Nurkić - T. Jones - D. Booker - R. O'Neale,1610612756,2024-25
203078-203486-1626164-1628420-1642346,B. Beal - M. Plumlee - D. Booker - M. Morris - R. Dunn,1610612756,2024-25
203994-1626145-1626164-1626220-1629006,J. Nurkić - T. Jones - D. Booker - R. O'Neale - J. Okogie,1610612756,2024-25
201142-203078-203486-1626220-1629006,K. Durant - B. Beal - M. Plumlee - R. O'Neale - J. Okogie,1610612756,2024-25
201142-203078-203486-1626145-1629006,K. Durant - B. Beal - M. Plumlee - T. Jones - J. Okogie,1610612756,2024-25
201142-203078-1626220-1628960-1630208,K. Durant - B. Beal - R. O'Neale - G. Allen - N. Richards,1610612756,2024-25
201142-1626164-1626220-1642345-1642346,K. Durant - D. Booker - R. O'Neale - O. Ighodaro - R. Dunn,1610612756,2024-25
201142-1628420-1629006-1642345-1642346,K. Durant - M. Morris - J. Okogie - O. Ighodaro - R. Dunn,1610612756,2024-25
201142-1626220-1628420-1629006-1642345,K. Durant - R. O'Neale - M. Morris - J. Okogie - O. Ighodaro,1610612756,2024-25
201142-1626145-1626164-1628960-1642346,K. Durant - T. Jones - D. Booker - G. Allen - R. Dunn,1610612756,2024-25
201142-1626145-1626220-1628960-1630208,K. Durant - T. Jones - R. O'Neale - G. Allen - N. Richards,1610612756,2024-25
201142-1626145-1626220-1630208-1642346,K. Durant - T. Jones - R. O'Neale - N. Richards - R. Dunn,1610612756,2024-25
203486-1626145-1626164-1628960-1642345,M. Plumlee - T. Jones - D. Booker - G. Allen - O. Ighodaro,1610612756,2024-25
203486-1626145-1626164-1629006-1642345,M. Plumlee - T. Jones - D. Booker - J. Okogie - O. Ighodaro,1610612756,2024-25
1626145-1626164-1631221-1642345-1642346,T. Jones - D. Booker - C. Gillespie - O. Ighodaro - R. Dunn,1610612756,2024-25
203078-1626164-1628960-1629626-1630208,B. Beal - D. Booker - G. Allen - B. Bol - N. Richards,1610612756,2024-25
203078-1626164-1626220-1630208-1631221,B. Beal - D. Booker - R. O'Neale - N. Richards - C. Gillespie,1610612756,2024-25
203078-203994-1626164-1626220-1628960,B. Beal - J. Nurkić - D. Booker - R. O'Neale - G. Allen,1610612756,2024-25
203078-203994-1626145-1626164-1642346,B. Beal - J. Nurkić - T. Jones - D. Booker - R. Dunn,1610612756,2024-25
203078-203486-1626164-1628960-1629006,B. Beal - M. Plumlee - D. Booker - G. Allen - J. Okogie,1610612756,2024-25
203078-1626145-1626164-1628960-1630208,B. Beal - T. Jones - D. Booker - G. Allen - N. Richards,1610612756,2024-25
203078-1626145-1626164-1626220-1642346,B. Beal - T. Jones - D. Booker - R. O'Neale - R. Dunn,1610612756,2024-25
1626164-1626220-1631221-1642345-1642346,D. Booker - R. O'Neale - C. Gillespie - O. Ighodaro - R. Dunn,1610612756,2024-25
1626164-1626220-1630208-1631221-1642346,D. Booker - R. O'Neale - N. Richards - C. Gillespie - R. Dunn,1610612756,2024-25
201142-203078-1626164-1628960-1629006,K. Durant - B. Beal - D. Booker - G. Allen - J. Okogie,1610612756,2024-25
201142-203078-203486-1628420-1628960,K. Durant - B. Beal - M. Plumlee - M. Morris - G. Allen,1610612756,2024-25
201142-203078-203486-1626220-1628420,K. Durant - B. Beal - M. Plumlee - R. O'Neale - M. Morris,1610612756,2024-25
201142-203078-1626220-1628960-1642346,K. Durant - B. Beal - R. O'Neale - G. Allen - R. Dunn,1610612756,2024-25
201142-1626164-1628960-1631221-1642345,K. Durant - D. Booker - G. Allen - C. Gillespie - O. Ighodaro,1610612756,2024-25
201142-1626164-1628420-1642345-1642346,K. Durant - D. Booker - M. Morris - O. Ighodaro - R. Dunn,1610612756,2024-25
201142-1626164-1626220-1631221-1642345,K. Durant - D. Booker - R. O'Neale - C. Gillespie - O. Ighodaro,1610612756,2024-25
201142-1626164-1626220-1628960-1642345,K. Durant - D. Booker - R. O'Neale - G. Allen - O. Ighodaro,1610612756,2024-25
201142-203994-1626220-1628420-1628960,K. Durant - J. Nurkić - R. O'Neale - M. Morris - G. Allen,1610612756,2024-25
201142-203994-1626220-1628420-1642346,K. Durant - J. Nurkić - R. O'Neale - M. Morris - R. Dunn,1610612756,2024-25
201142-203486-1626164-1626220-1631221,K. Durant - M. Plumlee - D. Booker - R. O'Neale - C. Gillespie,1610612756,2024-25
201142-203486-1626220-1631221-1642346,K. Durant - M. Plumlee - R. O'Neale - C. Gillespie - R. Dunn,1610612756,2024-25
201142-203486-1626220-1628420-1642346,K. Durant - M. Plumlee - R. O'Neale - M. Morris - R. Dunn,1610612756,2024-25
201142-203486-1626145-1628960-1642346,K. Durant - M. Plumlee - T. Jones - G. Allen - R. Dunn,1610612756,2024-25
201142-1626220-1628420-1628960-1642345,K. Durant - R. O'Neale - M. Morris - G. Allen - O. Ighodaro,1610612756,2024-25
201142-1626220-1628420-1628960-1642346,K. Durant - R. O'Neale - M. Morris - G. Allen - R. Dunn,1610612756,2024-25
203486-1626164-1626220-1628960-1631221,M. Plumlee - D. Booker - R. O'Neale - G. Allen - C. Gillespie,1610612756,2024-25
203486-1626164-1626220-1628420-1642346,M. Plumlee - D. Booker - R. O'Neale - M. Morris - R. Dunn,1610612756,2024-25
1626145-1626164-1628960-1628998-1630208,T. Jones - D. Booker - G. Allen - C. Martin - N. Richards,1610612756,2024-25
1626164-1628420-1629006-1642345-1642346,D. Booker - M. Morris - J. Okogie - O. Ighodaro - R. Dunn,1610612756,2024-25
1626164-1626220-1628420-1628960-1630208,D. Booker - R. O'Neale - M. Morris - G. Allen - N. Richards,1610612756,2024-25
1626164-1626220-1628420-1629006-1642345,D. Booker - R. O'Neale - M. Morris - J. Okogie - O. Ighodaro,1610612756,2024-25
203994-1626164-1628420-1642345-1642346,J. Nurkić - D. Booker - M. Morris - O. Ighodaro - R. Dunn,1610612756,2024-25
201142-203078-203486-1628420-1642346,K. Durant - B. Beal - M. Plumlee - M. Morris - R. Dunn,1610612756,2024-25
201142-203078-1626145-1626164-1642346,K. Durant - B. Beal - T. Jones - D. Booker - R. Dunn,1610612756,2024-25
201142-203078-1626145-1628960-1630208,K. Durant - B. Beal - T. Jones - G. Allen - N. Richards,1610612756,2024-25
201142-203078-1626145-1628960-1642345,K. Durant - B. Beal - T. Jones - G. Allen - O. Ighodaro,1610612756,2024-25
201142-1628998-1631221-1642345-1642346,K. Durant - C. Martin - C. Gillespie - O. Ighodaro - R. Dunn,1610612756,2024-25
201142-1626164-1628960-1630208-1642346,K. Durant - D. Booker - G. Allen - N. Richards - R. Dunn,1610612756,2024-25
201142-203994-1628420-1628960-1629006,K. Durant - J. Nurkić - M. Morris - G. Allen - J. Okogie,1610612756,2024-25
201142-203994-1626145-1626164-1642345,K. Durant - J. Nurkić - T. Jones - D. Booker - O. Ighodaro,1610612756,2024-25
201142-1628420-1628960-1642345-1642346,K. Durant - M. Morris - G. Allen - O. Ighodaro - R. Dunn,1610612756,2024-25
201142-203486-1626145-1629626-1631102,K. Durant - M. Plumlee - T. Jones - B. Bol - T. Washington Jr.,1610612756,2024-25
201142-1626145-1626164-1629006-1642345,K. Durant - T. Jones - D. Booker - J. Okogie - O. Ighodaro,1610612756,2024-25
201142-1626145-1626220-1630208-1631102,K. Durant - T. Jones - R. O'Neale - N. Richards - T. Washington Jr.,1610612756,2024-25
203486-1626164-1628420-1628960-1629006,M. Plumlee - D. Booker - M. Morris - G. Allen - J. Okogie,1610612756,2024-25
203486-1626164-1626220-1631221-1642346,M. Plumlee - D. Booker - R. O'Neale - C. Gillespie - R. Dunn,1610612756,2024-25
203486-1626164-1626220-1628960-1631102,M. Plumlee - D. Booker - R. O'Neale - G. Allen - T. Washington Jr.,1610612756,2024-25
203486-1626145-1626164-1626220-1629626,M. Plumlee - T. Jones - D. Booker - R. O'Neale - B. Bol,1610612756,2024-25
1626145-1626164-1628998-1630208-1631221,T. Jones - D. Booker - C. Martin - N. Richards - C. Gillespie,1610612756,2024-25
1626145-1626164-1626220-1629626-1631102,T. Jones - D. Booker - R. O'Neale - B. Bol - T. Washington Jr.,1610612756,2024-25
201142-1626164-1628420-1628960-1629626,K. Durant - D. Booker - M. Morris - G. Allen - B. Bol,1610612756,2024-25
201142-203486-1626164-1628960-1642346,K. Durant - M. Plumlee - D. Booker - G. Allen - R. Dunn,1610612756,2024-25
201142-203486-1626164-1626220-1628420,K. Durant - M. Plumlee - D. Booker - R. O'Neale - M. Morris,1610612756,2024-25
201142-203486-1628960-1631102-1642346,K. Durant - M. Plumlee - G. Allen - T. Washington Jr. - R. Dunn,1610612756,2024-25
201142-203486-1626145-1626164-1629006,K. Durant - M. Plumlee - T. Jones - D. Booker - J. Okogie,1610612756,2024-25
201142-203486-1626145-1626220-1629626,K. Durant - M. Plumlee - T. Jones - R. O'Neale - B. Bol,1610612756,2024-25
201142-1626220-1628960-1630208-1631102,K. Durant - R. O'Neale - G. Allen - N. Richards - T. Washington Jr.,1610612756,2024-25
201142-1626145-1629006-1642345-1642346,K. Durant - T. Jones - J. Okogie - O. Ighodaro - R. Dunn,1610612756,2024-25
1626145-1626164-1626220-1630208-1631102,T. Jones - D. Booker - R. O'Neale - N. Richards - T. Washington Jr.,1610612756,2024-25
201142-203078-203994-1626164-1628960,K. Durant - B. Beal - J. Nurkic - D. Booker - G. Allen,1610612756,2023-24
201142-201569-203994-1626164-1628960,K. Durant - E. Gordon - J. Nurkic - D. Booker - G. Allen,1610612756,2023-24
201142-203078-1626164-1628960-1629234,K. Durant - B. Beal - D. Booker - G. Allen - D. Eubanks,1610612756,2023-24
201142-201569-1626164-1628960-1629234,K. Durant - E. Gordon - D. Booker - G. Allen - D. Eubanks,1610612756,2023-24
201142-201569-203994-1628960-1629006,K. Durant - E. Gordon - J. Nurkic - G. Allen - J. Okogie,1610612756,2023-24
201142-203078-203994-1626220-1628960,K. Durant - B. Beal - J. Nurkic - R. O'Neale - G. Allen,1610612756,2023-24
201142-203994-1626164-1628960-1629006,K. Durant - J. Nurkic - D. Booker - G. Allen - J. Okogie,1610612756,2023-24
201142-203994-1626164-1626220-1628960,K. Durant - J. Nurkic - D. Booker - R. O'Neale - G. Allen,1610612756,2023-24
201142-201569-203078-1626164-1628960,K. Durant - E. Gordon - B. Beal - D. Booker - G. Allen,1610612756,2023-24
201142-203994-1626164-1628960-1629642,K. Durant - J. Nurkic - D. Booker - G. Allen - N. Little,1610612756,2023-24
201142-201569-203994-1628960-1628966,K. Durant - E. Gordon - J. Nurkic - G. Allen - K. Bates-Diop,1610612756,2023-24
201142-201569-203078-203994-1626164,K. Durant - E. Gordon - B. Beal - J. Nurkic - D. Booker,1610612756,2023-24
201142-203078-203994-1626164-1626220,K. Durant - B. Beal - J. Nurkic - D. Booker - R. O'Neale,1610612756,2023-24
201142-203078-203994-1628960-1628966,K. Durant - B. Beal - J. Nurkic - G. Allen - K. Bates-Diop,1610612756,2023-24
201569-203078-1626164-1626220-1629234,E. Gordon - B. Beal - D. Booker - R. O'Neale - D. Eubanks,1610612756,2023-24
201142-201569-203078-1629234-1629626,K. Durant - E. Gordon - B. Beal - D. Eubanks - B. Bol,1610612756,2023-24
203078-203994-1626164-1628960-1629002,B. Beal - J. Nurkic - D. Booker - G. Allen - C. Metu,1610612756,2023-24
201142-201569-203994-1626164-1629006,K. Durant - E. Gordon - J. Nurkic - D. Booker - J. Okogie,1610612756,2023-24
201142-201569-1626164-1626220-1628960,K. Durant - E. Gordon - D. Booker - R. O'Neale - G. Allen,1610612756,2023-24
201142-203078-1626164-1626220-1628960,K. Durant - B. Beal - D. Booker - R. O'Neale - G. Allen,1610612756,2023-24
201569-203994-1626164-1628966-1629006,E. Gordon - J. Nurkic - D. Booker - K. Bates-Diop - J. Okogie,1610612756,2023-24
201142-203078-203994-1628960-1629006,K. Durant - B. Beal - J. Nurkic - G. Allen - J. Okogie,1610612756,2023-24
201142-201569-203078-1629006-1629234,K. Durant - E. Gordon - B. Beal - J. Okogie - D. Eubanks,1610612756,2023-24
201142-1626164-1626220-1628960-1629234,K. Durant - D. Booker - R. O'Neale - G. Allen - D. Eubanks,1610612756,2023-24
201142-201569-203078-203994-1628960,K. Durant - E. Gordon - B. Beal - J. Nurkic - G. Allen,1610612756,2023-24
201142-201569-1626164-1628960-1629002,K. Durant - E. Gordon - D. Booker - G. Allen - C. Metu,1610612756,2023-24
201569-203994-1626164-1628960-1628966,E. Gordon - J. Nurkic - D. Booker - G. Allen - K. Bates-Diop,1610612756,2023-24
201142-201569-203994-1626220-1628960,K. Durant - E. Gordon - J. Nurkic - R. O'Neale - G. Allen,1610612756,2023-24
201142-203994-1628960-1629006-1630692,K. Durant - J. Nurkic - G. Allen - J. Okogie - J. Goodwin,1610612756,2023-24
201142-201569-203078-203994-1629006,K. Durant - E. Gordon - B. Beal - J. Nurkic - J. Okogie,1610612756,2023-24
201142-201569-1626164-1628960-1628962,K. Durant - E. Gordon - D. Booker - G. Allen - U. Azubuike,1610612756,2023-24
201142-201569-1629006-1629139-1629234,K. Durant - E. Gordon - J. Okogie - Y. Watanabe - D. Eubanks,1610612756,2023-24
201142-201569-1628960-1629006-1629234,K. Durant - E. Gordon - G. Allen - J. Okogie - D. Eubanks,1610612756,2023-24
203078-1626164-1628966-1629006-1629234,B. Beal - D. Booker - K. Bates-Diop - J. Okogie - D. Eubanks,1610612756,2023-24
201142-201569-203078-1626220-1628960,K. Durant - E. Gordon - B. Beal - R. O'Neale - G. Allen,1610612756,2023-24
201142-201569-1629139-1629234-1630692,K. Durant - E. Gordon - Y. Watanabe - D. Eubanks - J. Goodwin,1610612756,2023-24
201142-1629139-1629234-1629642-1630692,K. Durant - Y. Watanabe - D. Eubanks - N. Little - J. Goodwin,1610612756,2023-24
201142-201569-1629006-1629234-1629642,K. Durant - E. Gordon - J. Okogie - D. Eubanks - N. Little,1610612756,2023-24
1626164-1629002-1629139-1629234-1630692,D. Booker - C. Metu - Y. Watanabe - D. Eubanks - J. Goodwin,1610612756,2023-24
201569-1626164-1629002-1629234-1630692,E. Gordon - D. Booker - C. Metu - D. Eubanks - J. Goodwin,1610612756,2023-24
201142-203078-1626164-1626220-1629234,K. Durant - B. Beal - D. Booker - R. O'Neale - D. Eubanks,1610612756,2023-24
201142-201569-203078-1626220-1629234,K. Durant - E. Gordon - B. Beal - R. O'Neale - D. Eubanks,1610612756,2023-24
201142-201569-1626164-1626220-1629234,K. Durant - E. Gordon - D. Booker - R. O'Neale - D. Eubanks,1610612756,2023-24
201142-203994-1626164-1628960-1629626,K. Durant - J. Nurkic - D. Booker - G. Allen - B. Bol,1610612756,2023-24
201142-203994-1628960-1628966-1630692,K. Durant - J. Nurkic - G. Allen - K. Bates-Diop - J. Goodwin,1610612756,2023-24
201142-203994-1628960-1629642-1630692,K. Durant - J. Nurkic - G. Allen - N. Little - J. Goodwin,1610612756,2023-24
203078-203994-1626164-1628960-1628966,B. Beal - J. Nurkic - D. Booker - G. Allen - K. Bates-Diop,1610612756,2023-24
201142-203078-1626220-1628960-1629234,K. Durant - B. Beal - R. O'Neale - G. Allen - D. Eubanks,1610612756,2023-24
201142-201569-203078-1626164-1629234,K. Durant - E. Gordon - B. Beal - D. Booker - D. Eubanks,1610612756,2023-24
201142-201569-203994-1626164-1626220,K. Durant - E. Gordon - J. Nurkic - D. Booker - R. O'Neale,1610612756,2023-24
201142-201569-203994-1629006-1629642,K. Durant - E. Gordon - J. Nurkic - J. Okogie - N. Little,1610612756,2023-24
201142-201569-1626220-1628960-1629234,K. Durant - E. Gordon - R. O'Neale - G. Allen - D. Eubanks,1610612756,2023-24
201569-203078-1626164-1629234-1629626,E. Gordon - B. Beal - D. Booker - D. Eubanks - B. Bol,1610612756,2023-24
201142-201569-1626164-1629006-1629234,K. Durant - E. Gordon - D. Booker - J. Okogie - D. Eubanks,1610612756,2023-24
201142-1628960-1629006-1629234-1630692,K. Durant - G. Allen - J. Okogie - D. Eubanks - J. Goodwin,1610612756,2023-24
201142-203994-1626164-1626220-1629626,K. Durant - J. Nurkic - D. Booker - R. O'Neale - B. Bol,1610612756,2023-24
201569-203078-1626164-1628966-1629234,E. Gordon - B. Beal - D. Booker - K. Bates-Diop - D. Eubanks,1610612756,2023-24
201569-1626164-1626220-1628960-1629234,E. Gordon - D. Booker - R. O'Neale - G. Allen - D. Eubanks,1610612756,2023-24
201142-1628960-1629006-1629234-1629626,K. Durant - G. Allen - J. Okogie - D. Eubanks - B. Bol,1610612756,2023-24
1626164-1628960-1628966-1629234-1630692,D. Booker - G. Allen - K. Bates-Diop - D. Eubanks - J. Goodwin,1610612756,2023-24
1626164-1628966-1629234-1629642-1630692,D. Booker - K. Bates-Diop - D. Eubanks - N. Little - J. Goodwin,1610612756,2023-24
1626164-1628966-1629139-1629234-1630692,D. Booker - K. Bates-Diop - Y. Watanabe - D. Eubanks - J. Goodwin,1610612756,2023-24
201569-1626164-1629139-1629234-1630692,E. Gordon - D. Booker - Y. Watanabe - D. Eubanks - J. Goodwin,1610612756,2023-24
201569-203994-1626164-1628960-1629002,E. Gordon - J. Nurkic - D. Booker - G. Allen - C. Metu,1610612756,2023-24
201142-201569-203078-1626164-1626220,K. Durant - E. Gordon - B. Beal - D. Booker - R. O'Neale,1610612756,2023-24
201142-201569-203078-203994-1626220,K. Durant - E. Gordon - B. Beal - J. Nurkic - R. O'Neale,1610612756,2023-24
201142-203078-203994-1628960-1629626,K. Durant - B. Beal - J. Nurkic - G. Allen - B. Bol,1610612756,2023-24
201142-203078-1626220-1629234-1629626,K. Durant - B. Beal - R. O'Neale - D. Eubanks - B. Bol,1610612756,2023-24
201142-201569-203078-1628960-1629234,K. Durant - E. Gordon - B. Beal - G. Allen - D. Eubanks,1610612756,2023-24
201142-201569-1629002-1629234-1630692,K. Durant - E. Gordon - C. Metu - D. Eubanks - J. Goodwin,1610612756,2023-24
201142-201569-1629002-1629642-1630240,K. Durant - E. Gordon - C. Metu - N. Little - S. Lee,1610612756,2023-24
201142-201569-1628960-1628966-1629234,K. Durant - E. Gordon - G. Allen - K. Bates-Diop - D. Eubanks,1610612756,2023-24
201142-201569-203994-1628960-1630692,K. Durant - E. Gordon - J. Nurkic - G. Allen - J. Goodwin,1610612756,2023-24
1626164-1628960-1628966-1629006-1629234,D. Booker - G. Allen - K. Bates-Diop - J. Okogie - D. Eubanks,1610612756,2023-24
1626164-1628966-1629002-1629234-1630692,D. Booker - K. Bates-Diop - C. Metu - D. Eubanks - J. Goodwin,1610612756,2023-24
201569-203078-1626164-1628962-1628966,E. Gordon - B. Beal - D. Booker - U. Azubuike - K. Bates-Diop,1610612756,2023-24
201569-203994-1626164-1628960-1629006,E. Gordon - J. Nurkic - D. Booker - G. Allen - J. Okogie,1610612756,2023-24
203994-1626164-1628960-1629006-1629626,J. Nurkic - D. Booker - G. Allen - J. Okogie - B. Bol,1610612756,2023-24
201142-201569-203078-1629002-1629006,K. Durant - E. Gordon - B. Beal - C. Metu - J. Okogie,1610612756,2023-24
201142-201569-203078-1626220-1629626,K. Durant - E. Gordon - B. Beal - R. O'Neale - B. Bol,1610612756,2023-24
201142-201569-1626164-1628960-1628966,K. Durant - E. Gordon - D. Booker - G. Allen - K. Bates-Diop,1610612756,2023-24
201142-201152-1628960-1629006-1629626,K. Durant - T. Young - G. Allen - J. Okogie - B. Bol,1610612756,2023-24
1626164-1628960-1629234-1629626-1630240,D. Booker - G. Allen - D. Eubanks - B. Bol - S. Lee,1610612756,2023-24
1626164-1628966-1629006-1629139-1629234,D. Booker - K. Bates-Diop - J. Okogie - Y. Watanabe - D. Eubanks,1610612756,2023-24
1626164-1628966-1629139-1629234-1629642,D. Booker - K. Bates-Diop - Y. Watanabe - D. Eubanks - N. Little,1610612756,2023-24
201569-203078-1626164-1629002-1629234,E. Gordon - B. Beal - D. Booker - C. Metu - D. Eubanks,1610612756,2023-24
201569-203078-203994-1626164-1629002,E. Gordon - B. Beal - J. Nurkic - D. Booker - C. Metu,1610612756,2023-24
201569-203994-1626164-1628960-1629626,E. Gordon - J. Nurkic - D. Booker - G. Allen - B. Bol,1610612756,2023-24
201569-203994-1626164-1629006-1629139,E. Gordon - J. Nurkic - D. Booker - J. Okogie - Y. Watanabe,1610612756,2023-24
201569-203994-1626164-1626220-1628960,E. Gordon - J. Nurkic - D. Booker - R. O'Neale - G. Allen,1610612756,2023-24
203994-1626164-1628960-1628966-1629006,J. Nurkic - D. Booker - G. Allen - K. Bates-Diop - J. Okogie,1610612756,2023-24
203994-1626164-1626220-1628960-1629626,J. Nurkic - D. Booker - R. O'Neale - G. Allen - B. Bol,1610612756,2023-24
201142-203078-1626164-1628960-1629006,K. Durant - B. Beal - D. Booker - G. Allen - J. Okogie,1610612756,2023-24
201142-203078-1628960-1629006-1629234,K. Durant - B. Beal - G. Allen - J. Okogie - D. Eubanks,1610612756,2023-24
201142-203078-203994-1626164-1629642,K. Durant - B. Beal - J. Nurkic - D. Booker - N. Little,1610612756,2023-24
201142-203078-1628966-1629006-1629234,K. Durant - B. Beal - K. Bates-Diop - J. Okogie - D. Eubanks,1610612756,2023-24
201142-1626164-1628960-1628966-1629234,K. Durant - D. Booker - G. Allen - K. Bates-Diop - D. Eubanks,1610612756,2023-24
201142-201569-203078-1629002-1630240,K. Durant - E. Gordon - B. Beal - C. Metu - S. Lee,1610612756,2023-24
201142-201569-203078-1628966-1629002,K. Durant - E. Gordon - B. Beal - K. Bates-Diop - C. Metu,1610612756,2023-24
201142-201569-203994-1628960-1629642,K. Durant - E. Gordon - J. Nurkic - G. Allen - N. Little,1610612756,2023-24
201142-203994-1626164-1628960-1629139,K. Durant - J. Nurkic - D. Booker - G. Allen - Y. Watanabe,1610612756,2023-24
201142-203994-1626164-1628966-1630692,K. Durant - J. Nurkic - D. Booker - K. Bates-Diop - J. Goodwin,1610612756,2023-24
201142-1629006-1629139-1629234-1630692,K. Durant - J. Okogie - Y. Watanabe - D. Eubanks - J. Goodwin,1610612756,2023-24
201142-1626220-1629006-1629234-1630240,K. Durant - R. O'Neale - J. Okogie - D. Eubanks - S. Lee,1610612756,2023-24
203078-203994-1626164-1629002-1629006,B. Beal - J. Nurkic - D. Booker - C. Metu - J. Okogie,1610612756,2023-24
1626164-1628960-1629002-1629642-1630692,D. Booker - G. Allen - C. Metu - N. Little - J. Goodwin,1610612756,2023-24
201569-203078-1626164-1628962-1629002,E. Gordon - B. Beal - D. Booker - U. Azubuike - C. Metu,1610612756,2023-24
201569-1626164-1628960-1628966-1629234,E. Gordon - D. Booker - G. Allen - K. Bates-Diop - D. Eubanks,1610612756,2023-24
201569-1626164-1628960-1628962-1629002,E. Gordon - D. Booker - G. Allen - U. Azubuike - C. Metu,1610612756,2023-24
201569-203994-1626164-1628966-1630692,E. Gordon - J. Nurkic - D. Booker - K. Bates-Diop - J. Goodwin,1610612756,2023-24
201142-203078-1628960-1629002-1629006,K. Durant - B. Beal - G. Allen - C. Metu - J. Okogie,1610612756,2023-24
201142-203078-203994-1626164-1629006,K. Durant - B. Beal - J. Nurkic - D. Booker - J. Okogie,1610612756,2023-24
201142-1626164-1628960-1629002-1629006,K. Durant - D. Booker - G. Allen - C. Metu - J. Okogie,1610612756,2023-24
201142-1626164-1628960-1629234-1629626,K. Durant - D. Booker - G. Allen - D. Eubanks - B. Bol,1610612756,2023-24
201142-1626164-1628960-1629006-1629234,K. Durant - D. Booker - G. Allen - J. Okogie - D. Eubanks,1610612756,2023-24
201142-1626164-1626220-1628960-1629006,K. Durant - D. Booker - R. O'Neale - G. Allen - J. Okogie,1610612756,2023-24
201142-201569-203078-1628960-1629002,K. Durant - E. Gordon - B. Beal - G. Allen - C. Metu,1610612756,2023-24
201142-201569-203994-1629006-1630692,K. Durant - E. Gordon - J. Nurkic - J. Okogie - J. Goodwin,1610612756,2023-24
201142-203994-1626220-1628960-1629006,K. Durant - J. Nurkic - R. O'Neale - G. Allen - J. Okogie,1610612756,2023-24
201152-201569-203078-1626164-1626220,T. Young - E. Gordon - B. Beal - D. Booker - R. O'Neale,1610612756,2023-24
203078-203994-1626164-1626220-1628960,B. Beal - J. Nurkic - D. Booker - R. O'Neale - G. Allen,1610612756,2023-24
1626164-1626220-1629234-1629626-1630240,D. Booker - R. O'Neale - D. Eubanks - B. Bol - S. Lee,1610612756,2023-24
201569-203994-1626164-1629002-1629006,E. Gordon - J. Nurkic - D. Booker - C. Metu - J. Okogie,1610612756,2023-24
201142-203078-203994-1626164-1629002,K. Durant - B. Beal - J. Nurkic - D. Booker - C. Metu,1610612756,2023-24
201142-201569-203078-203994-1629626,K. Durant - E. Gordon - B. Beal - J. Nurkic - B. Bol,1610612756,2023-24
201142-201569-1628960-1629234-1630240,K. Durant - E. Gordon - G. Allen - D. Eubanks - S. Lee,1610612756,2023-24
201142-201569-1626220-1629234-1630240,K. Durant - E. Gordon - R. O'Neale - D. Eubanks - S. Lee,1610612756,2023-24
201142-203994-1628960-1628966-1629006,K. Durant - J. Nurkic - G. Allen - K. Bates-Diop - J. Okogie,1610612756,2023-24
201142-203994-1629006-1629139-1630692,K. Durant - J. Nurkic - J. Okogie - Y. Watanabe - J. Goodwin,1610612756,2023-24
201142-1628966-1629139-1629234-1630692,K. Durant - K. Bates-Diop - Y. Watanabe - D. Eubanks - J. Goodwin,1610612756,2023-24
201142-201152-201569-1626164-1628960,K. Durant - T. Young - E. Gordon - D. Booker - G. Allen,1610612756,2023-24
201152-1626164-1626220-1628960-1629626,T. Young - D. Booker - R. O'Neale - G. Allen - B. Bol,1610612756,2023-24
1626164-1629002-1629234-1629642-1630692,D. Booker - C. Metu - D. Eubanks - N. Little - J. Goodwin,1610612756,2023-24
1626164-1629002-1629006-1629642-1630692,D. Booker - C. Metu - J. Okogie - N. Little - J. Goodwin,1610612756,2023-24
1626164-1628960-1629234-1629642-1630692,D. Booker - G. Allen - D. Eubanks - N. Little - J. Goodwin,1610612756,2023-24
1626164-1628960-1628966-1629002-1629642,D. Booker - G. Allen - K. Bates-Diop - C. Metu - N. Little,1610612756,2023-24
1626164-1628960-1628966-1629234-1629642,D. Booker - G. Allen - K. Bates-Diop - D. Eubanks - N. Little,1610612756,2023-24
201569-203078-1626164-1628960-1629626,E. Gordon - B. Beal - D. Booker - G. Allen - B. Bol,1610612756,2023-24
201569-1626164-1628960-1629234-1629626,E. Gordon - D. Booker - G. Allen - D. Eubanks - B. Bol,1610612756,2023-24
201569-203994-1626164-1626220-1629626,E. Gordon - J. Nurkic - D. Booker - R. O'Neale - B. Bol,1610612756,2023-24
203994-1626164-1626220-1629626-1630240,J. Nurkic - D. Booker - R. O'Neale - B. Bol - S. Lee,1610612756,2023-24
201142-1626164-1628960-1629234-1630692,K. Durant - D. Booker - G. Allen - D. Eubanks - J. Goodwin,1610612756,2023-24
201142-1626164-1628960-1628966-1629642,K. Durant - D. Booker - G. Allen - K. Bates-Diop - N. Little,1610612756,2023-24
201142-1626164-1628960-1628962-1629006,K. Durant - D. Booker - G. Allen - U. Azubuike - J. Okogie,1610612756,2023-24
201142-201569-203078-1628966-1629006,K. Durant - E. Gordon - B. Beal - K. Bates-Diop - J. Okogie,1610612756,2023-24
201142-201569-1628960-1629234-1630692,K. Durant - E. Gordon - G. Allen - D. Eubanks - J. Goodwin,1610612756,2023-24
201142-201569-203994-1629139-1630692,K. Durant - E. Gordon - J. Nurkic - Y. Watanabe - J. Goodwin,1610612756,2023-24
201142-201569-1626220-1628960-1629642,K. Durant - E. Gordon - R. O'Neale - G. Allen - N. Little,1610612756,2023-24
201142-203994-1626220-1628960-1629626,K. Durant - J. Nurkic - R. O'Neale - G. Allen - B. Bol,1610612756,2023-24
201142-1626220-1628960-1629234-1630240,K. Durant - R. O'Neale - G. Allen - D. Eubanks - S. Lee,1610612756,2023-24
203078-1626164-1629002-1629006-1629234,B. Beal - D. Booker - C. Metu - J. Okogie - D. Eubanks,1610612756,2023-24
203078-1626164-1629006-1629234-1629626,B. Beal - D. Booker - J. Okogie - D. Eubanks - B. Bol,1610612756,2023-24
1626164-1628962-1629139-1629642-1630240,D. Booker - U. Azubuike - Y. Watanabe - N. Little - S. Lee,1610612756,2023-24
201569-203078-203994-1626164-1630692,E. Gordon - B. Beal - J. Nurkic - D. Booker - J. Goodwin,1610612756,2023-24
201569-1626164-1629002-1629006-1629234,E. Gordon - D. Booker - C. Metu - J. Okogie - D. Eubanks,1610612756,2023-24
201569-1626164-1629002-1629006-1629642,E. Gordon - D. Booker - C. Metu - J. Okogie - N. Little,1610612756,2023-24
201569-1626164-1629234-1629642-1630692,E. Gordon - D. Booker - D. Eubanks - N. Little - J. Goodwin,1610612756,2023-24
201569-1626164-1628960-1629002-1629006,E. Gordon - D. Booker - G. Allen - C. Metu - J. Okogie,1610612756,2023-24
201569-1626164-1628966-1629139-1629234,E. Gordon - D. Booker - K. Bates-Diop - Y. Watanabe - D. Eubanks,1610612756,2023-24
201569-1626164-1626220-1629006-1629234,E. Gordon - D. Booker - R. O'Neale - J. Okogie - D. Eubanks,1610612756,2023-24
201569-1626164-1626220-1629006-1629642,E. Gordon - D. Booker - R. O'Neale - J. Okogie - N. Little,1610612756,2023-24
201569-203994-1626164-1629139-1630692,E. Gordon - J. Nurkic - D. Booker - Y. Watanabe - J. Goodwin,1610612756,2023-24
203994-1626164-1628960-1629006-1629642,J. Nurkic - D. Booker - G. Allen - J. Okogie - N. Little,1610612756,2023-24
201142-203078-203994-1626164-1630688,K. Durant - B. Beal - J. Nurkic - D. Booker - I. Wainright,1610612756,2023-24
201142-203078-1628966-1629234-1630240,K. Durant - B. Beal - K. Bates-Diop - D. Eubanks - S. Lee,1610612756,2023-24
201142-1626164-1628960-1628966-1629006,K. Durant - D. Booker - G. Allen - K. Bates-Diop - J. Okogie,1610612756,2023-24
201142-1626164-1626220-1628960-1629626,K. Durant - D. Booker - R. O'Neale - G. Allen - B. Bol,1610612756,2023-24
201142-201569-203078-1628962-1629006,K. Durant - E. Gordon - B. Beal - U. Azubuike - J. Okogie,1610612756,2023-24
201142-201569-1626164-1629234-1630692,K. Durant - E. Gordon - D. Booker - D. Eubanks - J. Goodwin,1610612756,2023-24
201142-201569-1626164-1628960-1629626,K. Durant - E. Gordon - D. Booker - G. Allen - B. Bol,1610612756,2023-24
201142-201569-1626164-1628960-1629006,K. Durant - E. Gordon - D. Booker - G. Allen - J. Okogie,1610612756,2023-24
201142-201569-1628960-1628966-1629006,K. Durant - E. Gordon - G. Allen - K. Bates-Diop - J. Okogie,1610612756,2023-24
201142-201569-203994-1628960-1629139,K. Durant - E. Gordon - J. Nurkic - G. Allen - Y. Watanabe,1610612756,2023-24
201142-201569-203994-1629006-1629139,K. Durant - E. Gordon - J. Nurkic - J. Okogie - Y. Watanabe,1610612756,2023-24
201142-201569-203994-1628966-1629642,K. Durant - E. Gordon - J. Nurkic - K. Bates-Diop - N. Little,1610612756,2023-24
201142-201569-1628962-1629002-1630692,K. Durant - E. Gordon - U. Azubuike - C. Metu - J. Goodwin,1610612756,2023-24
201142-1628960-1629006-1629139-1629234,K. Durant - G. Allen - J. Okogie - Y. Watanabe - D. Eubanks,1610612756,2023-24
201142-203994-1626164-1628960-1628966,K. Durant - J. Nurkic - D. Booker - G. Allen - K. Bates-Diop,1610612756,2023-24
201142-203994-1626164-1629006-1629642,K. Durant - J. Nurkic - D. Booker - J. Okogie - N. Little,1610612756,2023-24
201142-203994-1626164-1629642-1630692,K. Durant - J. Nurkic - D. Booker - N. Little - J. Goodwin,1610612756,2023-24
201142-203994-1626164-1626220-1629006,K. Durant - J. Nurkic - D. Booker - R. O'Neale - J. Okogie,1610612756,2023-24
201142-203994-1626220-1628960-1630240,K. Durant - J. Nurkic - R. O'Neale - G. Allen - S. Lee,1610612756,2023-24
201142-1626220-1628960-1629234-1629626,K. Durant - R. O'Neale - G. Allen - D. Eubanks - B. Bol,1610612756,2023-24
201142-201152-203078-1626164-1628960,K. Durant - T. Young - B. Beal - D. Booker - G. Allen,1610612756,2023-24
201142-201152-201569-203078-1626164,K. Durant - T. Young - E. Gordon - B. Beal - D. Booker,1610612756,2023-24
201142-201152-201569-1626164-1626220,K. Durant - T. Young - E. Gordon - D. Booker - R. O'Neale,1610612756,2023-24
1626164-1626220-1628960-1629234-1629626,D. Booker - R. O'Neale - G. Allen - D. Eubanks - B. Bol,1610612756,2023-24
201569-203078-1626164-1629006-1629626,E. Gordon - B. Beal - D. Booker - J. Okogie - B. Bol,1610612756,2023-24
201569-203078-203994-1626164-1628960,E. Gordon - B. Beal - J. Nurkic - D. Booker - G. Allen,1610612756,2023-24
201569-1626164-1628960-1629002-1629234,E. Gordon - D. Booker - G. Allen - C. Metu - D. Eubanks,1610612756,2023-24
201569-1626164-1628960-1628962-1628966,E. Gordon - D. Booker - G. Allen - U. Azubuike - K. Bates-Diop,1610612756,2023-24
201569-203994-1626164-1629006-1630692,E. Gordon - J. Nurkic - D. Booker - J. Okogie - J. Goodwin,1610612756,2023-24
201142-203078-1628966-1629139-1629234,K. Durant - B. Beal - K. Bates-Diop - Y. Watanabe - D. Eubanks,1610612756,2023-24
201142-1626164-1628960-1628962-1630692,K. Durant - D. Booker - G. Allen - U. Azubuike - J. Goodwin,1610612756,2023-24
201142-1626164-1628960-1628962-1630240,K. Durant - D. Booker - G. Allen - U. Azubuike - S. Lee,1610612756,2023-24
201142-1626164-1626220-1629234-1631223,K. Durant - D. Booker - R. O'Neale - D. Eubanks - D. Roddy,1610612756,2023-24
201142-201569-203078-1628966-1629234,K. Durant - E. Gordon - B. Beal - K. Bates-Diop - D. Eubanks,1610612756,2023-24
201142-201569-1626164-1629006-1629626,K. Durant - E. Gordon - D. Booker - J. Okogie - B. Bol,1610612756,2023-24
201142-201569-203994-1629626-1630240,K. Durant - E. Gordon - J. Nurkic - B. Bol - S. Lee,1610612756,2023-24
201142-1628960-1628966-1629234-1630692,K. Durant - G. Allen - K. Bates-Diop - D. Eubanks - J. Goodwin,1610612756,2023-24
201142-201152-1626220-1628960-1629006,K. Durant - T. Young - R. O'Neale - G. Allen - J. Okogie,1610612756,2023-24
1626164-1626166-1628470-1628969-1629028,D. Booker - C. Payne - T. Craig - M. Bridges - D. Ayton,1610612756,2022-23
101108-1626164-1628470-1629006-1629028,C. Paul - D. Booker - T. Craig - J. Okogie - D. Ayton,1610612756,2022-23
101108-201142-1626164-1629006-1629028,C. Paul - K. Durant - D. Booker - J. Okogie - D. Ayton,1610612756,2022-23
101108-1626164-1628470-1628969-1629028,C. Paul - D. Booker - T. Craig - M. Bridges - D. Ayton,1610612756,2022-23
101108-1626164-1628969-1629028-1629661,C. Paul - D. Booker - M. Bridges - D. Ayton - C. Johnson,1610612756,2022-23
101108-202687-1626164-1628969-1629661,C. Paul - B. Biyombo - D. Booker - M. Bridges - C. Johnson,1610612756,2022-23
1626164-1626166-1627814-1628969-1629028,D. Booker - C. Payne - D. Lee - M. Bridges - D. Ayton,1610612756,2022-23
101108-202687-1626164-1628470-1629006,C. Paul - B. Biyombo - D. Booker - T. Craig - J. Okogie,1610612756,2022-23
101108-202687-1626164-1628470-1628969,C. Paul - B. Biyombo - D. Booker - T. Craig - M. Bridges,1610612756,2022-23
203967-1626164-1626166-1628969-1629028,D. Saric - D. Booker - C. Payne - M. Bridges - D. Ayton,1610612756,2022-23
101108-1626164-1627814-1628969-1629028,C. Paul - D. Booker - D. Lee - M. Bridges - D. Ayton,1610612756,2022-23
101108-201142-202687-203082-1628470,C. Paul - K. Durant - B. Biyombo - T. Ross - T. Craig,1610612756,2022-23
101108-1626164-1629006-1629028-1630688,C. Paul - D. Booker - J. Okogie - D. Ayton - I. Wainright,1610612756,2022-23
1626164-1626166-1628470-1628969-1629111,D. Booker - C. Payne - T. Craig - M. Bridges - J. Landale,1610612756,2022-23
101108-203082-1626164-1629006-1629028,C. Paul - T. Ross - D. Booker - J. Okogie - D. Ayton,1610612756,2022-23
1626164-1626166-1628969-1629006-1629028,D. Booker - C. Payne - M. Bridges - J. Okogie - D. Ayton,1610612756,2022-23
101108-202687-1626164-1628470-1629013,C. Paul - B. Biyombo - D. Booker - T. Craig - L. Shamet,1610612756,2022-23
1626164-1626166-1627814-1628470-1629111,D. Booker - C. Payne - D. Lee - T. Craig - J. Landale,1610612756,2022-23
203082-1626164-1626166-1629111-1630688,T. Ross - D. Booker - C. Payne - J. Landale - I. Wainright,1610612756,2022-23
101108-1626164-1628969-1629111-1629661,C. Paul - D. Booker - M. Bridges - J. Landale - C. Johnson,1610612756,2022-23
203933-1626164-1626166-1629013-1629111,T. Warren - D. Booker - C. Payne - L. Shamet - J. Landale,1610612756,2022-23
1626164-1626166-1628969-1629028-1630688,D. Booker - C. Payne - M. Bridges - D. Ayton - I. Wainright,1610612756,2022-23
1626164-1627814-1628470-1628969-1629028,D. Booker - D. Lee - T. Craig - M. Bridges - D. Ayton,1610612756,2022-23
1626164-1628470-1628969-1629028-1630613,D. Booker - T. Craig - M. Bridges - D. Ayton - D. Washington Jr.,1610612756,2022-23
203967-1626164-1627814-1629013-1629111,D. Saric - D. Booker - D. Lee - L. Shamet - J. Landale,1610612756,2022-23
101108-1626164-1628969-1629006-1629111,C. Paul - D. Booker - M. Bridges - J. Okogie - J. Landale,1610612756,2022-23
101108-201142-1626164-1628470-1629028,C. Paul - K. Durant - D. Booker - T. Craig - D. Ayton,1610612756,2022-23
101108-203933-1626164-1629006-1629028,C. Paul - T. Warren - D. Booker - J. Okogie - D. Ayton,1610612756,2022-23
202687-203933-1626164-1626166-1628470,B. Biyombo - T. Warren - D. Booker - C. Payne - T. Craig,1610612756,2022-23
101108-1626164-1627814-1629006-1629028,C. Paul - D. Booker - D. Lee - J. Okogie - D. Ayton,1610612756,2022-23
101108-1626164-1628470-1628969-1629111,C. Paul - D. Booker - T. Craig - M. Bridges - J. Landale,1610612756,2022-23
1626164-1626166-1628470-1629013-1629111,D. Booker - C. Payne - T. Craig - L. Shamet - J. Landale,1610612756,2022-23
101108-1626164-1628470-1629006-1629111,C. Paul - D. Booker - T. Craig - J. Okogie - J. Landale,1610612756,2022-23
101108-203082-1626164-1629028-1630688,C. Paul - T. Ross - D. Booker - D. Ayton - I. Wainright,1610612756,2022-23
1626164-1627814-1629013-1629111-1630688,D. Booker - D. Lee - L. Shamet - J. Landale - I. Wainright,1610612756,2022-23
1626164-1627814-1628969-1629013-1629111,D. Booker - D. Lee - M. Bridges - L. Shamet - J. Landale,1610612756,2022-23
202687-1626164-1627814-1629013-1630688,B. Biyombo - D. Booker - D. Lee - L. Shamet - I. Wainright,1610612756,2022-23
101108-202687-1626164-1628969-1629006,C. Paul - B. Biyombo - D. Booker - M. Bridges - J. Okogie,1610612756,2022-23
101108-201142-1626164-1629028-1630688,C. Paul - K. Durant - D. Booker - D. Ayton - I. Wainright,1610612756,2022-23
1626164-1626166-1629006-1629111-1630688,D. Booker - C. Payne - J. Okogie - J. Landale - I. Wainright,1610612756,2022-23
1626164-1627814-1629006-1629013-1629111,D. Booker - D. Lee - J. Okogie - L. Shamet - J. Landale,1610612756,2022-23
1626164-1627814-1628969-1629028-1630613,D. Booker - D. Lee - M. Bridges - D. Ayton - D. Washington Jr.,1610612756,2022-23
202687-1626164-1626166-1628470-1628969,B. Biyombo - D. Booker - C. Payne - T. Craig - M. Bridges,1610612756,2022-23
202687-1626164-1627814-1630613-1630688,B. Biyombo - D. Booker - D. Lee - D. Washington Jr. - I. Wainright,1610612756,2022-23
1626164-1626166-1628470-1629006-1629028,D. Booker - C. Payne - T. Craig - J. Okogie - D. Ayton,1610612756,2022-23
1626164-1627814-1629006-1629111-1630613,D. Booker - D. Lee - J. Okogie - J. Landale - D. Washington Jr.,1610612756,2022-23
1626164-1627814-1628969-1629111-1630613,D. Booker - D. Lee - M. Bridges - J. Landale - D. Washington Jr.,1610612756,2022-23
203967-1626164-1627814-1629111-1630613,D. Saric - D. Booker - D. Lee - J. Landale - D. Washington Jr.,1610612756,2022-23
201142-202687-203082-203933-1626166,K. Durant - B. Biyombo - T. Ross - T. Warren - C. Payne,1610612756,2022-23
203082-1626164-1626166-1629028-1630688,T. Ross - D. Booker - C. Payne - D. Ayton - I. Wainright,1610612756,2022-23
203082-1626164-1626166-1627814-1629111,T. Ross - D. Booker - C. Payne - D. Lee - J. Landale,1610612756,2022-23
202687-1626164-1627814-1628470-1630613,B. Biyombo - D. Booker - D. Lee - T. Craig - D. Washington Jr.,1610612756,2022-23
202687-203082-203933-1626164-1626166,B. Biyombo - T. Ross - T. Warren - D. Booker - C. Payne,1610612756,2022-23
101108-202687-1626164-1627814-1629006,C. Paul - B. Biyombo - D. Booker - D. Lee - J. Okogie,1610612756,2022-23
101108-202687-1626164-1627814-1628969,C. Paul - B. Biyombo - D. Booker - D. Lee - M. Bridges,1610612756,2022-23
101108-201142-203082-1626164-1629028,C. Paul - K. Durant - T. Ross - D. Booker - D. Ayton,1610612756,2022-23
101108-203082-203933-1626164-1628470,C. Paul - T. Ross - T. Warren - D. Booker - T. Craig,1610612756,2022-23
1626164-1627814-1628969-1629111-1630688,D. Booker - D. Lee - M. Bridges - J. Landale - I. Wainright,1610612756,2022-23
1626164-1628969-1629013-1629028-1630688,D. Booker - M. Bridges - L. Shamet - D. Ayton - I. Wainright,1610612756,2022-23
1626164-1628470-1629111-1630240-1630688,D. Booker - T. Craig - J. Landale - S. Lee - I. Wainright,1610612756,2022-23
1626164-1628470-1628969-1629013-1629111,D. Booker - T. Craig - M. Bridges - L. Shamet - J. Landale,1610612756,2022-23
201142-202687-203082-1626166-1628470,K. Durant - B. Biyombo - T. Ross - C. Payne - T. Craig,1610612756,2022-23
202687-1626164-1627814-1629006-1630613,B. Biyombo - D. Booker - D. Lee - J. Okogie - D. Washington Jr.,1610612756,2022-23
202687-1626164-1628470-1628969-1629013,B. Biyombo - D. Booker - T. Craig - M. Bridges - L. Shamet,1610612756,2022-23
202687-203933-1626164-1626166-1629013,B. Biyombo - T. Warren - D. Booker - C. Payne - L. Shamet,1610612756,2022-23
101108-1626164-1629006-1629111-1630688,C. Paul - D. Booker - J. Okogie - J. Landale - I. Wainright,1610612756,2022-23
101108-201142-202687-1626164-1629006,C. Paul - K. Durant - B. Biyombo - D. Booker - J. Okogie,1610612756,2022-23
101108-203082-1626164-1628470-1629028,C. Paul - T. Ross - D. Booker - T. Craig - D. Ayton,1610612756,2022-23
101108-203933-1626164-1629013-1629111,C. Paul - T. Warren - D. Booker - L. Shamet - J. Landale,1610612756,2022-23
1626164-1626166-1627814-1629006-1629028,D. Booker - C. Payne - D. Lee - J. Okogie - D. Ayton,1610612756,2022-23
1626164-1626166-1628969-1629013-1629028,D. Booker - C. Payne - M. Bridges - L. Shamet - D. Ayton,1610612756,2022-23
1626164-1627814-1628969-1629013-1629028,D. Booker - D. Lee - M. Bridges - L. Shamet - D. Ayton,1610612756,2022-23
1626164-1628470-1628969-1629013-1629028,D. Booker - T. Craig - M. Bridges - L. Shamet - D. Ayton,1610612756,2022-23
201142-1626164-1626166-1629006-1629028,K. Durant - D. Booker - C. Payne - J. Okogie - D. Ayton,1610612756,2022-23
202687-1626164-1626166-1627814-1628969,B. Biyombo - D. Booker - C. Payne - D. Lee - M. Bridges,1610612756,2022-23
202687-1626164-1626166-1628470-1629013,B. Biyombo - D. Booker - C. Payne - T. Craig - L. Shamet,1610612756,2022-23
202687-1626164-1627814-1629013-1630613,B. Biyombo - D. Booker - D. Lee - L. Shamet - D. Washington Jr.,1610612756,2022-23
202687-203082-1626164-1627814-1629006,B. Biyombo - T. Ross - D. Booker - D. Lee - J. Okogie,1610612756,2022-23
202687-203082-1626164-1628470-1629006,B. Biyombo - T. Ross - D. Booker - T. Craig - J. Okogie,1610612756,2022-23
101108-202687-1626164-1629006-1630688,C. Paul - B. Biyombo - D. Booker - J. Okogie - I. Wainright,1610612756,2022-23
101108-202687-203933-1626164-1629013,C. Paul - B. Biyombo - T. Warren - D. Booker - L. Shamet,1610612756,2022-23
101108-1626164-1628470-1629013-1630688,C. Paul - D. Booker - T. Craig - L. Shamet - I. Wainright,1610612756,2022-23
101108-1626164-1628470-1629013-1629111,C. Paul - D. Booker - T. Craig - L. Shamet - J. Landale,1610612756,2022-23
101108-201142-202687-203082-1629006,C. Paul - K. Durant - B. Biyombo - T. Ross - J. Okogie,1610612756,2022-23
1626164-1626166-1627814-1628470-1629028,D. Booker - C. Payne - D. Lee - T. Craig - D. Ayton,1610612756,2022-23
1626164-1626166-1629013-1629111-1630688,D. Booker - C. Payne - L. Shamet - J. Landale - I. Wainright,1610612756,2022-23
1626164-1628969-1629006-1629013-1629028,D. Booker - M. Bridges - J. Okogie - L. Shamet - D. Ayton,1610612756,2022-23
201142-1626166-1627814-1629111-1629647,K. Durant - C. Payne - D. Lee - J. Landale - D. Bazley,1610612756,2022-23
201142-1626166-1627814-1629111-1630688,K. Durant - C. Payne - D. Lee - J. Landale - I. Wainright,1610612756,2022-23
201142-1626166-1627814-1628470-1629111,K. Durant - C. Payne - D. Lee - T. Craig - J. Landale,1610612756,2022-23
201142-203082-1626166-1627814-1628470,K. Durant - T. Ross - C. Payne - D. Lee - T. Craig,1610612756,2022-23
203082-1626164-1626166-1629013-1629111,T. Ross - D. Booker - C. Payne - L. Shamet - J. Landale,1610612756,2022-23
203933-1626164-1629006-1629013-1629028,T. Warren - D. Booker - J. Okogie - L. Shamet - D. Ayton,1610612756,2022-23
101108-203109-1626164-1628969-1629028,C. Paul - J. Crowder - D. Booker - M. Bridges - D. Ayton,1610612756,2021-22
203109-1626164-1626166-1628969-1629028,J. Crowder - D. Booker - C. Payne - M. Bridges - D. Ayton,1610612756,2021-22
101108-201580-203109-1626164-1628969,C. Paul - J. McGee - J. Crowder - D. Booker - M. Bridges,1610612756,2021-22
101108-202687-1626164-1628969-1629661,C. Paul - B. Biyombo - D. Booker - M. Bridges - C. Johnson,1610612756,2021-22
101108-1626164-1628969-1629661-1630188,C. Paul - D. Booker - M. Bridges - C. Johnson - J. Smith,1610612756,2021-22
203109-1626164-1628969-1629028-1629661,J. Crowder - D. Booker - M. Bridges - D. Ayton - C. Johnson,1610612756,2021-22
101108-203109-1626163-1626164-1628969,C. Paul - J. Crowder - F. Kaminsky - D. Booker - M. Bridges,1610612756,2021-22
101108-201580-1626164-1628969-1629661,C. Paul - J. McGee - D. Booker - M. Bridges - C. Johnson,1610612756,2021-22
201580-1626164-1626166-1629013-1629661,J. McGee - D. Booker - C. Payne - L. Shamet - C. Johnson,1610612756,2021-22
1626164-1626166-1628470-1628969-1629028,D. Booker - C. Payne - T. Craig - M. Bridges - D. Ayton,1610612756,2021-22
101108-1626164-1628969-1629028-1629661,C. Paul - D. Booker - M. Bridges - D. Ayton - C. Johnson,1610612756,2021-22
201580-1626164-1628470-1628988-1629013,J. McGee - D. Booker - T. Craig - A. Holiday - L. Shamet,1610612756,2021-22
201580-203901-1626164-1628969-1629661,J. McGee - E. Payton - D. Booker - M. Bridges - C. Johnson,1610612756,2021-22
203109-203901-1626164-1628969-1629028,J. Crowder - E. Payton - D. Booker - M. Bridges - D. Ayton,1610612756,2021-22
1626164-1626166-1628969-1629028-1629661,D. Booker - C. Payne - M. Bridges - D. Ayton - C. Johnson,1610612756,2021-22
201580-1626164-1626166-1628969-1629661,J. McGee - D. Booker - C. Payne - M. Bridges - C. Johnson,1610612756,2021-22
101108-202687-203109-1626164-1628969,C. Paul - B. Biyombo - J. Crowder - D. Booker - M. Bridges,1610612756,2021-22
202687-1626164-1626166-1629013-1629661,B. Biyombo - D. Booker - C. Payne - L. Shamet - C. Johnson,1610612756,2021-22
1626163-1626164-1626166-1628969-1629661,F. Kaminsky - D. Booker - C. Payne - M. Bridges - C. Johnson,1610612756,2021-22
201580-1626164-1628470-1628969-1628988,J. McGee - D. Booker - T. Craig - M. Bridges - A. Holiday,1610612756,2021-22
201580-203901-1626164-1629013-1629661,J. McGee - E. Payton - D. Booker - L. Shamet - C. Johnson,1610612756,2021-22
101108-203109-1626164-1628969-1629661,C. Paul - J. Crowder - D. Booker - M. Bridges - C. Johnson,1610612756,2021-22
203109-1626164-1628969-1629013-1629028,J. Crowder - D. Booker - M. Bridges - L. Shamet - D. Ayton,1610612756,2021-22
203109-1626164-1628969-1628988-1629028,J. Crowder - D. Booker - M. Bridges - A. Holiday - D. Ayton,1610612756,2021-22
101108-203109-1626164-1629028-1629661,C. Paul - J. Crowder - D. Booker - D. Ayton - C. Johnson,1610612756,2021-22
201580-203109-1626164-1626166-1628969,J. McGee - J. Crowder - D. Booker - C. Payne - M. Bridges,1610612756,2021-22
202687-203901-1626164-1629013-1630688,B. Biyombo - E. Payton - D. Booker - L. Shamet - I. Wainright,1610612756,2021-22
202687-203109-1626164-1626166-1628969,B. Biyombo - J. Crowder - D. Booker - C. Payne - M. Bridges,1610612756,2021-22
101108-1626164-1628969-1629661-1630688,C. Paul - D. Booker - M. Bridges - C. Johnson - I. Wainright,1610612756,2021-22
101108-1626164-1628470-1628969-1629028,C. Paul - D. Booker - T. Craig - M. Bridges - D. Ayton,1610612756,2021-22
202687-1626164-1626166-1628470-1629013,B. Biyombo - D. Booker - C. Payne - T. Craig - L. Shamet,1610612756,2021-22
101108-202687-1626164-1628969-1629013,C. Paul - B. Biyombo - D. Booker - M. Bridges - L. Shamet,1610612756,2021-22
101108-1626164-1628969-1629028-1630188,C. Paul - D. Booker - M. Bridges - D. Ayton - J. Smith,1610612756,2021-22
1626164-1628470-1628969-1628988-1629661,D. Booker - T. Craig - M. Bridges - A. Holiday - C. Johnson,1610612756,2021-22
1626164-1628470-1628969-1629028-1629661,D. Booker - T. Craig - M. Bridges - D. Ayton - C. Johnson,1610612756,2021-22
1626163-1626164-1626166-1629013-1629661,F. Kaminsky - D. Booker - C. Payne - L. Shamet - C. Johnson,1610612756,2021-22
203109-1626164-1628470-1628969-1629028,J. Crowder - D. Booker - T. Craig - M. Bridges - D. Ayton,1610612756,2021-22
201580-1626164-1626166-1629013-1630188,J. McGee - D. Booker - C. Payne - L. Shamet - J. Smith,1610612756,2021-22
202687-1626164-1626166-1628969-1629661,B. Biyombo - D. Booker - C. Payne - M. Bridges - C. Johnson,1610612756,2021-22
202687-1626164-1626166-1628969-1629028,B. Biyombo - D. Booker - C. Payne - M. Bridges - D. Ayton,1610612756,2021-22
101108-1626164-1626166-1629661-1630188,C. Paul - D. Booker - C. Payne - C. Johnson - J. Smith,1610612756,2021-22
101108-1626164-1629013-1629661-1630188,C. Paul - D. Booker - L. Shamet - C. Johnson - J. Smith,1610612756,2021-22
101108-1626163-1626164-1628969-1629661,C. Paul - F. Kaminsky - D. Booker - M. Bridges - C. Johnson,1610612756,2021-22
203901-1626164-1628969-1630188-1630688,E. Payton - D. Booker - M. Bridges - J. Smith - I. Wainright,1610612756,2021-22
201580-1626164-1628988-1629013-1629661,J. McGee - D. Booker - A. Holiday - L. Shamet - C. Johnson,1610612756,2021-22
201580-203901-1626164-1628969-1629013,J. McGee - E. Payton - D. Booker - M. Bridges - L. Shamet,1610612756,2021-22
201580-203901-1626164-1628470-1629661,J. McGee - E. Payton - D. Booker - T. Craig - C. Johnson,1610612756,2021-22
101108-1626164-1628969-1629013-1630188,C. Paul - D. Booker - M. Bridges - L. Shamet - J. Smith,1610612756,2021-22
101108-201580-1626164-1629661-1630188,C. Paul - J. McGee - D. Booker - C. Johnson - J. Smith,1610612756,2021-22
1626164-1626166-1629013-1629661-1630188,D. Booker - C. Payne - L. Shamet - C. Johnson - J. Smith,1610612756,2021-22
1626164-1626166-1629013-1629028-1629661,D. Booker - C. Payne - L. Shamet - D. Ayton - C. Johnson,1610612756,2021-22
1626164-1626166-1628969-1629013-1630188,D. Booker - C. Payne - M. Bridges - L. Shamet - J. Smith,1610612756,2021-22
1626164-1628470-1628969-1629013-1629028,D. Booker - T. Craig - M. Bridges - L. Shamet - D. Ayton,1610612756,2021-22
203901-1626164-1628969-1629028-1629661,E. Payton - D. Booker - M. Bridges - D. Ayton - C. Johnson,1610612756,2021-22
201580-1626164-1626166-1628969-1630188,J. McGee - D. Booker - C. Payne - M. Bridges - J. Smith,1610612756,2021-22
201580-1626164-1626166-1628470-1629013,J. McGee - D. Booker - C. Payne - T. Craig - L. Shamet,1610612756,2021-22
202687-1626164-1626166-1628969-1629013,B. Biyombo - D. Booker - C. Payne - M. Bridges - L. Shamet,1610612756,2021-22
101108-202687-1626164-1629013-1629661,C. Paul - B. Biyombo - D. Booker - L. Shamet - C. Johnson,1610612756,2021-22
101108-202687-1626164-1628969-1630688,C. Paul - B. Biyombo - D. Booker - M. Bridges - I. Wainright,1610612756,2021-22
101108-1626164-1626166-1628969-1630188,C. Paul - D. Booker - C. Payne - M. Bridges - J. Smith,1610612756,2021-22
1626164-1626166-1628990-1629013-1630188,D. Booker - C. Payne - C. Hutchison - L. Shamet - J. Smith,1610612756,2021-22
1626164-1626166-1628969-1629013-1629028,D. Booker - C. Payne - M. Bridges - L. Shamet - D. Ayton,1610612756,2021-22
1626164-1626166-1628470-1629013-1629028,D. Booker - C. Payne - T. Craig - L. Shamet - D. Ayton,1610612756,2021-22
1626164-1628969-1629013-1629028-1629661,D. Booker - M. Bridges - L. Shamet - D. Ayton - C. Johnson,1610612756,2021-22
1626164-1628470-1628969-1628988-1629028,D. Booker - T. Craig - M. Bridges - A. Holiday - D. Ayton,1610612756,2021-22
201580-203901-1626164-1629661-1630688,J. McGee - E. Payton - D. Booker - C. Johnson - I. Wainright,1610612756,2021-22
201580-203109-1626164-1626166-1629013,J. McGee - J. Crowder - D. Booker - C. Payne - L. Shamet,1610612756,2021-22
202687-1626164-1626166-1629661-1630688,B. Biyombo - D. Booker - C. Payne - C. Johnson - I. Wainright,1610612756,2021-22
202687-1626164-1626166-1628382-1629661,B. Biyombo - D. Booker - C. Payne - J. Jackson - C. Johnson,1610612756,2021-22
202687-203901-1626164-1628969-1629661,B. Biyombo - E. Payton - D. Booker - M. Bridges - C. Johnson,1610612756,2021-22
101108-201580-203109-1626164-1627846,C. Paul - J. McGee - J. Crowder - D. Booker - A. Nader,1610612756,2021-22
203901-1626164-1626166-1629661-1630188,E. Payton - D. Booker - C. Payne - C. Johnson - J. Smith,1610612756,2021-22
201580-1626164-1628988-1629013-1630688,J. McGee - D. Booker - A. Holiday - L. Shamet - I. Wainright,1610612756,2021-22
201580-1626164-1628969-1628988-1629013,J. McGee - D. Booker - M. Bridges - A. Holiday - L. Shamet,1610612756,2021-22
201580-1626164-1628470-1628969-1629013,J. McGee - D. Booker - T. Craig - M. Bridges - L. Shamet,1610612756,2021-22
201580-203901-1626164-1629661-1630188,J. McGee - E. Payton - D. Booker - C. Johnson - J. Smith,1610612756,2021-22
201580-203901-1626164-1628969-1630688,J. McGee - E. Payton - D. Booker - M. Bridges - I. Wainright,1610612756,2021-22
202687-1626164-1626166-1628969-1630688,B. Biyombo - D. Booker - C. Payne - M. Bridges - I. Wainright,1610612756,2021-22
202687-1626164-1628969-1628988-1629028,B. Biyombo - D. Booker - M. Bridges - A. Holiday - D. Ayton,1610612756,2021-22
202687-203901-1626164-1628969-1630688,B. Biyombo - E. Payton - D. Booker - M. Bridges - I. Wainright,1610612756,2021-22
101108-202687-1626164-1626166-1628969,C. Paul - B. Biyombo - D. Booker - C. Payne - M. Bridges,1610612756,2021-22
101108-1626164-1628969-1629150-1629661,C. Paul - D. Booker - M. Bridges - E. Terry - C. Johnson,1610612756,2021-22
101108-1626164-1628969-1629013-1629661,C. Paul - D. Booker - M. Bridges - L. Shamet - C. Johnson,1610612756,2021-22
101108-203109-1626164-1629013-1629028,C. Paul - J. Crowder - D. Booker - L. Shamet - D. Ayton,1610612756,2021-22
101108-201580-1626164-1629013-1629661,C. Paul - J. McGee - D. Booker - L. Shamet - C. Johnson,1610612756,2021-22
1626164-1626166-1629013-1629150-1629661,D. Booker - C. Payne - L. Shamet - E. Terry - C. Johnson,1610612756,2021-22
1626164-1626166-1629013-1630188-1630688,D. Booker - C. Payne - L. Shamet - J. Smith - I. Wainright,1610612756,2021-22
203901-1626164-1629013-1630188-1630688,E. Payton - D. Booker - L. Shamet - J. Smith - I. Wainright,1610612756,2021-22
203901-1626164-1628969-1629013-1630188,E. Payton - D. Booker - M. Bridges - L. Shamet - J. Smith,1610612756,2021-22
1626163-1626164-1626166-1627846-1629661,F. Kaminsky - D. Booker - C. Payne - A. Nader - C. Johnson,1610612756,2021-22
203109-203901-1626163-1626164-1628969,J. Crowder - E. Payton - F. Kaminsky - D. Booker - M. Bridges,1610612756,2021-22
203109-1626163-1626164-1626166-1628969,J. Crowder - F. Kaminsky - D. Booker - C. Payne - M. Bridges,1610612756,2021-22
201580-1626164-1626166-1629661-1630188,J. McGee - D. Booker - C. Payne - C. Johnson - J. Smith,1610612756,2021-22
201580-1626164-1628969-1628988-1630688,J. McGee - D. Booker - M. Bridges - A. Holiday - I. Wainright,1610612756,2021-22
201580-1626164-1628470-1628988-1629661,J. McGee - D. Booker - T. Craig - A. Holiday - C. Johnson,1610612756,2021-22
201580-203901-1626164-1629013-1630688,J. McGee - E. Payton - D. Booker - L. Shamet - I. Wainright,1610612756,2021-22
201580-203901-1626164-1628969-1630188,J. McGee - E. Payton - D. Booker - M. Bridges - J. Smith,1610612756,2021-22
201580-203901-1626164-1628470-1629013,J. McGee - E. Payton - D. Booker - T. Craig - L. Shamet,1610612756,2021-22
101108-203109-1626164-1628969-1629028,C. Paul - J. Crowder - D. Booker - M. Bridges - D. Ayton,1610612756,2020-21
101108-1626164-1628969-1629028-1629661,C. Paul - D. Booker - M. Bridges - D. Ayton - C. Johnson,1610612756,2020-21
101108-1626163-1626164-1628969-1629028,C. Paul - F. Kaminsky - D. Booker - M. Bridges - D. Ayton,1610612756,2020-21
203109-1626164-1626166-1628969-1629028,J. Crowder - D. Booker - C. Payne - M. Bridges - D. Ayton,1610612756,2020-21
101108-1626164-1628470-1628969-1629028,C. Paul - D. Booker - T. Craig - M. Bridges - D. Ayton,1610612756,2020-21
101108-203109-203967-1626164-1628969,C. Paul - J. Crowder - D. Saric - D. Booker - M. Bridges,1610612756,2020-21
101108-203109-1626164-1629028-1629661,C. Paul - J. Crowder - D. Booker - D. Ayton - C. Johnson,1610612756,2020-21
1626164-1626166-1628969-1629028-1629661,D. Booker - C. Payne - M. Bridges - D. Ayton - C. Johnson,1610612756,2020-21
203967-1626164-1626166-1628470-1629661,D. Saric - D. Booker - C. Payne - T. Craig - C. Johnson,1610612756,2020-21
203109-203967-1626164-1626166-1628969,J. Crowder - D. Saric - D. Booker - C. Payne - M. Bridges,1610612756,2020-21
101108-203967-1626164-1628969-1629028,C. Paul - D. Saric - D. Booker - M. Bridges - D. Ayton,1610612756,2020-21
1626164-1626166-1628470-1628969-1629028,D. Booker - C. Payne - T. Craig - M. Bridges - D. Ayton,1610612756,2020-21
203967-1626164-1626166-1628969-1629661,D. Saric - D. Booker - C. Payne - M. Bridges - C. Johnson,1610612756,2020-21
203109-203967-1626164-1626166-1629661,J. Crowder - D. Saric - D. Booker - C. Payne - C. Johnson,1610612756,2020-21
203109-1626164-1626166-1629028-1629661,J. Crowder - D. Booker - C. Payne - D. Ayton - C. Johnson,1610612756,2020-21
203109-1626163-1626164-1626166-1628969,J. Crowder - F. Kaminsky - D. Booker - C. Payne - M. Bridges,1610612756,2020-21
1626163-1626164-1626166-1628969-1629661,F. Kaminsky - D. Booker - C. Payne - M. Bridges - C. Johnson,1610612756,2020-21
202734-1626163-1626164-1628969-1629028,E. Moore - F. Kaminsky - D. Booker - M. Bridges - D. Ayton,1610612756,2020-21
1626163-1626164-1626166-1628470-1628969,F. Kaminsky - D. Booker - C. Payne - T. Craig - M. Bridges,1610612756,2020-21
202734-1626164-1628969-1629028-1629661,E. Moore - D. Booker - M. Bridges - D. Ayton - C. Johnson,1610612756,2020-21
101108-203109-1626163-1626164-1628969,C. Paul - J. Crowder - F. Kaminsky - D. Booker - M. Bridges,1610612756,2020-21
203967-1626164-1626166-1628975-1629661,D. Saric - D. Booker - C. Payne - J. Carter - C. Johnson,1610612756,2020-21
1626164-1628470-1628969-1628975-1629028,D. Booker - T. Craig - M. Bridges - J. Carter - D. Ayton,1610612756,2020-21
203967-1626163-1626164-1626166-1629661,D. Saric - F. Kaminsky - D. Booker - C. Payne - C. Johnson,1610612756,2020-21
203109-1626163-1626164-1626166-1628975,J. Crowder - F. Kaminsky - D. Booker - C. Payne - J. Carter,1610612756,2020-21
1626164-1626166-1627846-1628969-1629028,D. Booker - C. Payne - A. Nader - M. Bridges - D. Ayton,1610612756,2020-21
203967-1626163-1626164-1626166-1627846,D. Saric - F. Kaminsky - D. Booker - C. Payne - A. Nader,1610612756,2020-21
101108-203967-1626164-1628969-1629661,C. Paul - D. Saric - D. Booker - M. Bridges - C. Johnson,1610612756,2020-21
203967-1626164-1626166-1628470-1628969,D. Saric - D. Booker - C. Payne - T. Craig - M. Bridges,1610612756,2020-21
202734-1626164-1627745-1628969-1629661,E. Moore - D. Booker - D. Jones - M. Bridges - C. Johnson,1610612756,2020-21
202734-203109-1626163-1626164-1629661,E. Moore - J. Crowder - F. Kaminsky - D. Booker - C. Johnson,1610612756,2020-21
101108-203967-1626164-1627846-1628969,C. Paul - D. Saric - D. Booker - A. Nader - M. Bridges,1610612756,2020-21
101108-203967-1626164-1626166-1629661,C. Paul - D. Saric - D. Booker - C. Payne - C. Johnson,1610612756,2020-21
1626164-1626166-1628969-1628975-1629028,D. Booker - C. Payne - M. Bridges - J. Carter - D. Ayton,1610612756,2020-21
202734-1626163-1626164-1628969-1629661,E. Moore - F. Kaminsky - D. Booker - M. Bridges - C. Johnson,1610612756,2020-21
202734-203109-203967-1626164-1629661,E. Moore - J. Crowder - D. Saric - D. Booker - C. Johnson,1610612756,2020-21
203109-1626163-1626164-1626166-1627846,J. Crowder - F. Kaminsky - D. Booker - C. Payne - A. Nader,1610612756,2020-21
101108-1626164-1627846-1628969-1629028,C. Paul - D. Booker - A. Nader - M. Bridges - D. Ayton,1610612756,2020-21
101108-1626164-1628470-1629028-1629661,C. Paul - D. Booker - T. Craig - D. Ayton - C. Johnson,1610612756,2020-21
101108-1626164-1628470-1628969-1629661,C. Paul - D. Booker - T. Craig - M. Bridges - C. Johnson,1610612756,2020-21
101108-203967-1626164-1627846-1628975,C. Paul - D. Saric - D. Booker - A. Nader - J. Carter,1610612756,2020-21
101108-203967-1626164-1629028-1629661,C. Paul - D. Saric - D. Booker - D. Ayton - C. Johnson,1610612756,2020-21
101108-203967-1626164-1628470-1629661,C. Paul - D. Saric - D. Booker - T. Craig - C. Johnson,1610612756,2020-21
101108-204038-1626163-1626164-1629661,C. Paul - L. Galloway - F. Kaminsky - D. Booker - C. Johnson,1610612756,2020-21
203967-1626164-1626166-1627846-1629661,D. Saric - D. Booker - C. Payne - A. Nader - C. Johnson,1610612756,2020-21
203967-1626164-1626166-1628969-1629028,D. Saric - D. Booker - C. Payne - M. Bridges - D. Ayton,1610612756,2020-21
203967-1626164-1626166-1628470-1628975,D. Saric - D. Booker - C. Payne - T. Craig - J. Carter,1610612756,2020-21
202734-203109-1626164-1628969-1629028,E. Moore - J. Crowder - D. Booker - M. Bridges - D. Ayton,1610612756,2020-21
1626163-1626164-1626166-1628969-1629028,F. Kaminsky - D. Booker - C. Payne - M. Bridges - D. Ayton,1610612756,2020-21
203109-1626164-1628969-1629028-1629661,J. Crowder - D. Booker - M. Bridges - D. Ayton - C. Johnson,1610612756,2020-21
203109-1626163-1626164-1626166-1629661,J. Crowder - F. Kaminsky - D. Booker - C. Payne - C. Johnson,1610612756,2020-21
203109-1626163-1626164-1626166-1629028,J. Crowder - F. Kaminsky - D. Booker - C. Payne - D. Ayton,1610612756,2020-21
203109-1626163-1626164-1626166-1628470,J. Crowder - F. Kaminsky - D. Booker - C. Payne - T. Craig,1610612756,2020-21
101108-1626164-1628969-1629661-1630188,C. Paul - D. Booker - M. Bridges - C. Johnson - J. Smith,1610612756,2020-21
101108-203967-1626164-1628470-1628969,C. Paul - D. Saric - D. Booker - T. Craig - M. Bridges,1610612756,2020-21
101108-202734-203109-203967-1626164,C. Paul - E. Moore - J. Crowder - D. Saric - D. Booker,1610612756,2020-21
101108-1626163-1626164-1628470-1628969,C. Paul - F. Kaminsky - D. Booker - T. Craig - M. Bridges,1610612756,2020-21
101108-203109-1626164-1628969-1629661,C. Paul - J. Crowder - D. Booker - M. Bridges - C. Johnson,1610612756,2020-21
101108-203109-203967-1626164-1629028,C. Paul - J. Crowder - D. Saric - D. Booker - D. Ayton,1610612756,2020-21
101108-203109-203967-204038-1626164,C. Paul - J. Crowder - D. Saric - L. Galloway - D. Booker,1610612756,2020-21
101108-204038-1626164-1628969-1629028,C. Paul - L. Galloway - D. Booker - M. Bridges - D. Ayton,1610612756,2020-21
1626164-1626166-1627745-1629661-1630188,D. Booker - C. Payne - D. Jones - C. Johnson - J. Smith,1610612756,2020-21
1626164-1626166-1627745-1628969-1629661,D. Booker - C. Payne - D. Jones - M. Bridges - C. Johnson,1610612756,2020-21
1626164-1626166-1628470-1629028-1629661,D. Booker - C. Payne - T. Craig - D. Ayton - C. Johnson,1610612756,2020-21
203967-1626163-1626164-1628975-1629661,D. Saric - F. Kaminsky - D. Booker - J. Carter - C. Johnson,1610612756,2020-21
202734-1626164-1627846-1628969-1629028,E. Moore - D. Booker - A. Nader - M. Bridges - D. Ayton,1610612756,2020-21
1626163-1626164-1626166-1628975-1629661,F. Kaminsky - D. Booker - C. Payne - J. Carter - C. Johnson,1610612756,2020-21
1626163-1626164-1626166-1628470-1629661,F. Kaminsky - D. Booker - C. Payne - T. Craig - C. Johnson,1610612756,2020-21
203109-1626164-1626166-1628975-1629028,J. Crowder - D. Booker - C. Payne - J. Carter - D. Ayton,1610612756,2020-21
203109-203967-1626164-1626166-1627846,J. Crowder - D. Saric - D. Booker - C. Payne - A. Nader,1610612756,2020-21
204038-1626163-1626164-1626166-1629661,L. Galloway - F. Kaminsky - D. Booker - C. Payne - C. Johnson,1610612756,2020-21
101108-1626164-1628975-1629028-1629661,C. Paul - D. Booker - J. Carter - D. Ayton - C. Johnson,1610612756,2020-21
101108-203967-1626164-1626166-1627846,C. Paul - D. Saric - D. Booker - C. Payne - A. Nader,1610612756,2020-21
101108-1626163-1626164-1626166-1629661,C. Paul - F. Kaminsky - D. Booker - C. Payne - C. Johnson,1610612756,2020-21
101108-1626163-1626164-1626166-1628470,C. Paul - F. Kaminsky - D. Booker - C. Payne - T. Craig,1610612756,2020-21
101108-1626163-1626164-1628470-1629661,C. Paul - F. Kaminsky - D. Booker - T. Craig - C. Johnson,1610612756,2020-21
101108-203109-1626164-1627745-1628969,C. Paul - J. Crowder - D. Booker - D. Jones - M. Bridges,1610612756,2020-21
1626164-1626166-1628470-1628969-1629661,D. Booker - C. Payne - T. Craig - M. Bridges - C. Johnson,1610612756,2020-21
1626164-1628969-1628975-1629028-1629661,D. Booker - M. Bridges - J. Carter - D. Ayton - C. Johnson,1610612756,2020-21
203967-1626164-1628969-1628975-1629661,D. Saric - D. Booker - M. Bridges - J. Carter - C. Johnson,1610612756,2020-21
203967-204038-1626164-1626166-1629661,D. Saric - L. Galloway - D. Booker - C. Payne - C. Johnson,1610612756,2020-21
203967-204038-1626163-1626164-1626166,D. Saric - L. Galloway - F. Kaminsky - D. Booker - C. Payne,1610612756,2020-21
202734-1626163-1626164-1627846-1629661,E. Moore - F. Kaminsky - D. Booker - A. Nader - C. Johnson,1610612756,2020-21
1626163-1626164-1628969-1628975-1629661,F. Kaminsky - D. Booker - M. Bridges - J. Carter - C. Johnson,1610612756,2020-21
1626163-1626164-1628969-1628975-1629028,F. Kaminsky - D. Booker - M. Bridges - J. Carter - D. Ayton,1610612756,2020-21
203109-1626164-1626166-1628969-1630188,J. Crowder - D. Booker - C. Payne - M. Bridges - J. Smith,1610612756,2020-21
203109-203967-1626164-1628969-1629661,J. Crowder - D. Saric - D. Booker - M. Bridges - C. Johnson,1610612756,2020-21
203109-204038-1626163-1626164-1626166,J. Crowder - L. Galloway - F. Kaminsky - D. Booker - C. Payne,1610612756,2020-21
204038-1626164-1626166-1627745-1629661,L. Galloway - D. Booker - C. Payne - D. Jones - C. Johnson,1610612756,2020-21
204038-1626164-1626166-1628969-1629028,L. Galloway - D. Booker - C. Payne - M. Bridges - D. Ayton,1610612756,2020-21
101108-1626164-1628969-1628975-1629028,C. Paul - D. Booker - M. Bridges - J. Carter - D. Ayton,1610612756,2020-21
101108-203109-1626164-1628470-1628969,C. Paul - J. Crowder - D. Booker - T. Craig - M. Bridges,1610612756,2020-21
101108-203109-203967-1626164-1629661,C. Paul - J. Crowder - D. Saric - D. Booker - C. Johnson,1610612756,2020-21
202734-203967-1626164-1627846-1629661,E. Moore - D. Saric - D. Booker - A. Nader - C. Johnson,1610612756,2020-21
203109-1626164-1628969-1628975-1629028,J. Crowder - D. Booker - M. Bridges - J. Carter - D. Ayton,1610612756,2020-21
203109-203967-1626164-1626166-1629028,J. Crowder - D. Saric - D. Booker - C. Payne - D. Ayton,1610612756,2020-21
204038-1626164-1627745-1628975-1629661,L. Galloway - D. Booker - D. Jones - J. Carter - C. Johnson,1610612756,2020-21
201937-203382-203967-1626162-1626164,R. Rubio - A. Baynes - D. Saric - K. Oubre Jr. - D. Booker,1610612756,2019-20
201937-1626162-1626164-1628969-1629028,R. Rubio - K. Oubre Jr. - D. Booker - M. Bridges - D. Ayton,1610612756,2019-20
201937-203967-1626162-1626163-1626164,R. Rubio - D. Saric - K. Oubre Jr. - F. Kaminsky - D. Booker,1610612756,2019-20
201937-1626164-1628969-1629028-1629661,R. Rubio - D. Booker - M. Bridges - D. Ayton - C. Johnson,1610612756,2019-20
201937-203967-1626164-1628969-1629028,R. Rubio - D. Saric - D. Booker - M. Bridges - D. Ayton,1610612756,2019-20
201937-203967-1626162-1626164-1629028,R. Rubio - D. Saric - K. Oubre Jr. - D. Booker - D. Ayton,1610612756,2019-20
201937-203382-203967-1626164-1628969,R. Rubio - A. Baynes - D. Saric - D. Booker - M. Bridges,1610612756,2019-20
1626162-1626164-1628969-1629028-1629059,K. Oubre Jr. - D. Booker - M. Bridges - D. Ayton - E. Okobo,1610612756,2019-20
201937-203382-1626162-1626164-1628969,R. Rubio - A. Baynes - K. Oubre Jr. - D. Booker - M. Bridges,1610612756,2019-20
203967-204020-1626162-1626163-1626164,D. Saric - T. Johnson - K. Oubre Jr. - F. Kaminsky - D. Booker,1610612756,2019-20
201937-203382-1626162-1626164-1629028,R. Rubio - A. Baynes - K. Oubre Jr. - D. Booker - D. Ayton,1610612756,2019-20
201937-203967-1626162-1626164-1628969,R. Rubio - D. Saric - K. Oubre Jr. - D. Booker - M. Bridges,1610612756,2019-20
201937-1626162-1626164-1627767-1628969,R. Rubio - K. Oubre Jr. - D. Booker - C. Diallo - M. Bridges,1610612756,2019-20
203382-203967-1626162-1626164-1629059,A. Baynes - D. Saric - K. Oubre Jr. - D. Booker - E. Okobo,1610612756,2019-20
203382-203967-1626162-1626164-1628975,A. Baynes - D. Saric - K. Oubre Jr. - D. Booker - J. Carter,1610612756,2019-20
201937-203382-1626164-1628969-1628975,R. Rubio - A. Baynes - D. Booker - M. Bridges - J. Carter,1610612756,2019-20
1626164-1626166-1628969-1629028-1629661,D. Booker - C. Payne - M. Bridges - D. Ayton - C. Johnson,1610612756,2019-20
203967-1626163-1626164-1628969-1628975,D. Saric - F. Kaminsky - D. Booker - M. Bridges - J. Carter,1610612756,2019-20
1626164-1627767-1628969-1629059-1629661,D. Booker - C. Diallo - M. Bridges - E. Okobo - C. Johnson,1610612756,2019-20
203967-1626162-1626163-1626164-1628975,D. Saric - K. Oubre Jr. - F. Kaminsky - D. Booker - J. Carter,1610612756,2019-20
203382-1626162-1626164-1628969-1629059,A. Baynes - K. Oubre Jr. - D. Booker - M. Bridges - E. Okobo,1610612756,2019-20
1626163-1626164-1628969-1628975-1629661,F. Kaminsky - D. Booker - M. Bridges - J. Carter - C. Johnson,1610612756,2019-20
201937-203967-1626164-1628969-1629661,R. Rubio - D. Saric - D. Booker - M. Bridges - C. Johnson,1610612756,2019-20
203382-1626164-1628969-1629059-1629661,A. Baynes - D. Booker - M. Bridges - E. Okobo - C. Johnson,1610612756,2019-20
203382-1626164-1628969-1629660-1629661,A. Baynes - D. Booker - M. Bridges - T. Jerome - C. Johnson,1610612756,2019-20
203967-1626164-1628969-1629028-1629059,D. Saric - D. Booker - M. Bridges - D. Ayton - E. Okobo,1610612756,2019-20
204020-1626162-1626163-1626164-1628969,T. Johnson - K. Oubre Jr. - F. Kaminsky - D. Booker - M. Bridges,1610612756,2019-20
201937-203382-203967-1626164-1629661,R. Rubio - A. Baynes - D. Saric - D. Booker - C. Johnson,1610612756,2019-20
201937-1626164-1628969-1628975-1629028,R. Rubio - D. Booker - M. Bridges - J. Carter - D. Ayton,1610612756,2019-20
201937-203967-1626163-1626164-1629661,R. Rubio - D. Saric - F. Kaminsky - D. Booker - C. Johnson,1610612756,2019-20
1626164-1628969-1628975-1629028-1629661,D. Booker - M. Bridges - J. Carter - D. Ayton - C. Johnson,1610612756,2019-20
203967-1626164-1626166-1628969-1629028,D. Saric - D. Booker - C. Payne - M. Bridges - D. Ayton,1610612756,2019-20
203967-1626162-1626164-1629028-1629059,D. Saric - K. Oubre Jr. - D. Booker - D. Ayton - E. Okobo,1610612756,2019-20
201937-203382-1626162-1626164-1629661,R. Rubio - A. Baynes - K. Oubre Jr. - D. Booker - C. Johnson,1610612756,2019-20
204020-1626163-1626164-1628969-1629661,T. Johnson - F. Kaminsky - D. Booker - M. Bridges - C. Johnson,1610612756,2019-20
201937-203967-1626164-1628969-1628975,R. Rubio - D. Saric - D. Booker - M. Bridges - J. Carter,1610612756,2019-20
1626164-1628969-1629028-1629059-1629661,D. Booker - M. Bridges - D. Ayton - E. Okobo - C. Johnson,1610612756,2019-20
1626162-1626164-1629028-1629059-1629661,K. Oubre Jr. - D. Booker - D. Ayton - E. Okobo - C. Johnson,1610612756,2019-20
201937-203967-1626164-1629028-1629661,R. Rubio - D. Saric - D. Booker - D. Ayton - C. Johnson,1610612756,2019-20
201937-203967-1626162-1626164-1629661,R. Rubio - D. Saric - K. Oubre Jr. - D. Booker - C. Johnson,1610612756,2019-20
1626164-1627767-1628969-1629660-1629661,D. Booker - C. Diallo - M. Bridges - T. Jerome - C. Johnson,1610612756,2019-20
203967-1626164-1627767-1629059-1629661,D. Saric - D. Booker - C. Diallo - E. Okobo - C. Johnson,1610612756,2019-20
204020-1626162-1626163-1626164-1629661,T. Johnson - K. Oubre Jr. - F. Kaminsky - D. Booker - C. Johnson,1610612756,2019-20
203382-203967-1626164-1629059-1629661,A. Baynes - D. Saric - D. Booker - E. Okobo - C. Johnson,1610612756,2019-20
203967-1626164-1626166-1628969-1628975,D. Saric - D. Booker - C. Payne - M. Bridges - J. Carter,1610612756,2019-20
203967-1626162-1626164-1628969-1629059,D. Saric - K. Oubre Jr. - D. Booker - M. Bridges - E. Okobo,1610612756,2019-20
201937-203382-1626162-1626163-1626164,R. Rubio - A. Baynes - K. Oubre Jr. - F. Kaminsky - D. Booker,1610612756,2019-20
201937-1626164-1627767-1628969-1629661,R. Rubio - D. Booker - C. Diallo - M. Bridges - C. Johnson,1610612756,2019-20
201937-1626162-1626164-1629028-1629661,R. Rubio - K. Oubre Jr. - D. Booker - D. Ayton - C. Johnson,1610612756,2019-20
1626164-1626166-1628969-1628975-1629028,D. Booker - C. Payne - M. Bridges - J. Carter - D. Ayton,1610612756,2019-20
1626164-1628969-1628975-1629028-1629059,D. Booker - M. Bridges - J. Carter - D. Ayton - E. Okobo,1610612756,2019-20
203967-1626163-1626164-1626166-1628969,D. Saric - F. Kaminsky - D. Booker - C. Payne - M. Bridges,1610612756,2019-20
203967-204020-1626162-1626164-1629661,D. Saric - T. Johnson - K. Oubre Jr. - D. Booker - C. Johnson,1610612756,2019-20
1626162-1626164-1628969-1628975-1629028,K. Oubre Jr. - D. Booker - M. Bridges - J. Carter - D. Ayton,1610612756,2019-20
203382-1626162-1626164-1629059-1629661,A. Baynes - K. Oubre Jr. - D. Booker - E. Okobo - C. Johnson,1610612756,2019-20
203967-1626164-1626166-1628975-1629661,D. Saric - D. Booker - C. Payne - J. Carter - C. Johnson,1610612756,2019-20
203967-1626162-1626164-1628969-1629660,D. Saric - K. Oubre Jr. - D. Booker - M. Bridges - T. Jerome,1610612756,2019-20
1626163-1626164-1628969-1629660-1629661,F. Kaminsky - D. Booker - M. Bridges - T. Jerome - C. Johnson,1610612756,2019-20
1626162-1626164-1627767-1628969-1629059,K. Oubre Jr. - D. Booker - C. Diallo - M. Bridges - E. Okobo,1610612756,2019-20
201937-203967-1626164-1628975-1629661,R. Rubio - D. Saric - D. Booker - J. Carter - C. Johnson,1610612756,2019-20
201937-1626162-1626163-1626164-1629661,R. Rubio - K. Oubre Jr. - F. Kaminsky - D. Booker - C. Johnson,1610612756,2019-20
203382-1626164-1628975-1629059-1629661,A. Baynes - D. Booker - J. Carter - E. Okobo - C. Johnson,1610612756,2019-20
203382-203967-204020-1626162-1626164,A. Baynes - D. Saric - T. Johnson - K. Oubre Jr. - D. Booker,1610612756,2019-20
203967-1626164-1629028-1629059-1629661,D. Saric - D. Booker - D. Ayton - E. Okobo - C. Johnson,1610612756,2019-20
203967-1626163-1626164-1626166-1629661,D. Saric - F. Kaminsky - D. Booker - C. Payne - C. Johnson,1610612756,2019-20
203967-1626163-1626164-1626166-1628975,D. Saric - F. Kaminsky - D. Booker - C. Payne - J. Carter,1610612756,2019-20
1626162-1626164-1627767-1629059-1629661,K. Oubre Jr. - D. Booker - C. Diallo - E. Okobo - C. Johnson,1610612756,2019-20
1626164-1627767-1628969-1628975-1629059,D. Booker - C. Diallo - M. Bridges - J. Carter - E. Okobo,1610612756,2019-20
203967-1626164-1626166-1628975-1629028,D. Saric - D. Booker - C. Payne - J. Carter - D. Ayton,1610612756,2019-20
1626162-1626164-1627767-1628975-1629028,K. Oubre Jr. - D. Booker - C. Diallo - J. Carter - D. Ayton,1610612756,2019-20
1626162-1626164-1628969-1629028-1629661,K. Oubre Jr. - D. Booker - M. Bridges - D. Ayton - C. Johnson,1610612756,2019-20
201937-203967-1626162-1626164-1627767,R. Rubio - D. Saric - K. Oubre Jr. - D. Booker - C. Diallo,1610612756,2019-20
201937-1626163-1626164-1628969-1629661,R. Rubio - F. Kaminsky - D. Booker - M. Bridges - C. Johnson,1610612756,2019-20
203382-203967-1626164-1628975-1629059,A. Baynes - D. Saric - D. Booker - J. Carter - E. Okobo,1610612756,2019-20
203382-203967-1626164-1628969-1629059,A. Baynes - D. Saric - D. Booker - M. Bridges - E. Okobo,1610612756,2019-20
203382-1626163-1626164-1628969-1628975,A. Baynes - F. Kaminsky - D. Booker - M. Bridges - J. Carter,1610612756,2019-20
1626164-1627767-1628975-1629028-1629059,D. Booker - C. Diallo - J. Carter - D. Ayton - E. Okobo,1610612756,2019-20
1626164-1628413-1628975-1629059-1629661,D. Booker - J. Bolden - J. Carter - E. Okobo - C. Johnson,1610612756,2019-20
203967-1626164-1627767-1628969-1628975,D. Saric - D. Booker - C. Diallo - M. Bridges - J. Carter,1610612756,2019-20
203967-1626162-1626164-1628969-1629028,D. Saric - K. Oubre Jr. - D. Booker - M. Bridges - D. Ayton,1610612756,2019-20
203967-204020-1626163-1626164-1629661,D. Saric - T. Johnson - F. Kaminsky - D. Booker - C. Johnson,1610612756,2019-20
203967-204020-1626162-1626164-1628969,D. Saric - T. Johnson - K. Oubre Jr. - D. Booker - M. Bridges,1610612756,2019-20
1626162-1626163-1626164-1628969-1629059,K. Oubre Jr. - F. Kaminsky - D. Booker - M. Bridges - E. Okobo,1610612756,2019-20
201937-203382-204020-1626162-1626164,R. Rubio - A. Baynes - T. Johnson - K. Oubre Jr. - D. Booker,1610612756,2019-20
201937-1626164-1628969-1629028-1629059,R. Rubio - D. Booker - M. Bridges - D. Ayton - E. Okobo,1610612756,2019-20
201937-1626162-1626164-1628413-1628969,R. Rubio - K. Oubre Jr. - D. Booker - J. Bolden - M. Bridges,1610612756,2019-20
203382-1626162-1626164-1628969-1629660,A. Baynes - K. Oubre Jr. - D. Booker - M. Bridges - T. Jerome,1610612756,2019-20
1626164-1627767-1628975-1629059-1629661,D. Booker - C. Diallo - J. Carter - E. Okobo - C. Johnson,1610612756,2019-20
203967-1626164-1627767-1628975-1629660,D. Saric - D. Booker - C. Diallo - J. Carter - T. Jerome,1610612756,2019-20
203967-1626164-1628969-1628975-1629660,D. Saric - D. Booker - M. Bridges - J. Carter - T. Jerome,1610612756,2019-20
1626162-1626163-1626164-1628969-1629660,K. Oubre Jr. - F. Kaminsky - D. Booker - M. Bridges - T. Jerome,1610612756,2019-20
201937-203382-204020-1626164-1629661,R. Rubio - A. Baynes - T. Johnson - D. Booker - C. Johnson,1610612756,2019-20
201937-203967-1626164-1627767-1629661,R. Rubio - D. Saric - D. Booker - C. Diallo - C. Johnson,1610612756,2019-20
201937-203967-204020-1626164-1629661,R. Rubio - D. Saric - T. Johnson - D. Booker - C. Johnson,1610612756,2019-20
201937-1626162-1626164-1627767-1629028,R. Rubio - K. Oubre Jr. - D. Booker - C. Diallo - D. Ayton,1610612756,2019-20
203382-1626164-1627767-1628975-1629059,A. Baynes - D. Booker - C. Diallo - J. Carter - E. Okobo,1610612756,2019-20
203382-1626164-1627767-1628975-1629660,A. Baynes - D. Booker - C. Diallo - J. Carter - T. Jerome,1610612756,2019-20
203382-1626164-1627767-1628969-1629059,A. Baynes - D. Booker - C. Diallo - M. Bridges - E. Okobo,1610612756,2019-20
203382-203967-204020-1626164-1629661,A. Baynes - D. Saric - T. Johnson - D. Booker - C. Johnson,1610612756,2019-20
203382-1626162-1626164-1629660-1629661,A. Baynes - K. Oubre Jr. - D. Booker - T. Jerome - C. Johnson,1610612756,2019-20
1626164-1626166-1628975-1629028-1629661,D. Booker - C. Payne - J. Carter - D. Ayton - C. Johnson,1610612756,2019-20
1626164-1628413-1628969-1629059-1629661,D. Booker - J. Bolden - M. Bridges - E. Okobo - C. Johnson,1610612756,2019-20
1626164-1628969-1628975-1629028-1629660,D. Booker - M. Bridges - J. Carter - D. Ayton - T. Jerome,1610612756,2019-20
203967-1626164-1626166-1628969-1629661,D. Saric - D. Booker - C. Payne - M. Bridges - C. Johnson,1610612756,2019-20
203967-1626163-1626164-1629059-1629661,D. Saric - F. Kaminsky - D. Booker - E. Okobo - C. Johnson,1610612756,2019-20
203967-1626162-1626164-1627767-1629059,D. Saric - K. Oubre Jr. - D. Booker - C. Diallo - E. Okobo,1610612756,2019-20
203967-1626162-1626164-1627767-1629660,D. Saric - K. Oubre Jr. - D. Booker - C. Diallo - T. Jerome,1610612756,2019-20
203967-1626162-1626164-1628975-1629028,D. Saric - K. Oubre Jr. - D. Booker - J. Carter - D. Ayton,1610612756,2019-20
203967-1626162-1626163-1626164-1629059,D. Saric - K. Oubre Jr. - F. Kaminsky - D. Booker - E. Okobo,1610612756,2019-20
203967-204020-1626164-1628975-1629660,D. Saric - T. Johnson - D. Booker - J. Carter - T. Jerome,1610612756,2019-20
203967-204020-1626163-1626164-1628975,D. Saric - T. Johnson - F. Kaminsky - D. Booker - J. Carter,1610612756,2019-20
203967-204020-1626162-1626164-1627767,D. Saric - T. Johnson - K. Oubre Jr. - D. Booker - C. Diallo,1610612756,2019-20
1626162-1626164-1627767-1628969-1628975,K. Oubre Jr. - D. Booker - C. Diallo - M. Bridges - J. Carter,1610612756,2019-20
1626162-1626164-1628969-1629028-1629660,K. Oubre Jr. - D. Booker - M. Bridges - D. Ayton - T. Jerome,1610612756,2019-20
1626162-1626163-1626164-1628975-1629661,K. Oubre Jr. - F. Kaminsky - D. Booker - J. Carter - C. Johnson,1610612756,2019-20
201937-203382-1626162-1626164-1628975,R. Rubio - A. Baynes - K. Oubre Jr. - D. Booker - J. Carter,1610612756,2019-20
201937-1626164-1628975-1629028-1629661,R. Rubio - D. Booker - J. Carter - D. Ayton - C. Johnson,1610612756,2019-20
201937-203967-1626164-1628969-1629059,R. Rubio - D. Saric - D. Booker - M. Bridges - E. Okobo,1610612756,2019-20
201937-203967-1626163-1626164-1628969,R. Rubio - D. Saric - F. Kaminsky - D. Booker - M. Bridges,1610612756,2019-20
204020-1626164-1628969-1629028-1629661,T. Johnson - D. Booker - M. Bridges - D. Ayton - C. Johnson,1610612756,2019-20
204020-1626162-1626164-1628969-1629661,T. Johnson - K. Oubre Jr. - D. Booker - M. Bridges - C. Johnson,1610612756,2019-20
204020-1626162-1626164-1628969-1629028,T. Johnson - K. Oubre Jr. - D. Booker - M. Bridges - D. Ayton,1610612756,2019-20
203382-203967-1626162-1626164-1629660,A. Baynes - D. Saric - K. Oubre Jr. - D. Booker - T. Jerome,1610612756,2019-20
203382-1626162-1626164-1628969-1629661,A. Baynes - K. Oubre Jr. - D. Booker - M. Bridges - C. Johnson,1610612756,2019-20
203382-204020-1626162-1626164-1629059,A. Baynes - T. Johnson - K. Oubre Jr. - D. Booker - E. Okobo,1610612756,2019-20
203382-204020-1626162-1626164-1628969,A. Baynes - T. Johnson - K. Oubre Jr. - D. Booker - M. Bridges,1610612756,2019-20
203382-204020-1626162-1626163-1626164,A. Baynes - T. Johnson - K. Oubre Jr. - F. Kaminsky - D. Booker,1610612756,2019-20
203967-1626164-1628969-1629059-1629661,D. Saric - D. Booker - M. Bridges - E. Okobo - C. Johnson,1610612756,2019-20
203967-1626164-1628969-1628975-1629028,D. Saric - D. Booker - M. Bridges - J. Carter - D. Ayton,1610612756,2019-20
203967-1626162-1626164-1627767-1629661,D. Saric - K. Oubre Jr. - D. Booker - C. Diallo - C. Johnson,1610612756,2019-20
1626162-1626164-1627767-1629028-1629059,K. Oubre Jr. - D. Booker - C. Diallo - D. Ayton - E. Okobo,1610612756,2019-20
1626162-1626164-1628975-1629028-1629059,K. Oubre Jr. - D. Booker - J. Carter - D. Ayton - E. Okobo,1610612756,2019-20
1626162-1626163-1626164-1629059-1629661,K. Oubre Jr. - F. Kaminsky - D. Booker - E. Okobo - C. Johnson,1610612756,2019-20
201937-1626164-1627767-1628969-1628975,R. Rubio - D. Booker - C. Diallo - M. Bridges - J. Carter,1610612756,2019-20
201937-1626164-1626166-1628975-1629028,R. Rubio - D. Booker - C. Payne - J. Carter - D. Ayton,1610612756,2019-20
201937-1626162-1626164-1628413-1629028,R. Rubio - K. Oubre Jr. - D. Booker - J. Bolden - D. Ayton,1610612756,2019-20
201937-1626162-1626164-1628969-1629661,R. Rubio - K. Oubre Jr. - D. Booker - M. Bridges - C. Johnson,1610612756,2019-20
201937-1626162-1626163-1626164-1628969,R. Rubio - K. Oubre Jr. - F. Kaminsky - D. Booker - M. Bridges,1610612756,2019-20
201937-204020-1626164-1628969-1629028,R. Rubio - T. Johnson - D. Booker - M. Bridges - D. Ayton,1610612756,2019-20
201937-204020-1626162-1626164-1629028,R. Rubio - T. Johnson - K. Oubre Jr. - D. Booker - D. Ayton,1610612756,2019-20
204020-1626162-1626164-1628975-1629028,T. Johnson - K. Oubre Jr. - D. Booker - J. Carter - D. Ayton,1610612756,2019-20
204020-1626162-1626163-1626164-1628975,T. Johnson - K. Oubre Jr. - F. Kaminsky - D. Booker - J. Carter,1610612756,2019-20
203933-1626164-1628969-1629001-1629028,T. Warren - D. Booker - M. Bridges - D. Melton - D. Ayton,1610612756,2018-19
2772-203477-203933-1626164-1629028,T. Ariza - I. Canaan - T. Warren - D. Booker - D. Ayton,1610612756,2018-19
2772-201583-203477-1626164-1629028,T. Ariza - R. Anderson - I. Canaan - D. Booker - D. Ayton,1610612756,2018-19
204020-1626162-1626164-1627733-1629028,T. Johnson - K. Oubre Jr. - D. Booker - D. Bender - D. Ayton,1610612756,2018-19
204020-1626162-1626164-1628969-1629028,T. Johnson - K. Oubre Jr. - D. Booker - M. Bridges - D. Ayton,1610612756,2018-19
2772-203933-1626164-1628969-1629028,T. Ariza - T. Warren - D. Booker - M. Bridges - D. Ayton,1610612756,2018-19
204020-1626162-1626164-1628367-1629028,T. Johnson - K. Oubre Jr. - D. Booker - J. Jackson - D. Ayton,1610612756,2018-19
1626164-1627733-1628969-1629001-1629028,D. Booker - D. Bender - M. Bridges - D. Melton - D. Ayton,1610612756,2018-19
204020-1626164-1628367-1628969-1629028,T. Johnson - D. Booker - J. Jackson - M. Bridges - D. Ayton,1610612756,2018-19
2037-203933-1626164-1628969-1629028,J. Crawford - T. Warren - D. Booker - M. Bridges - D. Ayton,1610612756,2018-19
203933-1626162-1626164-1628969-1629028,T. Warren - K. Oubre Jr. - D. Booker - M. Bridges - D. Ayton,1610612756,2018-19
203477-203933-1626164-1628969-1629028,I. Canaan - T. Warren - D. Booker - M. Bridges - D. Ayton,1610612756,2018-19
2037-1626158-1626164-1628367-1628969,J. Crawford - R. Holmes - D. Booker - J. Jackson - M. Bridges,1610612756,2018-19
1626158-1626164-1628367-1628969-1629059,R. Holmes - D. Booker - J. Jackson - M. Bridges - E. Okobo,1610612756,2018-19
2037-1626164-1628367-1628969-1629028,J. Crawford - D. Booker - J. Jackson - M. Bridges - D. Ayton,1610612756,2018-19
1626162-1626164-1628367-1628969-1629028,K. Oubre Jr. - D. Booker - J. Jackson - M. Bridges - D. Ayton,1610612756,2018-19
1626164-1628367-1628969-1629028-1629059,D. Booker - J. Jackson - M. Bridges - D. Ayton - E. Okobo,1610612756,2018-19
2037-1626158-1626162-1626164-1628969,J. Crawford - R. Holmes - K. Oubre Jr. - D. Booker - M. Bridges,1610612756,2018-19
203933-1626164-1628367-1628969-1629028,T. Warren - D. Booker - J. Jackson - M. Bridges - D. Ayton,1610612756,2018-19
2037-1626164-1627733-1628367-1628969,J. Crawford - D. Booker - D. Bender - J. Jackson - M. Bridges,1610612756,2018-19
1626164-1627733-1628367-1628969-1629059,D. Booker - D. Bender - J. Jackson - M. Bridges - E. Okobo,1610612756,2018-19
2037-2772-1626164-1628969-1629028,J. Crawford - T. Ariza - D. Booker - M. Bridges - D. Ayton,1610612756,2018-19
203933-1626164-1627733-1628969-1629001,T. Warren - D. Booker - D. Bender - M. Bridges - D. Melton,1610612756,2018-19
203933-1626164-1628367-1629001-1629028,T. Warren - D. Booker - J. Jackson - D. Melton - D. Ayton,1610612756,2018-19
1626164-1627733-1628367-1628969-1629001,D. Booker - D. Bender - J. Jackson - M. Bridges - D. Melton,1610612756,2018-19
1626162-1626164-1627733-1629001-1629028,K. Oubre Jr. - D. Booker - D. Bender - D. Melton - D. Ayton,1610612756,2018-19
1626158-1626162-1626164-1628367-1629059,R. Holmes - K. Oubre Jr. - D. Booker - J. Jackson - E. Okobo,1610612756,2018-19
2772-203477-1626164-1628969-1629028,T. Ariza - I. Canaan - D. Booker - M. Bridges - D. Ayton,1610612756,2018-19
203584-1626164-1628367-1628969-1629028,T. Daniels - D. Booker - J. Jackson - M. Bridges - D. Ayton,1610612756,2018-19
203933-1626158-1626162-1626164-1628367,T. Warren - R. Holmes - K. Oubre Jr. - D. Booker - J. Jackson,1610612756,2018-19
1626158-1626164-1627733-1628969-1629059,R. Holmes - D. Booker - D. Bender - M. Bridges - E. Okobo,1610612756,2018-19
203933-1626162-1626164-1628367-1629028,T. Warren - K. Oubre Jr. - D. Booker - J. Jackson - D. Ayton,1610612756,2018-19
2037-1626158-1626162-1626164-1628367,J. Crawford - R. Holmes - K. Oubre Jr. - D. Booker - J. Jackson,1610612756,2018-19
2037-2772-203933-1626164-1629028,J. Crawford - T. Ariza - T. Warren - D. Booker - D. Ayton,1610612756,2018-19
2037-203933-1626162-1626164-1629028,J. Crawford - T. Warren - K. Oubre Jr. - D. Booker - D. Ayton,1610612756,2018-19
2772-1626164-1628367-1628969-1629028,T. Ariza - D. Booker - J. Jackson - M. Bridges - D. Ayton,1610612756,2018-19
203933-1626162-1626164-1629001-1629028,T. Warren - K. Oubre Jr. - D. Booker - D. Melton - D. Ayton,1610612756,2018-19
203477-203933-1626158-1626164-1628367,I. Canaan - T. Warren - R. Holmes - D. Booker - J. Jackson,1610612756,2018-19
203584-1626162-1626164-1627733-1629028,T. Daniels - K. Oubre Jr. - D. Booker - D. Bender - D. Ayton,1610612756,2018-19
203933-1626158-1626164-1628367-1629059,T. Warren - R. Holmes - D. Booker - J. Jackson - E. Okobo,1610612756,2018-19
203477-203933-1626164-1628367-1629028,I. Canaan - T. Warren - D. Booker - J. Jackson - D. Ayton,1610612756,2018-19
1626162-1626164-1627733-1628367-1628969,K. Oubre Jr. - D. Booker - D. Bender - J. Jackson - M. Bridges,1610612756,2018-19
2772-203933-1626164-1628367-1629028,T. Ariza - T. Warren - D. Booker - J. Jackson - D. Ayton,1610612756,2018-19
203933-1626164-1628367-1629028-1629059,T. Warren - D. Booker - J. Jackson - D. Ayton - E. Okobo,1610612756,2018-19
203933-1626158-1626164-1628969-1629001,T. Warren - R. Holmes - D. Booker - M. Bridges - D. Melton,1610612756,2018-19
1626164-1627733-1628367-1628969-1629028,D. Booker - D. Bender - J. Jackson - M. Bridges - D. Ayton,1610612756,2018-19
1626164-1628367-1628969-1629001-1629028,D. Booker - J. Jackson - M. Bridges - D. Melton - D. Ayton,1610612756,2018-19
2037-1626162-1626164-1628969-1629028,J. Crawford - K. Oubre Jr. - D. Booker - M. Bridges - D. Ayton,1610612756,2018-19
2037-203584-1626164-1628969-1629028,J. Crawford - T. Daniels - D. Booker - M. Bridges - D. Ayton,1610612756,2018-19
1626162-1626164-1627733-1628969-1629028,K. Oubre Jr. - D. Booker - D. Bender - M. Bridges - D. Ayton,1610612756,2018-19
203477-203933-1626158-1626164-1628969,I. Canaan - T. Warren - R. Holmes - D. Booker - M. Bridges,1610612756,2018-19
2037-1626162-1626164-1627733-1628367,J. Crawford - K. Oubre Jr. - D. Booker - D. Bender - J. Jackson,1610612756,2018-19
2037-2772-203933-1626158-1626164,J. Crawford - T. Ariza - T. Warren - R. Holmes - D. Booker,1610612756,2018-19
2037-203933-1626158-1626162-1626164,J. Crawford - T. Warren - R. Holmes - K. Oubre Jr. - D. Booker,1610612756,2018-19
1626162-1626164-1628367-1629028-1629059,K. Oubre Jr. - D. Booker - J. Jackson - D. Ayton - E. Okobo,1610612756,2018-19
201583-203477-1626164-1628969-1629028,R. Anderson - I. Canaan - D. Booker - M. Bridges - D. Ayton,1610612756,2018-19
1626158-1626162-1626164-1628367-1628969,R. Holmes - K. Oubre Jr. - D. Booker - J. Jackson - M. Bridges,1610612756,2018-19
2772-203933-1626158-1626164-1628367,T. Ariza - T. Warren - R. Holmes - D. Booker - J. Jackson,1610612756,2018-19
204020-1626158-1626162-1626164-1627733,T. Johnson - R. Holmes - K. Oubre Jr. - D. Booker - D. Bender,1610612756,2018-19
203933-1626164-1628969-1629028-1629059,T. Warren - D. Booker - M. Bridges - D. Ayton - E. Okobo,1610612756,2018-19
2037-1626162-1626164-1628969-1629150,J. Crawford - K. Oubre Jr. - D. Booker - M. Bridges - E. Terry,1610612756,2018-19
2037-203584-1626158-1626164-1628969,J. Crawford - T. Daniels - R. Holmes - D. Booker - M. Bridges,1610612756,2018-19
2037-203933-1626164-1628367-1629028,J. Crawford - T. Warren - D. Booker - J. Jackson - D. Ayton,1610612756,2018-19
2772-203933-1626164-1629028-1629059,T. Ariza - T. Warren - D. Booker - D. Ayton - E. Okobo,1610612756,2018-19
2199-2772-203477-203933-1626164,T. Chandler - T. Ariza - I. Canaan - T. Warren - D. Booker,1610612756,2018-19
203584-1626164-1627733-1628367-1628969,T. Daniels - D. Booker - D. Bender - J. Jackson - M. Bridges,1610612756,2018-19
203584-1626164-1627733-1628969-1629028,T. Daniels - D. Booker - D. Bender - M. Bridges - D. Ayton,1610612756,2018-19
203584-1626158-1626164-1627733-1629001,T. Daniels - R. Holmes - D. Booker - D. Bender - D. Melton,1610612756,2018-19
203933-1626158-1626164-1628367-1629001,T. Warren - R. Holmes - D. Booker - J. Jackson - D. Melton,1610612756,2018-19
2037-203584-1626164-1627733-1628367,J. Crawford - T. Daniels - D. Booker - D. Bender - J. Jackson,1610612756,2018-19
2037-203584-1626164-1627733-1628969,J. Crawford - T. Daniels - D. Booker - D. Bender - M. Bridges,1610612756,2018-19
2037-203933-1626158-1626164-1628367,J. Crawford - T. Warren - R. Holmes - D. Booker - J. Jackson,1610612756,2018-19
203112-1626162-1626164-1628367-1628969,Q. Acy - K. Oubre Jr. - D. Booker - J. Jackson - M. Bridges,1610612756,2018-19
2772-203477-1626164-1628367-1629028,T. Ariza - I. Canaan - D. Booker - J. Jackson - D. Ayton,1610612756,2018-19
2772-203477-1626158-1626164-1628367,T. Ariza - I. Canaan - R. Holmes - D. Booker - J. Jackson,1610612756,2018-19
2772-201583-1626164-1628367-1629028,T. Ariza - R. Anderson - D. Booker - J. Jackson - D. Ayton,1610612756,2018-19
204020-1626164-1627733-1628969-1629028,T. Johnson - D. Booker - D. Bender - M. Bridges - D. Ayton,1610612756,2018-19
204020-1626158-1626164-1628367-1628969,T. Johnson - R. Holmes - D. Booker - J. Jackson - M. Bridges,1610612756,2018-19
2037-1626164-1627733-1628969-1629028,J. Crawford - D. Booker - D. Bender - M. Bridges - D. Ayton,1610612756,2018-19
2037-2199-203933-1626164-1628367,J. Crawford - T. Chandler - T. Warren - D. Booker - J. Jackson,1610612756,2018-19
2037-203933-1626158-1626164-1628969,J. Crawford - T. Warren - R. Holmes - D. Booker - M. Bridges,1610612756,2018-19
1626162-1626164-1628969-1629001-1629028,K. Oubre Jr. - D. Booker - M. Bridges - D. Melton - D. Ayton,1610612756,2018-19
1626158-1626164-1628367-1628969-1629001,R. Holmes - D. Booker - J. Jackson - M. Bridges - D. Melton,1610612756,2018-19
2772-201583-203477-1626158-1626164,T. Ariza - R. Anderson - I. Canaan - R. Holmes - D. Booker,1610612756,2018-19
2199-2772-201583-203477-1626164,T. Chandler - T. Ariza - R. Anderson - I. Canaan - D. Booker,1610612756,2018-19
203584-1626164-1628969-1629001-1629028,T. Daniels - D. Booker - M. Bridges - D. Melton - D. Ayton,1610612756,2018-19
203933-1626158-1626164-1628969-1629059,T. Warren - R. Holmes - D. Booker - M. Bridges - E. Okobo,1610612756,2018-19
2037-1626158-1626164-1627733-1628969,J. Crawford - R. Holmes - D. Booker - D. Bender - M. Bridges,1610612756,2018-19
1626162-1626164-1627733-1628367-1629059,K. Oubre Jr. - D. Booker - D. Bender - J. Jackson - E. Okobo,1610612756,2018-19
1626162-1626164-1628367-1629001-1629028,K. Oubre Jr. - D. Booker - J. Jackson - D. Melton - D. Ayton,1610612756,2018-19
1626162-1626164-1628969-1629028-1629059,K. Oubre Jr. - D. Booker - M. Bridges - D. Ayton - E. Okobo,1610612756,2018-19
1626158-1626164-1627733-1628969-1629001,R. Holmes - D. Booker - D. Bender - M. Bridges - D. Melton,1610612756,2018-19
2772-1626164-1628367-1629028-1629059,T. Ariza - D. Booker - J. Jackson - D. Ayton - E. Okobo,1610612756,2018-19
2199-2772-203933-1626164-1628367,T. Chandler - T. Ariza - T. Warren - D. Booker - J. Jackson,1610612756,2018-19
204020-1626158-1626162-1626164-1628969,T. Johnson - R. Holmes - K. Oubre Jr. - D. Booker - M. Bridges,1610612756,2018-19
203933-1626158-1626164-1628367-1628969,T. Warren - R. Holmes - D. Booker - J. Jackson - M. Bridges,1610612756,2018-19
2037-1626162-1626164-1627733-1628969,J. Crawford - K. Oubre Jr. - D. Booker - D. Bender - M. Bridges,1610612756,2018-19
2037-1626162-1626164-1628367-1629028,J. Crawford - K. Oubre Jr. - D. Booker - J. Jackson - D. Ayton,1610612756,2018-19
2037-203112-1626162-1626164-1628367,J. Crawford - Q. Acy - K. Oubre Jr. - D. Booker - J. Jackson,1610612756,2018-19
2037-203112-1626162-1626164-1628969,J. Crawford - Q. Acy - K. Oubre Jr. - D. Booker - M. Bridges,1610612756,2018-19
2037-203112-203584-1626162-1626164,J. Crawford - Q. Acy - T. Daniels - K. Oubre Jr. - D. Booker,1610612756,2018-19
2037-2772-203477-1626164-1629028,J. Crawford - T. Ariza - I. Canaan - D. Booker - D. Ayton,1610612756,2018-19
2037-203584-1626164-1628367-1629034,J. Crawford - T. Daniels - D. Booker - J. Jackson - R. Spalding,1610612756,2018-19
2037-203933-1626162-1626164-1627733,J. Crawford - T. Warren - K. Oubre Jr. - D. Booker - D. Bender,1610612756,2018-19
203112-1626162-1626164-1628969-1629059,Q. Acy - K. Oubre Jr. - D. Booker - M. Bridges - E. Okobo,1610612756,2018-19
203112-203933-1626162-1626164-1628367,Q. Acy - T. Warren - K. Oubre Jr. - D. Booker - J. Jackson,1610612756,2018-19
2772-203933-1626158-1626164-1629059,T. Ariza - T. Warren - R. Holmes - D. Booker - E. Okobo,1610612756,2018-19
203584-1626164-1628969-1629028-1629059,T. Daniels - D. Booker - M. Bridges - D. Ayton - E. Okobo,1610612756,2018-19
203584-1626158-1626164-1628367-1628969,T. Daniels - R. Holmes - D. Booker - J. Jackson - M. Bridges,1610612756,2018-19
203584-1626158-1626164-1629034-1629059,T. Daniels - R. Holmes - D. Booker - R. Spalding - E. Okobo,1610612756,2018-19
203584-204020-1626164-1628969-1629028,T. Daniels - T. Johnson - D. Booker - M. Bridges - D. Ayton,1610612756,2018-19
203584-204020-1626162-1626164-1629028,T. Daniels - T. Johnson - K. Oubre Jr. - D. Booker - D. Ayton,1610612756,2018-19
203584-203933-1626164-1628969-1629028,T. Daniels - T. Warren - D. Booker - M. Bridges - D. Ayton,1610612756,2018-19
204020-1626164-1627733-1628367-1629028,T. Johnson - D. Booker - D. Bender - J. Jackson - D. Ayton,1610612756,2018-19
203933-1626162-1626164-1629028-1629059,T. Warren - K. Oubre Jr. - D. Booker - D. Ayton - E. Okobo,1610612756,2018-19
203933-1626158-1626162-1626164-1628969,T. Warren - R. Holmes - K. Oubre Jr. - D. Booker - M. Bridges,1610612756,2018-19
1626158-1626162-1626164-1627733-1629059,R. Holmes - K. Oubre Jr. - D. Booker - D. Bender - E. Okobo,1610612756,2018-19
1626158-1626162-1626164-1628367-1628393,R. Holmes - K. Oubre Jr. - D. Booker - J. Jackson - J. Evans,1610612756,2018-19
203584-1626158-1626164-1629001-1629034,T. Daniels - R. Holmes - D. Booker - D. Melton - R. Spalding,1610612756,2018-19
2199-203933-1626164-1627737-1627755,T. Chandler - T. Warren - D. Booker - M. Chriss - T. Ulis,1610612756,2017-18
2199-203933-1626164-1627737-1628455,T. Chandler - T. Warren - D. Booker - M. Chriss - A. James,1610612756,2017-18
2199-203933-1626164-1627733-1627755,T. Chandler - T. Warren - D. Booker - D. Bender - T. Ulis,1610612756,2017-18
202328-203933-1626164-1627737-1627755,G. Monroe - T. Warren - D. Booker - M. Chriss - T. Ulis,1610612756,2017-18
203458-203901-203933-1626164-1627733,A. Len - E. Payton - T. Warren - D. Booker - D. Bender,1610612756,2017-18
203458-203933-1626164-1627737-1627755,A. Len - T. Warren - D. Booker - M. Chriss - T. Ulis,1610612756,2017-18
2199-1626164-1627733-1627755-1628367,T. Chandler - D. Booker - D. Bender - T. Ulis - J. Jackson,1610612756,2017-18
203458-203933-1626164-1627737-1628455,A. Len - T. Warren - D. Booker - M. Chriss - A. James,1610612756,2017-18
202328-203933-1626164-1627733-1627755,G. Monroe - T. Warren - D. Booker - D. Bender - T. Ulis,1610612756,2017-18
203458-1626164-1627733-1627755-1628367,A. Len - D. Booker - D. Bender - T. Ulis - J. Jackson,1610612756,2017-18
2199-203933-1626164-1627733-1628455,T. Chandler - T. Warren - D. Booker - D. Bender - A. James,1610612756,2017-18
2199-203933-1626164-1627737-1628367,T. Chandler - T. Warren - D. Booker - M. Chriss - J. Jackson,1610612756,2017-18
2199-202339-203933-1626164-1628367,T. Chandler - E. Bledsoe - T. Warren - D. Booker - J. Jackson,1610612756,2017-18
2199-203901-203933-1626164-1627733,T. Chandler - E. Payton - T. Warren - D. Booker - D. Bender,1610612756,2017-18
203458-1626164-1627733-1628367-1628455,A. Len - D. Booker - D. Bender - J. Jackson - A. James,1610612756,2017-18
2199-1626164-1627737-1627755-1628367,T. Chandler - D. Booker - M. Chriss - T. Ulis - J. Jackson,1610612756,2017-18
2199-203933-1626164-1627733-1628367,T. Chandler - T. Warren - D. Booker - D. Bender - J. Jackson,1610612756,2017-18
203901-203933-1626164-1627733-1628367,E. Payton - T. Warren - D. Booker - D. Bender - J. Jackson,1610612756,2017-18
203458-203477-203584-1626164-1627733,A. Len - I. Canaan - T. Daniels - D. Booker - D. Bender,1610612756,2017-18
203458-203933-1626164-1627733-1628455,A. Len - T. Warren - D. Booker - D. Bender - A. James,1610612756,2017-18
2199-203584-203933-1626164-1627737,T. Chandler - T. Daniels - T. Warren - D. Booker - M. Chriss,1610612756,2017-18
203458-203933-1626164-1627733-1627755,A. Len - T. Warren - D. Booker - D. Bender - T. Ulis,1610612756,2017-18
2199-203584-203933-1626164-1627733,T. Chandler - T. Daniels - T. Warren - D. Booker - D. Bender,1610612756,2017-18
203458-203901-203933-1626164-1628367,A. Len - E. Payton - T. Warren - D. Booker - J. Jackson,1610612756,2017-18
2199-201162-203933-1626164-1628367,T. Chandler - J. Dudley - T. Warren - D. Booker - J. Jackson,1610612756,2017-18
2199-203933-1626164-1627755-1628367,T. Chandler - T. Warren - D. Booker - T. Ulis - J. Jackson,1610612756,2017-18
203458-203901-1626164-1627733-1628367,A. Len - E. Payton - D. Booker - D. Bender - J. Jackson,1610612756,2017-18
203458-203584-203933-1626164-1628367,A. Len - T. Daniels - T. Warren - D. Booker - J. Jackson,1610612756,2017-18
202328-203477-1626164-1627733-1628367,G. Monroe - I. Canaan - D. Booker - D. Bender - J. Jackson,1610612756,2017-18
203458-203933-1626164-1627733-1628367,A. Len - T. Warren - D. Booker - D. Bender - J. Jackson,1610612756,2017-18
2199-201162-203933-1626164-1627755,T. Chandler - J. Dudley - T. Warren - D. Booker - T. Ulis,1610612756,2017-18
203458-1626164-1627737-1628367-1628455,A. Len - D. Booker - M. Chriss - J. Jackson - A. James,1610612756,2017-18
203458-203584-1626164-1627733-1628367,A. Len - T. Daniels - D. Booker - D. Bender - J. Jackson,1610612756,2017-18
203458-203584-203901-203933-1626164,A. Len - T. Daniels - E. Payton - T. Warren - D. Booker,1610612756,2017-18
2199-203477-203933-1626164-1627733,T. Chandler - I. Canaan - T. Warren - D. Booker - D. Bender,1610612756,2017-18
203458-203584-1626164-1627733-1627755,A. Len - T. Daniels - D. Booker - D. Bender - T. Ulis,1610612756,2017-18
203901-203933-1626164-1627733-1627737,E. Payton - T. Warren - D. Booker - D. Bender - M. Chriss,1610612756,2017-18
202328-1626164-1627733-1628367-1628455,G. Monroe - D. Booker - D. Bender - J. Jackson - A. James,1610612756,2017-18
202328-203584-203933-1626164-1627737,G. Monroe - T. Daniels - T. Warren - D. Booker - M. Chriss,1610612756,2017-18
201162-203458-203477-203584-1626164,J. Dudley - A. Len - I. Canaan - T. Daniels - D. Booker,1610612756,2017-18
2199-202328-203933-1626164-1627755,T. Chandler - G. Monroe - T. Warren - D. Booker - T. Ulis,1610612756,2017-18
203458-1626164-1627737-1627755-1628367,A. Len - D. Booker - M. Chriss - T. Ulis - J. Jackson,1610612756,2017-18
203458-203477-203933-1626164-1627733,A. Len - I. Canaan - T. Warren - D. Booker - D. Bender,1610612756,2017-18
203458-203584-1626164-1627737-1627885,A. Len - T. Daniels - D. Booker - M. Chriss - S. Harrison,1610612756,2017-18
202328-203584-203933-1626164-1627733,G. Monroe - T. Daniels - T. Warren - D. Booker - D. Bender,1610612756,2017-18
201162-1626164-1627733-1627755-1628367,J. Dudley - D. Booker - D. Bender - T. Ulis - J. Jackson,1610612756,2017-18
203458-203901-1626164-1627737-1628367,A. Len - E. Payton - D. Booker - M. Chriss - J. Jackson,1610612756,2017-18
201162-203458-203584-1626164-1628367,J. Dudley - A. Len - T. Daniels - D. Booker - J. Jackson,1610612756,2017-18
201162-203458-203584-203933-1626164,J. Dudley - A. Len - T. Daniels - T. Warren - D. Booker,1610612756,2017-18
2199-1626164-1627733-1628367-1628455,T. Chandler - D. Booker - D. Bender - J. Jackson - A. James,1610612756,2017-18
2199-1626164-1627737-1628367-1628455,T. Chandler - D. Booker - M. Chriss - J. Jackson - A. James,1610612756,2017-18
2199-203477-203584-1626164-1627733,T. Chandler - I. Canaan - T. Daniels - D. Booker - D. Bender,1610612756,2017-18
2199-201162-203933-1626164-1628455,T. Chandler - J. Dudley - T. Warren - D. Booker - A. James,1610612756,2017-18
203584-203901-203933-1626164-1628367,T. Daniels - E. Payton - T. Warren - D. Booker - J. Jackson,1610612756,2017-18
203584-203933-1626164-1627733-1628367,T. Daniels - T. Warren - D. Booker - D. Bender - J. Jackson,1610612756,2017-18
203458-203584-203901-1626164-1627733,A. Len - T. Daniels - E. Payton - D. Booker - D. Bender,1610612756,2017-18
202328-203477-203933-1626164-1627733,G. Monroe - I. Canaan - T. Warren - D. Booker - D. Bender,1610612756,2017-18
2199-203458-1626164-1628367-1628455,T. Chandler - A. Len - D. Booker - J. Jackson - A. James,1610612756,2017-18
2199-203901-1626164-1627733-1628367,T. Chandler - E. Payton - D. Booker - D. Bender - J. Jackson,1610612756,2017-18
203458-1626164-1627737-1627885-1628367,A. Len - D. Booker - M. Chriss - S. Harrison - J. Jackson,1610612756,2017-18
203458-203477-1626164-1627733-1628367,A. Len - I. Canaan - D. Booker - D. Bender - J. Jackson,1610612756,2017-18
203458-203933-1626164-1628367-1628455,A. Len - T. Warren - D. Booker - J. Jackson - A. James,1610612756,2017-18
203458-203933-1626164-1627755-1628367,A. Len - T. Warren - D. Booker - T. Ulis - J. Jackson,1610612756,2017-18
202328-1626164-1627733-1627755-1628367,G. Monroe - D. Booker - D. Bender - T. Ulis - J. Jackson,1610612756,2017-18
202328-203584-203933-1626164-1628367,G. Monroe - T. Daniels - T. Warren - D. Booker - J. Jackson,1610612756,2017-18
202328-203933-1626164-1627733-1628367,G. Monroe - T. Warren - D. Booker - D. Bender - J. Jackson,1610612756,2017-18
201162-203458-203477-1626164-1628367,J. Dudley - A. Len - I. Canaan - D. Booker - J. Jackson,1610612756,2017-18
201162-203458-203933-1626164-1628455,J. Dudley - A. Len - T. Warren - D. Booker - A. James,1610612756,2017-18
201162-203458-203933-1626164-1627755,J. Dudley - A. Len - T. Warren - D. Booker - T. Ulis,1610612756,2017-18
201162-202328-1626164-1628367-1628455,J. Dudley - G. Monroe - D. Booker - J. Jackson - A. James,1610612756,2017-18
201162-202328-203477-203933-1626164,J. Dudley - G. Monroe - I. Canaan - T. Warren - D. Booker,1610612756,2017-18
201162-203584-1626164-1627737-1628367,J. Dudley - T. Daniels - D. Booker - M. Chriss - J. Jackson,1610612756,2017-18
201162-203584-203933-1626164-1627733,J. Dudley - T. Daniels - T. Warren - D. Booker - D. Bender,1610612756,2017-18
201162-203933-1626164-1627733-1627755,J. Dudley - T. Warren - D. Booker - D. Bender - T. Ulis,1610612756,2017-18
2199-202339-1626164-1627737-1628367,T. Chandler - E. Bledsoe - D. Booker - M. Chriss - J. Jackson,1610612756,2017-18
2199-202339-203933-1626164-1627733,T. Chandler - E. Bledsoe - T. Warren - D. Booker - D. Bender,1610612756,2017-18
2199-203584-1626164-1627733-1627755,T. Chandler - T. Daniels - D. Booker - D. Bender - T. Ulis,1610612756,2017-18
2199-203584-203901-1626164-1627733,T. Chandler - T. Daniels - E. Payton - D. Booker - D. Bender,1610612756,2017-18
203584-1626164-1627733-1627737-1628455,T. Daniels - D. Booker - D. Bender - M. Chriss - A. James,1610612756,2017-18
203584-203933-1626164-1627737-1628367,T. Daniels - T. Warren - D. Booker - M. Chriss - J. Jackson,1610612756,2017-18
203933-1626164-1627733-1627755-1628367,T. Warren - D. Booker - D. Bender - T. Ulis - J. Jackson,1610612756,2017-18
203901-1626164-1627733-1628409-1628432,E. Payton - D. Booker - D. Bender - A. Peters - D. Reed,1610612756,2017-18
203901-1626164-1627733-1627737-1628367,E. Payton - D. Booker - D. Bender - M. Chriss - J. Jackson,1610612756,2017-18
202328-203933-1626164-1627733-1628455,G. Monroe - T. Warren - D. Booker - D. Bender - A. James,1610612756,2017-18
201162-203458-203584-1626164-1627863,J. Dudley - A. Len - T. Daniels - D. Booker - D. House,1610612756,2017-18
201162-1626164-1627737-1627885-1628367,J. Dudley - D. Booker - M. Chriss - S. Harrison - J. Jackson,1610612756,2017-18
201162-203584-1626164-1627733-1627755,J. Dudley - T. Daniels - D. Booker - D. Bender - T. Ulis,1610612756,2017-18
201162-203933-1626164-1627733-1628455,J. Dudley - T. Warren - D. Booker - D. Bender - A. James,1610612756,2017-18
201162-203933-1626164-1627737-1627755,J. Dudley - T. Warren - D. Booker - M. Chriss - T. Ulis,1610612756,2017-18
2199-203477-203933-1626164-1627737,T. Chandler - I. Canaan - T. Warren - D. Booker - M. Chriss,1610612756,2017-18
2199-201162-203584-203933-1626164,T. Chandler - J. Dudley - T. Daniels - T. Warren - D. Booker,1610612756,2017-18
203584-1626164-1627733-1627737-1628367,T. Daniels - D. Booker - D. Bender - M. Chriss - J. Jackson,1610612756,2017-18
203584-203901-1626164-1627733-1628367,T. Daniels - E. Payton - D. Booker - D. Bender - J. Jackson,1610612756,2017-18
203584-203933-1626164-1627733-1627737,T. Daniels - T. Warren - D. Booker - D. Bender - M. Chriss,1610612756,2017-18
203933-1626164-1627733-1627885-1628367,T. Warren - D. Booker - D. Bender - S. Harrison - J. Jackson,1610612756,2017-18
203458-203933-1626164-1627733-1627885,A. Len - T. Warren - D. Booker - D. Bender - S. Harrison,1610612756,2017-18
203901-203933-1626164-1627737-1628367,E. Payton - T. Warren - D. Booker - M. Chriss - J. Jackson,1610612756,2017-18
201162-203458-1626164-1627755-1628367,J. Dudley - A. Len - D. Booker - T. Ulis - J. Jackson,1610612756,2017-18
201162-203458-203901-1626164-1628367,J. Dudley - A. Len - E. Payton - D. Booker - J. Jackson,1610612756,2017-18
2199-203901-1626164-1627733-1628432,T. Chandler - E. Payton - D. Booker - D. Bender - D. Reed,1610612756,2017-18
2199-203584-203901-203933-1626164,T. Chandler - T. Daniels - E. Payton - T. Warren - D. Booker,1610612756,2017-18
203584-1626164-1627733-1627755-1628367,T. Daniels - D. Booker - D. Bender - T. Ulis - J. Jackson,1610612756,2017-18
203584-203933-1626164-1627733-1628409,T. Daniels - T. Warren - D. Booker - D. Bender - A. Peters,1610612756,2017-18
203933-1626164-1627733-1627737-1627755,T. Warren - D. Booker - D. Bender - M. Chriss - T. Ulis,1610612756,2017-18
2199-202339-203933-1626164-1627737,T. Chandler - E. Bledsoe - T. Warren - D. Booker - M. Chriss,1610612756,2016-17
2199-200782-202339-1626164-1627737,T. Chandler - P. Tucker - E. Bledsoe - D. Booker - M. Chriss,1610612756,2016-17
202339-203458-203933-1626164-1627737,E. Bledsoe - A. Len - T. Warren - D. Booker - M. Chriss,1610612756,2016-17
2199-200782-202339-203933-1626164,T. Chandler - P. Tucker - E. Bledsoe - T. Warren - D. Booker,1610612756,2016-17
203458-203933-1626164-1627737-1627755,A. Len - T. Warren - D. Booker - M. Chriss - T. Ulis,1610612756,2016-17
2199-201162-202339-203933-1626164,T. Chandler - J. Dudley - E. Bledsoe - T. Warren - D. Booker,1610612756,2016-17
202339-202688-203458-1626164-1627737,E. Bledsoe - B. Knight - A. Len - D. Booker - M. Chriss,1610612756,2016-17
2199-200782-202339-202688-1626164,T. Chandler - P. Tucker - E. Bledsoe - B. Knight - D. Booker,1610612756,2016-17
201162-203933-1626164-1626210-1627755,J. Dudley - T. Warren - D. Booker - A. Williams - T. Ulis,1610612756,2016-17
2199-2571-200782-202339-1626164,T. Chandler - L. Barbosa - P. Tucker - E. Bledsoe - D. Booker,1610612756,2016-17
203458-1626164-1627737-1627755-1627884,A. Len - D. Booker - M. Chriss - T. Ulis - D. Jones Jr.,1610612756,2016-17
200782-202688-203458-203933-1626164,P. Tucker - B. Knight - A. Len - T. Warren - D. Booker,1610612756,2016-17
203933-1626164-1626210-1627737-1627755,T. Warren - D. Booker - A. Williams - M. Chriss - T. Ulis,1610612756,2016-17
2199-200782-202339-203458-1626164,T. Chandler - P. Tucker - E. Bledsoe - A. Len - D. Booker,1610612756,2016-17
200782-202339-202688-203458-1626164,P. Tucker - E. Bledsoe - B. Knight - A. Len - D. Booker,1610612756,2016-17
202339-203933-1626164-1626210-1627737,E. Bledsoe - T. Warren - D. Booker - A. Williams - M. Chriss,1610612756,2016-17
201162-202339-203458-203933-1626164,J. Dudley - E. Bledsoe - A. Len - T. Warren - D. Booker,1610612756,2016-17
200782-202339-203458-1626164-1627737,P. Tucker - E. Bledsoe - A. Len - D. Booker - M. Chriss,1610612756,2016-17
200782-202339-203933-1626164-1627737,P. Tucker - E. Bledsoe - T. Warren - D. Booker - M. Chriss,1610612756,2016-17
2571-200782-202688-203458-1626164,L. Barbosa - P. Tucker - B. Knight - A. Len - D. Booker,1610612756,2016-17
2571-201162-1626164-1626210-1627755,L. Barbosa - J. Dudley - D. Booker - A. Williams - T. Ulis,1610612756,2016-17
200782-201162-202688-203458-1626164,P. Tucker - J. Dudley - B. Knight - A. Len - D. Booker,1610612756,2016-17
200782-202339-203458-203933-1626164,P. Tucker - E. Bledsoe - A. Len - T. Warren - D. Booker,1610612756,2016-17
2199-200782-201162-202339-1626164,T. Chandler - P. Tucker - J. Dudley - E. Bledsoe - D. Booker,1610612756,2016-17
202339-203933-1626164-1627737-1627884,E. Bledsoe - T. Warren - D. Booker - M. Chriss - D. Jones Jr.,1610612756,2016-17
200782-201162-202339-203458-1626164,P. Tucker - J. Dudley - E. Bledsoe - A. Len - D. Booker,1610612756,2016-17
2199-202339-202688-203933-1626164,T. Chandler - E. Bledsoe - B. Knight - T. Warren - D. Booker,1610612756,2016-17
2199-200782-202688-203933-1626164,T. Chandler - P. Tucker - B. Knight - T. Warren - D. Booker,1610612756,2016-17
2199-200782-202339-1626164-1627733,T. Chandler - P. Tucker - E. Bledsoe - D. Booker - D. Bender,1610612756,2016-17
201162-203458-1626164-1627755-1627884,J. Dudley - A. Len - D. Booker - T. Ulis - D. Jones Jr.,1610612756,2016-17
201162-202339-203933-1626164-1626210,J. Dudley - E. Bledsoe - T. Warren - D. Booker - A. Williams,1610612756,2016-17
200782-202339-203933-1626164-1626210,P. Tucker - E. Bledsoe - T. Warren - D. Booker - A. Williams,1610612756,2016-17
201162-1626164-1627737-1627755-1627884,J. Dudley - D. Booker - M. Chriss - T. Ulis - D. Jones Jr.,1610612756,2016-17
203933-1626164-1627737-1627755-1627884,T. Warren - D. Booker - M. Chriss - T. Ulis - D. Jones Jr.,1610612756,2016-17
202339-203458-203933-1626164-1627733,E. Bledsoe - A. Len - T. Warren - D. Booker - D. Bender,1610612756,2016-17
201162-1626164-1626210-1627755-1627884,J. Dudley - D. Booker - A. Williams - T. Ulis - D. Jones Jr.,1610612756,2016-17
200782-202339-203933-1626164-1627733,P. Tucker - E. Bledsoe - T. Warren - D. Booker - D. Bender,1610612756,2016-17
2199-202339-203458-203933-1626164,T. Chandler - E. Bledsoe - A. Len - T. Warren - D. Booker,1610612756,2016-17
202688-203458-203933-1626164-1627737,B. Knight - A. Len - T. Warren - D. Booker - M. Chriss,1610612756,2016-17
201162-203933-1626164-1626210-1627884,J. Dudley - T. Warren - D. Booker - A. Williams - D. Jones Jr.,1610612756,2016-17
2571-201162-202688-203458-1626164,L. Barbosa - J. Dudley - B. Knight - A. Len - D. Booker,1610612756,2016-17
200782-203458-1626164-1627733-1627755,P. Tucker - A. Len - D. Booker - D. Bender - T. Ulis,1610612756,2016-17
200782-201162-202688-203933-1626164,P. Tucker - J. Dudley - B. Knight - T. Warren - D. Booker,1610612756,2016-17
202339-203458-203933-1626164-1627884,E. Bledsoe - A. Len - T. Warren - D. Booker - D. Jones Jr.,1610612756,2016-17
202339-203933-1626164-1627737-1627755,E. Bledsoe - T. Warren - D. Booker - M. Chriss - T. Ulis,1610612756,2016-17
2571-202339-203933-1626164-1627737,L. Barbosa - E. Bledsoe - T. Warren - D. Booker - M. Chriss,1610612756,2016-17
2571-201162-202688-1626164-1627733,L. Barbosa - J. Dudley - B. Knight - D. Booker - D. Bender,1610612756,2016-17
101179-201162-203933-1626164-1626210,R. Price - J. Dudley - T. Warren - D. Booker - A. Williams,1610612756,2016-17
202339-203933-1626164-1626210-1627884,E. Bledsoe - T. Warren - D. Booker - A. Williams - D. Jones Jr.,1610612756,2016-17
201162-1626164-1626210-1627737-1627755,J. Dudley - D. Booker - A. Williams - M. Chriss - T. Ulis,1610612756,2016-17
201162-202339-202688-203458-1626164,J. Dudley - E. Bledsoe - B. Knight - A. Len - D. Booker,1610612756,2016-17
2571-202339-203458-203933-1626164,L. Barbosa - E. Bledsoe - A. Len - T. Warren - D. Booker,1610612756,2016-17
2571-201162-1626164-1626210-1627884,L. Barbosa - J. Dudley - D. Booker - A. Williams - D. Jones Jr.,1610612756,2016-17
2571-1626164-1626210-1627737-1627755,L. Barbosa - D. Booker - A. Williams - M. Chriss - T. Ulis,1610612756,2016-17
203933-1626164-1627733-1627737-1627755,T. Warren - D. Booker - D. Bender - M. Chriss - T. Ulis,1610612756,2016-17
203458-203933-1626164-1627737-1627884,A. Len - T. Warren - D. Booker - M. Chriss - D. Jones Jr.,1610612756,2016-17
202339-203933-1626164-1626210-1627755,E. Bledsoe - T. Warren - D. Booker - A. Williams - T. Ulis,1610612756,2016-17
201162-202688-203458-203933-1626164,J. Dudley - B. Knight - A. Len - T. Warren - D. Booker,1610612756,2016-17
2571-201162-202339-203458-1626164,L. Barbosa - J. Dudley - E. Bledsoe - A. Len - D. Booker,1610612756,2016-17
2571-201162-202339-1626164-1626210,L. Barbosa - J. Dudley - E. Bledsoe - D. Booker - A. Williams,1610612756,2016-17
200782-202688-203458-1626164-1627733,P. Tucker - B. Knight - A. Len - D. Booker - D. Bender,1610612756,2016-17
200782-202688-203458-1626164-1627737,P. Tucker - B. Knight - A. Len - D. Booker - M. Chriss,1610612756,2016-17
202688-203458-203933-1626164-1627733,B. Knight - A. Len - T. Warren - D. Booker - D. Bender,1610612756,2016-17
2571-201162-1626164-1627737-1627755,L. Barbosa - J. Dudley - D. Booker - M. Chriss - T. Ulis,1610612756,2016-17
200782-202339-202688-203933-1626164,P. Tucker - E. Bledsoe - B. Knight - T. Warren - D. Booker,1610612756,2016-17
2199-200782-1626164-1627737-1627755,T. Chandler - P. Tucker - D. Booker - M. Chriss - T. Ulis,1610612756,2016-17
202688-1626164-1627733-1627737-1627755,B. Knight - D. Booker - D. Bender - M. Chriss - T. Ulis,1610612756,2016-17
201162-203458-203933-1626164-1627755,J. Dudley - A. Len - T. Warren - D. Booker - T. Ulis,1610612756,2016-17
201162-202339-203933-1626164-1627737,J. Dudley - E. Bledsoe - T. Warren - D. Booker - M. Chriss,1610612756,2016-17
2571-203458-1626164-1627737-1627755,L. Barbosa - A. Len - D. Booker - M. Chriss - T. Ulis,1610612756,2016-17
2571-202339-1626164-1626210-1627737,L. Barbosa - E. Bledsoe - D. Booker - A. Williams - M. Chriss,1610612756,2016-17
2571-202339-203933-1626164-1626210,L. Barbosa - E. Bledsoe - T. Warren - D. Booker - A. Williams,1610612756,2016-17
2571-200782-202339-203458-1626164,L. Barbosa - P. Tucker - E. Bledsoe - A. Len - D. Booker,1610612756,2016-17
2571-200782-201162-202688-1626164,L. Barbosa - P. Tucker - J. Dudley - B. Knight - D. Booker,1610612756,2016-17
200782-202688-203933-1626164-1627737,P. Tucker - B. Knight - T. Warren - D. Booker - M. Chriss,1610612756,2016-17
200782-202339-203458-1626164-1627733,P. Tucker - E. Bledsoe - A. Len - D. Booker - D. Bender,1610612756,2016-17
200782-202339-202688-1626164-1627737,P. Tucker - E. Bledsoe - B. Knight - D. Booker - M. Chriss,1610612756,2016-17
200782-201162-202688-1626164-1627755,P. Tucker - J. Dudley - B. Knight - D. Booker - T. Ulis,1610612756,2016-17
200782-201162-1626164-1627737-1627755,P. Tucker - J. Dudley - D. Booker - M. Chriss - T. Ulis,1610612756,2016-17
2199-201162-202688-203933-1626164,T. Chandler - J. Dudley - B. Knight - T. Warren - D. Booker,1610612756,2016-17
2199-2571-200782-202688-1626164,T. Chandler - L. Barbosa - P. Tucker - B. Knight - D. Booker,1610612756,2016-17
2199-200782-202688-203458-1626164,T. Chandler - P. Tucker - B. Knight - A. Len - D. Booker,1610612756,2016-17
1626164-1626210-1627737-1627755-1627884,D. Booker - A. Williams - M. Chriss - T. Ulis - D. Jones Jr.,1610612756,2016-17
202339-203458-1626164-1627733-1627755,E. Bledsoe - A. Len - D. Booker - D. Bender - T. Ulis,1610612756,2016-17
202339-202688-203458-203933-1626164,E. Bledsoe - B. Knight - A. Len - T. Warren - D. Booker,1610612756,2016-17
2571-203458-1626164-1627755-1627884,L. Barbosa - A. Len - D. Booker - T. Ulis - D. Jones Jr.,1610612756,2016-17
2571-201162-1626164-1627737-1627884,L. Barbosa - J. Dudley - D. Booker - M. Chriss - D. Jones Jr.,1610612756,2016-17
2571-200782-1626164-1627733-1627755,L. Barbosa - P. Tucker - D. Booker - D. Bender - T. Ulis,1610612756,2016-17
2571-200782-202339-1626164-1627733,L. Barbosa - P. Tucker - E. Bledsoe - D. Booker - D. Bender,1610612756,2016-17
200782-201162-202688-1626164-1626210,P. Tucker - J. Dudley - B. Knight - D. Booker - A. Williams,1610612756,2016-17
200782-201162-202339-203933-1626164,P. Tucker - J. Dudley - E. Bledsoe - T. Warren - D. Booker,1610612756,2016-17
200782-203933-1626164-1627733-1627755,P. Tucker - T. Warren - D. Booker - D. Bender - T. Ulis,1610612756,2016-17
101179-201162-1626164-1626210-1627884,R. Price - J. Dudley - D. Booker - A. Williams - D. Jones Jr.,1610612756,2016-17
2199-200782-202688-1626164-1627737,T. Chandler - P. Tucker - B. Knight - D. Booker - M. Chriss,1610612756,2016-17
2199-203933-1626164-1627737-1627755,T. Chandler - T. Warren - D. Booker - M. Chriss - T. Ulis,1610612756,2016-17
203458-1626164-1627733-1627737-1627755,A. Len - D. Booker - D. Bender - M. Chriss - T. Ulis,1610612756,2016-17
201162-203458-203933-1626164-1627884,J. Dudley - A. Len - T. Warren - D. Booker - D. Jones Jr.,1610612756,2016-17
2571-201162-203458-1626164-1627755,L. Barbosa - J. Dudley - A. Len - D. Booker - T. Ulis,1610612756,2016-17
2571-200782-1626164-1626210-1627755,L. Barbosa - P. Tucker - D. Booker - A. Williams - T. Ulis,1610612756,2016-17
2571-200782-202339-203933-1626164,L. Barbosa - P. Tucker - E. Bledsoe - T. Warren - D. Booker,1610612756,2016-17
200782-202688-1626164-1626210-1627737,P. Tucker - B. Knight - D. Booker - A. Williams - M. Chriss,1610612756,2016-17
200782-202339-1626164-1627733-1627737,P. Tucker - E. Bledsoe - D. Booker - D. Bender - M. Chriss,1610612756,2016-17
101179-201162-203458-203933-1626164,R. Price - J. Dudley - A. Len - T. Warren - D. Booker,1610612756,2016-17
2199-201162-202339-202688-1626164,T. Chandler - J. Dudley - E. Bledsoe - B. Knight - D. Booker,1610612756,2016-17
2199-2571-201162-202688-1626164,T. Chandler - L. Barbosa - J. Dudley - B. Knight - D. Booker,1610612756,2016-17
2199-2571-201162-202339-1626164,T. Chandler - L. Barbosa - J. Dudley - E. Bledsoe - D. Booker,1610612756,2016-17
2199-2571-201162-203933-1626164,T. Chandler - L. Barbosa - J. Dudley - T. Warren - D. Booker,1610612756,2016-17
2199-200782-202339-1626164-1627755,T. Chandler - P. Tucker - E. Bledsoe - D. Booker - T. Ulis,1610612756,2016-17
2199-200782-201162-1626164-1627755,T. Chandler - P. Tucker - J. Dudley - D. Booker - T. Ulis,1610612756,2016-17
202688-203933-1626164-1626210-1627737,B. Knight - T. Warren - D. Booker - A. Williams - M. Chriss,1610612756,2016-17
202339-202688-203933-1626164-1627737,E. Bledsoe - B. Knight - T. Warren - D. Booker - M. Chriss,1610612756,2016-17
201162-202688-203458-1626164-1627733,J. Dudley - B. Knight - A. Len - D. Booker - D. Bender,1610612756,2016-17
201162-1626164-1626210-1627733-1627884,J. Dudley - D. Booker - A. Williams - D. Bender - D. Jones Jr.,1610612756,2016-17
201162-1626164-1627733-1627737-1627755,J. Dudley - D. Booker - D. Bender - M. Chriss - T. Ulis,1610612756,2016-17
201162-203933-1626164-1627733-1627884,J. Dudley - T. Warren - D. Booker - D. Bender - D. Jones Jr.,1610612756,2016-17
201162-203933-1626164-1627737-1627755,J. Dudley - T. Warren - D. Booker - M. Chriss - T. Ulis,1610612756,2016-17
2571-202688-203458-1626164-1627737,L. Barbosa - B. Knight - A. Len - D. Booker - M. Chriss,1610612756,2016-17
2571-202688-203458-203933-1626164,L. Barbosa - B. Knight - A. Len - T. Warren - D. Booker,1610612756,2016-17
2571-201162-203933-1626164-1626210,L. Barbosa - J. Dudley - T. Warren - D. Booker - A. Williams,1610612756,2016-17
2571-200782-203933-1626164-1627737,L. Barbosa - P. Tucker - T. Warren - D. Booker - M. Chriss,1610612756,2016-17
200782-203458-1626164-1627737-1627755,P. Tucker - A. Len - D. Booker - M. Chriss - T. Ulis,1610612756,2016-17
200782-202688-203458-1626164-1627755,P. Tucker - B. Knight - A. Len - D. Booker - T. Ulis,1610612756,2016-17
200782-201162-202688-1626164-1627737,P. Tucker - J. Dudley - B. Knight - D. Booker - M. Chriss,1610612756,2016-17
200782-201162-202339-1626164-1626210,P. Tucker - J. Dudley - E. Bledsoe - D. Booker - A. Williams,1610612756,2016-17
2199-202339-202688-1626164-1627737,T. Chandler - E. Bledsoe - B. Knight - D. Booker - M. Chriss,1610612756,2016-17
2199-200782-201162-202688-1626164,T. Chandler - P. Tucker - J. Dudley - B. Knight - D. Booker,1610612756,2016-17
201162-203458-1626164-1627733-1627755,J. Dudley - A. Len - D. Booker - D. Bender - T. Ulis,1610612756,2016-17
200782-202688-203933-1626164-1627733,P. Tucker - B. Knight - T. Warren - D. Booker - D. Bender,1610612756,2016-17
200782-201162-202339-202688-1626164,P. Tucker - J. Dudley - E. Bledsoe - B. Knight - D. Booker,1610612756,2016-17
2199-202339-1626164-1627733-1627737,T. Chandler - E. Bledsoe - D. Booker - D. Bender - M. Chriss,1610612756,2016-17
2199-101179-200782-203458-1626164,T. Chandler - R. Price - P. Tucker - A. Len - D. Booker,1610612756,2015-16
2199-200782-202688-203458-1626164,T. Chandler - P. Tucker - B. Knight - A. Len - D. Booker,1610612756,2015-16
2199-200782-202693-203462-1626164,T. Chandler - P. Tucker - M. Morris - A. Goodwin - D. Booker,1610612756,2015-16
2199-200782-203458-203462-1626164,T. Chandler - P. Tucker - A. Len - A. Goodwin - D. Booker,1610612756,2015-16
200782-202688-202720-203458-1626164,P. Tucker - B. Knight - J. Leuer - A. Len - D. Booker,1610612756,2015-16
2199-101179-200782-203141-1626164,T. Chandler - R. Price - P. Tucker - M. Teletovic - D. Booker,1610612756,2015-16
2199-200782-202688-202693-1626164,T. Chandler - P. Tucker - B. Knight - M. Morris - D. Booker,1610612756,2015-16
2199-200782-202688-203141-1626164,T. Chandler - P. Tucker - B. Knight - M. Teletovic - D. Booker,1610612756,2015-16
2199-200782-203141-203462-1626164,T. Chandler - P. Tucker - M. Teletovic - A. Goodwin - D. Booker,1610612756,2015-16
101179-200782-203141-203458-1626164,R. Price - P. Tucker - M. Teletovic - A. Len - D. Booker,1610612756,2015-16
2199-200782-202688-203933-1626164,T. Chandler - P. Tucker - B. Knight - T. Warren - D. Booker,1610612756,2015-16
200782-202688-203141-203458-1626164,P. Tucker - B. Knight - M. Teletovic - A. Len - D. Booker,1610612756,2015-16
2199-200782-202688-202720-1626164,T. Chandler - P. Tucker - B. Knight - J. Leuer - D. Booker,1610612756,2015-16
200782-203141-203458-203462-1626164,P. Tucker - M. Teletovic - A. Len - A. Goodwin - D. Booker,1610612756,2015-16
101179-203141-203458-203933-1626164,R. Price - M. Teletovic - A. Len - T. Warren - D. Booker,1610612756,2015-16
101179-200782-202720-203458-1626164,R. Price - P. Tucker - J. Leuer - A. Len - D. Booker,1610612756,2015-16
202688-202720-203141-203933-1626164,B. Knight - J. Leuer - M. Teletovic - T. Warren - D. Booker,1610612756,2015-16
200782-202688-202720-203141-1626164,P. Tucker - B. Knight - J. Leuer - M. Teletovic - D. Booker,1610612756,2015-16
2743-101179-200782-203458-1626164,K. Humphries - R. Price - P. Tucker - A. Len - D. Booker,1610612756,2015-16
101179-202720-203141-203462-1626164,R. Price - J. Leuer - M. Teletovic - A. Goodwin - D. Booker,1610612756,2015-16
101179-201978-203141-203458-1626164,R. Price - C. Budinger - M. Teletovic - A. Len - D. Booker,1610612756,2015-16
200782-202688-203141-203933-1626164,P. Tucker - B. Knight - M. Teletovic - T. Warren - D. Booker,1610612756,2015-16
101179-202720-203141-203933-1626164,R. Price - J. Leuer - M. Teletovic - T. Warren - D. Booker,1610612756,2015-16
101179-200782-202720-203141-1626164,R. Price - P. Tucker - J. Leuer - M. Teletovic - D. Booker,1610612756,2015-16
2199-200782-202720-203462-1626164,T. Chandler - P. Tucker - J. Leuer - A. Goodwin - D. Booker,1610612756,2015-16
202688-203141-203458-203933-1626164,B. Knight - M. Teletovic - A. Len - T. Warren - D. Booker,1610612756,2015-16
200782-202693-203458-203462-1626164,P. Tucker - M. Morris - A. Len - A. Goodwin - D. Booker,1610612756,2015-16
200782-202693-203141-203462-1626164,P. Tucker - M. Morris - M. Teletovic - A. Goodwin - D. Booker,1610612756,2015-16
200782-203098-203141-203458-1626164,P. Tucker - J. Jenkins - M. Teletovic - A. Len - D. Booker,1610612756,2015-16
202688-202720-203458-203933-1626164,B. Knight - J. Leuer - A. Len - T. Warren - D. Booker,1610612756,2015-16
202339-202720-203141-203933-1626164,E. Bledsoe - J. Leuer - M. Teletovic - T. Warren - D. Booker,1610612756,2015-16
202720-203141-203462-203515-1626164,J. Leuer - M. Teletovic - A. Goodwin - P. Pressey - D. Booker,1610612756,2015-16
101179-203141-203458-203462-1626164,R. Price - M. Teletovic - A. Len - A. Goodwin - D. Booker,1610612756,2015-16
203098-203141-203458-203462-1626164,J. Jenkins - M. Teletovic - A. Len - A. Goodwin - D. Booker,1610612756,2015-16
2199-2743-101179-200782-1626164,T. Chandler - K. Humphries - R. Price - P. Tucker - D. Booker,1610612756,2015-16
2199-101179-203141-203458-1626164,T. Chandler - R. Price - M. Teletovic - A. Len - D. Booker,1610612756,2015-16
202693-203141-203462-203933-1626164,M. Morris - M. Teletovic - A. Goodwin - T. Warren - D. Booker,1610612756,2015-16
200782-202688-202720-203933-1626164,P. Tucker - B. Knight - J. Leuer - T. Warren - D. Booker,1610612756,2015-16
101179-202339-203141-203458-1626164,R. Price - E. Bledsoe - M. Teletovic - A. Len - D. Booker,1610612756,2015-16
2199-203458-203462-203933-1626164,T. Chandler - A. Len - A. Goodwin - T. Warren - D. Booker,1610612756,2015-16
202720-203098-203141-203462-1626164,J. Leuer - J. Jenkins - M. Teletovic - A. Goodwin - D. Booker,1610612756,2015-16
101179-201978-202720-203141-1626164,R. Price - C. Budinger - J. Leuer - M. Teletovic - D. Booker,1610612756,2015-16
201603-203458-203462-203933-1626164,S. Weems - A. Len - A. Goodwin - T. Warren - D. Booker,1610612756,2015-16
201603-203141-203458-203895-1626164,S. Weems - M. Teletovic - A. Len - J. McRae - D. Booker,1610612756,2015-16
202339-202688-202720-203933-1626164,E. Bledsoe - B. Knight - J. Leuer - T. Warren - D. Booker,1610612756,2015-16
202339-202693-203141-203933-1626164,E. Bledsoe - M. Morris - M. Teletovic - T. Warren - D. Booker,1610612756,2015-16
203141-203458-203462-203933-1626164,M. Teletovic - A. Len - A. Goodwin - T. Warren - D. Booker,1610612756,2015-16
200782-202339-202688-203458-1626164,P. Tucker - E. Bledsoe - B. Knight - A. Len - D. Booker,1610612756,2015-16
101179-202688-202720-203141-1626164,R. Price - B. Knight - J. Leuer - M. Teletovic - D. Booker,1610612756,2015-16
101179-202688-203141-203458-1626164,R. Price - B. Knight - M. Teletovic - A. Len - D. Booker,1610612756,2015-16
201603-202693-203458-203462-1626164,S. Weems - M. Morris - A. Len - A. Goodwin - D. Booker,1610612756,2015-16
2199-202339-202720-203933-1626164,T. Chandler - E. Bledsoe - J. Leuer - T. Warren - D. Booker,1610612756,2015-16
2199-200782-202693-203111-1626164,T. Chandler - P. Tucker - M. Morris - O. Johnson - D. Booker,1610612756,2015-16
2199-200782-202693-203933-1626164,T. Chandler - P. Tucker - M. Morris - T. Warren - D. Booker,1610612756,2015-16
202339-202693-203458-203933-1626164,E. Bledsoe - M. Morris - A. Len - T. Warren - D. Booker,1610612756,2015-16
202339-203141-203458-203933-1626164,E. Bledsoe - M. Teletovic - A. Len - T. Warren - D. Booker,1610612756,2015-16
2743-200782-203141-203462-1626164,K. Humphries - P. Tucker - M. Teletovic - A. Goodwin - D. Booker,1610612756,2015-16
202693-203458-203462-203933-1626164,M. Morris - A. Len - A. Goodwin - T. Warren - D. Booker,1610612756,2015-16
202693-203141-203485-203933-1626164,M. Morris - M. Teletovic - L. Brown - T. Warren - D. Booker,1610612756,2015-16
200782-202688-203458-203933-1626164,P. Tucker - B. Knight - A. Len - T. Warren - D. Booker,1610612756,2015-16
200782-202688-203098-203458-1626164,P. Tucker - B. Knight - J. Jenkins - A. Len - D. Booker,1610612756,2015-16
200782-202720-203098-203458-1626164,P. Tucker - J. Leuer - J. Jenkins - A. Len - D. Booker,1610612756,2015-16
101179-202688-203141-203933-1626164,R. Price - B. Knight - M. Teletovic - T. Warren - D. Booker,1610612756,2015-16
101179-202693-203458-203933-1626164,R. Price - M. Morris - A. Len - T. Warren - D. Booker,1610612756,2015-16
101179-202693-203141-203933-1626164,R. Price - M. Morris - M. Teletovic - T. Warren - D. Booker,1610612756,2015-16
2199-200782-202688-203462-1626164,T. Chandler - P. Tucker - B. Knight - A. Goodwin - D. Booker,1610612756,2015-16
2199-200782-202693-203895-1626164,T. Chandler - P. Tucker - M. Morris - J. McRae - D. Booker,1610612756,2015-16
2199-200782-201603-203458-1626164,T. Chandler - P. Tucker - S. Weems - A. Len - D. Booker,1610612756,2015-16
201978-202688-203141-203458-1626164,C. Budinger - B. Knight - M. Teletovic - A. Len - D. Booker,1610612756,2015-16
202339-202688-202720-203141-1626164,E. Bledsoe - B. Knight - J. Leuer - M. Teletovic - D. Booker,1610612756,2015-16
200782-202720-203141-203458-1626164,P. Tucker - J. Leuer - M. Teletovic - A. Len - D. Booker,1610612756,2015-16
200782-202693-203458-203895-1626164,P. Tucker - M. Morris - A. Len - J. McRae - D. Booker,1610612756,2015-16
200782-203111-203141-203458-1626164,P. Tucker - O. Johnson - M. Teletovic - A. Len - D. Booker,1610612756,2015-16
101179-201978-203458-203462-1626164,R. Price - C. Budinger - A. Len - A. Goodwin - D. Booker,1610612756,2015-16
201603-203141-203462-203955-1626164,S. Weems - M. Teletovic - A. Goodwin - B. Cotton - D. Booker,1610612756,2015-16
201603-203141-203458-203462-1626164,S. Weems - M. Teletovic - A. Len - A. Goodwin - D. Booker,1610612756,2015-16
2199-201603-203462-203928-1626164,T. Chandler - S. Weems - A. Goodwin - C. Jefferson - D. Booker,1610612756,2015-16
2199-201603-202688-203141-1626164,T. Chandler - S. Weems - B. Knight - M. Teletovic - D. Booker,1610612756,2015-16
202688-203141-203928-203933-1626164,B. Knight - M. Teletovic - C. Jefferson - T. Warren - D. Booker,1610612756,2015-16
202339-202688-202720-203462-1626164,E. Bledsoe - B. Knight - J. Leuer - A. Goodwin - D. Booker,1610612756,2015-16
202339-202688-203141-203933-1626164,E. Bledsoe - B. Knight - M. Teletovic - T. Warren - D. Booker,1610612756,2015-16
2743-101179-203141-203895-1626164,K. Humphries - R. Price - M. Teletovic - J. McRae - D. Booker,1610612756,2015-16
203141-203458-203462-1626164-1626210,M. Teletovic - A. Len - A. Goodwin - D. Booker - A. Williams,1610612756,2015-16
203141-203458-203462-203515-1626164,M. Teletovic - A. Len - A. Goodwin - P. Pressey - D. Booker,1610612756,2015-16
203111-203141-203458-203895-1626164,O. Johnson - M. Teletovic - A. Len - J. McRae - D. Booker,1610612756,2015-16
200782-202688-203141-203462-1626164,P. Tucker - B. Knight - M. Teletovic - A. Goodwin - D. Booker,1610612756,2015-16
200782-202339-202693-202720-1626164,P. Tucker - E. Bledsoe - M. Morris - J. Leuer - D. Booker,1610612756,2015-16
200782-202693-203458-203485-1626164,P. Tucker - M. Morris - A. Len - L. Brown - D. Booker,1610612756,2015-16
200782-203141-203462-1626164-1626210,P. Tucker - M. Teletovic - A. Goodwin - D. Booker - A. Williams,1610612756,2015-16
200782-203141-203462-203933-1626164,P. Tucker - M. Teletovic - A. Goodwin - T. Warren - D. Booker,1610612756,2015-16
200782-203141-203458-203955-1626164,P. Tucker - M. Teletovic - A. Len - B. Cotton - D. Booker,1610612756,2015-16
200782-201603-203141-203458-1626164,P. Tucker - S. Weems - M. Teletovic - A. Len - D. Booker,1610612756,2015-16
101179-202688-202693-203933-1626164,R. Price - B. Knight - M. Morris - T. Warren - D. Booker,1610612756,2015-16
101179-201978-202720-203458-1626164,R. Price - C. Budinger - J. Leuer - A. Len - D. Booker,1610612756,2015-16
101179-202720-203458-203933-1626164,R. Price - J. Leuer - A. Len - T. Warren - D. Booker,1610612756,2015-16
101179-201603-203141-203462-1626164,R. Price - S. Weems - M. Teletovic - A. Goodwin - D. Booker,1610612756,2015-16
201603-203141-203462-203928-1626164,S. Weems - M. Teletovic - A. Goodwin - C. Jefferson - D. Booker,1610612756,2015-16
2199-203462-203928-203933-1626164,T. Chandler - A. Goodwin - C. Jefferson - T. Warren - D. Booker,1610612756,2015-16
2199-200782-203458-203515-1626164,T. Chandler - P. Tucker - A. Len - P. Pressey - D. Booker,1610612756,2015-16
2199-200782-203141-203458-1626164,T. Chandler - P. Tucker - M. Teletovic - A. Len - D. Booker,1610612756,2015-16
2199-101179-202339-203141-1626164,T. Chandler - R. Price - E. Bledsoe - M. Teletovic - D. Booker,1610612756,2015-16
2199-101179-202720-203933-1626164,T. Chandler - R. Price - J. Leuer - T. Warren - D. Booker,1610612756,2015-16
2199-101179-203141-203462-1626164,T. Chandler - R. Price - M. Teletovic - A. Goodwin - D. Booker,1610612756,2015-16
2199-201603-202693-203933-1626164,T. Chandler - S. Weems - M. Morris - T. Warren - D. Booker,1610612756,2015-16
2743-202720-203462-203515-1626164,K. Humphries - J. Leuer - A. Goodwin - P. Pressey - D. Booker,1610612756,2015-16
200782-202688-203458-203462-1626164,P. Tucker - B. Knight - A. Len - A. Goodwin - D. Booker,1610612756,2015-16
200782-201978-202688-203141-1626164,P. Tucker - C. Budinger - B. Knight - M. Teletovic - D. Booker,1610612756,2015-16
200782-202339-202720-203458-1626164,P. Tucker - E. Bledsoe - J. Leuer - A. Len - D. Booker,1610612756,2015-16
200782-202339-202720-203141-1626164,P. Tucker - E. Bledsoe - J. Leuer - M. Teletovic - D. Booker,1610612756,2015-16
200782-202339-203141-203933-1626164,P. Tucker - E. Bledsoe - M. Teletovic - T. Warren - D. Booker,1610612756,2015-16
200782-202720-203141-203462-1626164,P. Tucker - J. Leuer - M. Teletovic - A. Goodwin - D. Booker,1610612756,2015-16
200782-202693-203458-203933-1626164,P. Tucker - M. Morris - A. Len - T. Warren - D. Booker,1610612756,2015-16
200782-201603-203458-203933-1626164,P. Tucker - S. Weems - A. Len - T. Warren - D. Booker,1610612756,2015-16
200782-201603-202688-202720-1626164,P. Tucker - S. Weems - B. Knight - J. Leuer - D. Booker,1610612756,2015-16
101179-200782-202688-203458-1626164,R. Price - P. Tucker - B. Knight - A. Len - D. Booker,1610612756,2015-16
101179-200782-201978-203141-1626164,R. Price - P. Tucker - C. Budinger - M. Teletovic - D. Booker,1610612756,2015-16
2199-202688-202720-203933-1626164,T. Chandler - B. Knight - J. Leuer - T. Warren - D. Booker,1610612756,2015-16
2199-202688-203141-203933-1626164,T. Chandler - B. Knight - M. Teletovic - T. Warren - D. Booker,1610612756,2015-16
2199-200782-201603-202693-1626164,T. Chandler - P. Tucker - S. Weems - M. Morris - D. Booker,1610612756,2015-16
2199-101179-203098-203462-1626164,T. Chandler - R. Price - J. Jenkins - A. Goodwin - D. Booker,1610612756,2015-16
2199-101179-200782-202688-1626164,T. Chandler - R. Price - P. Tucker - B. Knight - D. Booker,1610612756,2015-16
2199-201603-203458-203462-1626164,T. Chandler - S. Weems - A. Len - A. Goodwin - D. Booker,1610612756,2015-16
201142-202681-1626220-1627732-1629651,K. Durant - K. Irving - R. O'Neale - B. Simmons - N. Claxton,1610612751,2022-23
201142-202681-203925-1626220-1629651,K. Durant - K. Irving - J. Harris - R. O'Neale - N. Claxton,1610612751,2022-23
201142-203925-1626220-1628410-1629651,K. Durant - J. Harris - R. O'Neale - E. Sumner - N. Claxton,1610612751,2022-23
201142-202681-203925-1626220-1627732,K. Durant - K. Irving - J. Harris - R. O'Neale - B. Simmons,1610612751,2022-23
201142-202681-203552-1626220-1627732,K. Durant - K. Irving - S. Curry - R. O'Neale - B. Simmons,1610612751,2022-23
201142-203552-203925-1626220-1627732,K. Durant - S. Curry - J. Harris - R. O'Neale - B. Simmons,1610612751,2022-23
201142-202681-203552-1626220-1629651,K. Durant - K. Irving - S. Curry - R. O'Neale - N. Claxton,1610612751,2022-23
201142-202681-1626220-1629139-1629651,K. Durant - K. Irving - R. O'Neale - Y. Watanabe - N. Claxton,1610612751,2022-23
201142-202681-203552-203925-1626220,K. Durant - K. Irving - S. Curry - J. Harris - R. O'Neale,1610612751,2022-23
201142-202681-203933-1626220-1629651,K. Durant - K. Irving - T. Warren - R. O'Neale - N. Claxton,1610612751,2022-23
201142-203925-1626220-1629651-1630560,K. Durant - J. Harris - R. O'Neale - N. Claxton - C. Thomas,1610612751,2022-23
201142-201988-202681-1626220-1629651,K. Durant - P. Mills - K. Irving - R. O'Neale - N. Claxton,1610612751,2022-23
201142-203552-1626220-1628410-1629651,K. Durant - S. Curry - R. O'Neale - E. Sumner - N. Claxton,1610612751,2022-23
201142-203552-1626220-1629651-1630560,K. Durant - S. Curry - R. O'Neale - N. Claxton - C. Thomas,1610612751,2022-23
201142-202681-1626220-1627732-1629139,K. Durant - K. Irving - R. O'Neale - B. Simmons - Y. Watanabe,1610612751,2022-23
201142-202681-203925-1627732-1629651,K. Durant - K. Irving - J. Harris - B. Simmons - N. Claxton,1610612751,2022-23
201142-202681-1626220-1629651-1630560,K. Durant - K. Irving - R. O'Neale - N. Claxton - C. Thomas,1610612751,2022-23
201142-202681-203552-1627732-1629651,K. Durant - K. Irving - S. Curry - B. Simmons - N. Claxton,1610612751,2022-23
201142-203552-203925-1627732-1629139,K. Durant - S. Curry - J. Harris - B. Simmons - Y. Watanabe,1610612751,2022-23
201142-203925-1626220-1627732-1629651,K. Durant - J. Harris - R. O'Neale - B. Simmons - N. Claxton,1610612751,2022-23
201142-202681-203933-1626220-1627732,K. Durant - K. Irving - T. Warren - R. O'Neale - B. Simmons,1610612751,2022-23
201142-1626220-1628410-1629651-1630560,K. Durant - R. O'Neale - E. Sumner - N. Claxton - C. Thomas,1610612751,2022-23
201142-203552-1626220-1627732-1630560,K. Durant - S. Curry - R. O'Neale - B. Simmons - C. Thomas,1610612751,2022-23
201142-202681-203925-1626220-1629139,K. Durant - K. Irving - J. Harris - R. O'Neale - Y. Watanabe,1610612751,2022-23
201142-203552-1627732-1629139-1630560,K. Durant - S. Curry - B. Simmons - Y. Watanabe - C. Thomas,1610612751,2022-23
201142-203552-203925-1626220-1629651,K. Durant - S. Curry - J. Harris - R. O'Neale - N. Claxton,1610612751,2022-23
201142-203552-203933-1628410-1629139,K. Durant - S. Curry - T. Warren - E. Sumner - Y. Watanabe,1610612751,2022-23
201142-203925-1628410-1629139-1629651,K. Durant - J. Harris - E. Sumner - Y. Watanabe - N. Claxton,1610612751,2022-23
201142-202681-203933-1627732-1629651,K. Durant - K. Irving - T. Warren - B. Simmons - N. Claxton,1610612751,2022-23
201142-202693-203552-203933-1628410,K. Durant - M. Morris - S. Curry - T. Warren - E. Sumner,1610612751,2022-23
201142-203552-1626220-1627732-1629139,K. Durant - S. Curry - R. O'Neale - B. Simmons - Y. Watanabe,1610612751,2022-23
201142-203552-203933-1629139-1629651,K. Durant - S. Curry - T. Warren - Y. Watanabe - N. Claxton,1610612751,2022-23
201142-203933-1628410-1629139-1629651,K. Durant - T. Warren - E. Sumner - Y. Watanabe - N. Claxton,1610612751,2022-23
201142-203925-1626220-1629139-1629651,K. Durant - J. Harris - R. O'Neale - Y. Watanabe - N. Claxton,1610612751,2022-23
201142-202681-203925-1629139-1629651,K. Durant - K. Irving - J. Harris - Y. Watanabe - N. Claxton,1610612751,2022-23
201142-202681-1626220-1627732-1630561,K. Durant - K. Irving - R. O'Neale - B. Simmons - D. Duke Jr.,1610612751,2022-23
201142-202693-203925-1626220-1628410,K. Durant - M. Morris - J. Harris - R. O'Neale - E. Sumner,1610612751,2022-23
201142-202693-1626220-1629139-1630560,K. Durant - M. Morris - R. O'Neale - Y. Watanabe - C. Thomas,1610612751,2022-23
201142-202693-203552-1626220-1629139,K. Durant - M. Morris - S. Curry - R. O'Neale - Y. Watanabe,1610612751,2022-23
201142-203925-1626220-1627732-1630549,K. Durant - J. Harris - R. O'Neale - B. Simmons - D. Sharpe,1610612751,2022-23
201142-203925-1626220-1629139-1630560,K. Durant - J. Harris - R. O'Neale - Y. Watanabe - C. Thomas,1610612751,2022-23
201142-202681-202693-203925-1627732,K. Durant - K. Irving - M. Morris - J. Harris - B. Simmons,1610612751,2022-23
201142-202681-202693-1626220-1629651,K. Durant - K. Irving - M. Morris - R. O'Neale - N. Claxton,1610612751,2022-23
201142-202681-202693-203552-1626220,K. Durant - K. Irving - M. Morris - S. Curry - R. O'Neale,1610612751,2022-23
201142-202681-1626220-1627732-1630549,K. Durant - K. Irving - R. O'Neale - B. Simmons - D. Sharpe,1610612751,2022-23
201142-202693-1628410-1629651-1630560,K. Durant - M. Morris - E. Sumner - N. Claxton - C. Thomas,1610612751,2022-23
201142-202693-1626220-1628410-1630560,K. Durant - M. Morris - R. O'Neale - E. Sumner - C. Thomas,1610612751,2022-23
201142-201988-203925-1626220-1629139,K. Durant - P. Mills - J. Harris - R. O'Neale - Y. Watanabe,1610612751,2022-23
201142-1626220-1627732-1628410-1629139,K. Durant - R. O'Neale - B. Simmons - E. Sumner - Y. Watanabe,1610612751,2022-23
201142-203552-203933-1626220-1629139,K. Durant - S. Curry - T. Warren - R. O'Neale - Y. Watanabe,1610612751,2022-23
201142-203925-1628410-1629651-1630560,K. Durant - J. Harris - E. Sumner - N. Claxton - C. Thomas,1610612751,2022-23
201142-203925-1628410-1629651-1630561,K. Durant - J. Harris - E. Sumner - N. Claxton - D. Duke Jr.,1610612751,2022-23
201142-202681-203925-1626220-1630560,K. Durant - K. Irving - J. Harris - R. O'Neale - C. Thomas,1610612751,2022-23
201142-202681-1626220-1628410-1629651,K. Durant - K. Irving - R. O'Neale - E. Sumner - N. Claxton,1610612751,2022-23
201142-202681-203933-1629139-1629651,K. Durant - K. Irving - T. Warren - Y. Watanabe - N. Claxton,1610612751,2022-23
201142-202693-203925-1628410-1630560,K. Durant - M. Morris - J. Harris - E. Sumner - C. Thomas,1610612751,2022-23
201142-202693-1626220-1629651-1630560,K. Durant - M. Morris - R. O'Neale - N. Claxton - C. Thomas,1610612751,2022-23
201142-201988-203925-1627732-1629651,K. Durant - P. Mills - J. Harris - B. Simmons - N. Claxton,1610612751,2022-23
201142-203552-203925-203933-1629651,K. Durant - S. Curry - J. Harris - T. Warren - N. Claxton,1610612751,2022-23
201142-203552-203933-1626220-1628410,K. Durant - S. Curry - T. Warren - R. O'Neale - E. Sumner,1610612751,2022-23
201142-203933-1627732-1629139-1630560,K. Durant - T. Warren - B. Simmons - Y. Watanabe - C. Thomas,1610612751,2022-23
201142-203925-1629651-1630560-1630561,K. Durant - J. Harris - N. Claxton - C. Thomas - D. Duke Jr.,1610612751,2022-23
201142-203925-1626220-1627732-1628410,K. Durant - J. Harris - R. O'Neale - B. Simmons - E. Sumner,1610612751,2022-23
201142-203925-1626220-1627732-1629139,K. Durant - J. Harris - R. O'Neale - B. Simmons - Y. Watanabe,1610612751,2022-23
201142-202681-203925-1626220-1630549,K. Durant - K. Irving - J. Harris - R. O'Neale - D. Sharpe,1610612751,2022-23
201142-202681-202693-203552-1627732,K. Durant - K. Irving - M. Morris - S. Curry - B. Simmons,1610612751,2022-23
201142-202681-203552-1626220-1628410,K. Durant - K. Irving - S. Curry - R. O'Neale - E. Sumner,1610612751,2022-23
201142-202681-203552-203933-1628410,K. Durant - K. Irving - S. Curry - T. Warren - E. Sumner,1610612751,2022-23
201142-202693-203933-1628410-1629139,K. Durant - M. Morris - T. Warren - E. Sumner - Y. Watanabe,1610612751,2022-23
201142-201988-203925-1626220-1630549,K. Durant - P. Mills - J. Harris - R. O'Neale - D. Sharpe,1610612751,2022-23
201142-201988-202681-1626220-1627732,K. Durant - P. Mills - K. Irving - R. O'Neale - B. Simmons,1610612751,2022-23
201142-201988-1626220-1628410-1629651,K. Durant - P. Mills - R. O'Neale - E. Sumner - N. Claxton,1610612751,2022-23
201142-201988-1629139-1629651-1630560,K. Durant - P. Mills - Y. Watanabe - N. Claxton - C. Thomas,1610612751,2022-23
201142-203552-203925-1628410-1629651,K. Durant - S. Curry - J. Harris - E. Sumner - N. Claxton,1610612751,2022-23
201142-203552-203925-1629139-1630560,K. Durant - S. Curry - J. Harris - Y. Watanabe - C. Thomas,1610612751,2022-23
201142-203552-1626220-1627732-1630561,K. Durant - S. Curry - R. O'Neale - B. Simmons - D. Duke Jr.,1610612751,2022-23
201142-203552-203933-1627732-1629139,K. Durant - S. Curry - T. Warren - B. Simmons - Y. Watanabe,1610612751,2022-23
201142-203933-1626220-1627732-1628410,K. Durant - T. Warren - R. O'Neale - B. Simmons - E. Sumner,1610612751,2022-23
201142-203933-1626220-1628410-1629139,K. Durant - T. Warren - R. O'Neale - E. Sumner - Y. Watanabe,1610612751,2022-23
201142-201566-201586-203460-203500,K. Durant - R. Westbrook - S. Ibaka - A. Roberson - S. Adams,1610612760,2015-16
201142-201566-201586-203079-203500,K. Durant - R. Westbrook - S. Ibaka - D. Waiters - S. Adams,1610612760,2015-16
201142-201566-201586-202683-203079,K. Durant - R. Westbrook - S. Ibaka - E. Kanter - D. Waiters,1610612760,2015-16
200751-201142-202683-202713-203079,R. Foye - K. Durant - E. Kanter - K. Singler - D. Waiters,1610612760,2015-16
201142-201566-201586-202683-203460,K. Durant - R. Westbrook - S. Ibaka - E. Kanter - A. Roberson,1610612760,2015-16
201142-201566-201586-201627-203500,K. Durant - R. Westbrook - S. Ibaka - A. Morrow - S. Adams,1610612760,2015-16
201142-201566-201586-203079-203460,K. Durant - R. Westbrook - S. Ibaka - D. Waiters - A. Roberson,1610612760,2015-16
200751-201142-202683-203079-1626166,R. Foye - K. Durant - E. Kanter - D. Waiters - C. Payne,1610612760,2015-16
2555-201142-201571-202683-203079,N. Collison - K. Durant - D. Augustin - E. Kanter - D. Waiters,1610612760,2015-16
201142-201566-201586-201627-203079,K. Durant - R. Westbrook - S. Ibaka - A. Morrow - D. Waiters,1610612760,2015-16
200751-201142-201566-201586-203500,R. Foye - K. Durant - R. Westbrook - S. Ibaka - S. Adams,1610612760,2015-16
201142-201566-201586-202713-203079,K. Durant - R. Westbrook - S. Ibaka - K. Singler - D. Waiters,1610612760,2015-16
2555-201142-201566-202683-203079,N. Collison - K. Durant - R. Westbrook - E. Kanter - D. Waiters,1610612760,2015-16
201142-201566-202683-202713-203079,K. Durant - R. Westbrook - E. Kanter - K. Singler - D. Waiters,1610612760,2015-16
201142-201566-201586-201627-202683,K. Durant - R. Westbrook - S. Ibaka - A. Morrow - E. Kanter,1610612760,2015-16
201142-202683-202713-203079-1626166,K. Durant - E. Kanter - K. Singler - D. Waiters - C. Payne,1610612760,2015-16
2555-201142-202683-203079-1626166,N. Collison - K. Durant - E. Kanter - D. Waiters - C. Payne,1610612760,2015-16
2555-201142-201566-203460-203500,N. Collison - K. Durant - R. Westbrook - A. Roberson - S. Adams,1610612760,2015-16
2555-201142-201566-201586-203460,N. Collison - K. Durant - R. Westbrook - S. Ibaka - A. Roberson,1610612760,2015-16
201142-201566-201586-202713-203500,K. Durant - R. Westbrook - S. Ibaka - K. Singler - S. Adams,1610612760,2015-16
201142-201586-202683-203079-1626166,K. Durant - S. Ibaka - E. Kanter - D. Waiters - C. Payne,1610612760,2015-16
201142-201566-201586-203500-1626166,K. Durant - R. Westbrook - S. Ibaka - S. Adams - C. Payne,1610612760,2015-16
201142-201566-203079-203460-203500,K. Durant - R. Westbrook - D. Waiters - A. Roberson - S. Adams,1610612760,2015-16
201142-201571-202683-202713-203079,K. Durant - D. Augustin - E. Kanter - K. Singler - D. Waiters,1610612760,2015-16
201142-201571-201586-202683-203079,K. Durant - D. Augustin - S. Ibaka - E. Kanter - D. Waiters,1610612760,2015-16
201142-201566-202713-203079-203500,K. Durant - R. Westbrook - K. Singler - D. Waiters - S. Adams,1610612760,2015-16
201142-201566-201586-202683-1626166,K. Durant - R. Westbrook - S. Ibaka - E. Kanter - C. Payne,1610612760,2015-16
2555-201142-201566-203079-203500,N. Collison - K. Durant - R. Westbrook - D. Waiters - S. Adams,1610612760,2015-16
201142-201566-201627-202683-203079,K. Durant - R. Westbrook - A. Morrow - E. Kanter - D. Waiters,1610612760,2015-16
200751-201142-201627-202683-202713,R. Foye - K. Durant - A. Morrow - E. Kanter - K. Singler,1610612760,2015-16
200751-201142-202683-202713-1626166,R. Foye - K. Durant - E. Kanter - K. Singler - C. Payne,1610612760,2015-16
200751-201142-201566-203079-203500,R. Foye - K. Durant - R. Westbrook - D. Waiters - S. Adams,1610612760,2015-16
200751-201142-201566-202683-203079,R. Foye - K. Durant - R. Westbrook - E. Kanter - D. Waiters,1610612760,2015-16
201142-201566-201627-203460-203500,K. Durant - R. Westbrook - A. Morrow - A. Roberson - S. Adams,1610612760,2015-16
200751-201142-201566-201586-203079,R. Foye - K. Durant - R. Westbrook - S. Ibaka - D. Waiters,1610612760,2015-16
201142-201566-201571-203079-203500,K. Durant - R. Westbrook - D. Augustin - D. Waiters - S. Adams,1610612760,2015-16
201142-201566-202683-203079-203500,K. Durant - R. Westbrook - E. Kanter - D. Waiters - S. Adams,1610612760,2015-16
201142-201566-201586-201627-203460,K. Durant - R. Westbrook - S. Ibaka - A. Morrow - A. Roberson,1610612760,2015-16
200751-201142-202683-203079-203460,R. Foye - K. Durant - E. Kanter - D. Waiters - A. Roberson,1610612760,2015-16
200751-201142-201566-202683-203460,R. Foye - K. Durant - R. Westbrook - E. Kanter - A. Roberson,1610612760,2015-16
201142-201571-201586-203079-203500,K. Durant - D. Augustin - S. Ibaka - D. Waiters - S. Adams,1610612760,2015-16
201142-201566-202683-203460-203500,K. Durant - R. Westbrook - E. Kanter - A. Roberson - S. Adams,1610612760,2015-16
200751-201142-201566-201586-203460,R. Foye - K. Durant - R. Westbrook - S. Ibaka - A. Roberson,1610612760,2015-16
201142-201571-202683-203079-203460,K. Durant - D. Augustin - E. Kanter - D. Waiters - A. Roberson,1610612760,2015-16
201142-201566-201571-202683-203079,K. Durant - R. Westbrook - D. Augustin - E. Kanter - D. Waiters,1610612760,2015-16
201142-201586-203460-203500-1626166,K. Durant - S. Ibaka - A. Roberson - S. Adams - C. Payne,1610612760,2015-16
201142-201586-202683-202713-203079,K. Durant - S. Ibaka - E. Kanter - K. Singler - D. Waiters,1610612760,2015-16
2555-200751-201142-202683-202713,N. Collison - R. Foye - K. Durant - E. Kanter - K. Singler,1610612760,2015-16
201142-201571-201627-202683-203079,K. Durant - D. Augustin - A. Morrow - E. Kanter - D. Waiters,1610612760,2015-16
200751-201142-201566-203460-203500,R. Foye - K. Durant - R. Westbrook - A. Roberson - S. Adams,1610612760,2015-16
201142-201627-202683-203079-1626166,K. Durant - A. Morrow - E. Kanter - D. Waiters - C. Payne,1610612760,2015-16
201142-201566-201586-201627-202713,K. Durant - R. Westbrook - S. Ibaka - A. Morrow - K. Singler,1610612760,2015-16
2555-201142-203079-203500-1626166,N. Collison - K. Durant - D. Waiters - S. Adams - C. Payne,1610612760,2015-16
2555-201142-202683-202713-1626166,N. Collison - K. Durant - E. Kanter - K. Singler - C. Payne,1610612760,2015-16
200751-201142-201566-202713-203500,R. Foye - K. Durant - R. Westbrook - K. Singler - S. Adams,1610612760,2015-16
201142-201627-202683-202713-1626166,K. Durant - A. Morrow - E. Kanter - K. Singler - C. Payne,1610612760,2015-16
201142-201566-201586-202713-203460,K. Durant - R. Westbrook - S. Ibaka - K. Singler - A. Roberson,1610612760,2015-16
2555-200751-201142-202683-203079,N. Collison - R. Foye - K. Durant - E. Kanter - D. Waiters,1610612760,2015-16
200751-201142-201566-201586-202683,R. Foye - K. Durant - R. Westbrook - S. Ibaka - E. Kanter,1610612760,2015-16
200751-201142-201586-202683-203079,R. Foye - K. Durant - S. Ibaka - E. Kanter - D. Waiters,1610612760,2015-16
201142-201566-201627-202683-203460,K. Durant - R. Westbrook - A. Morrow - E. Kanter - A. Roberson,1610612760,2015-16
201142-201566-201627-202683-202713,K. Durant - R. Westbrook - A. Morrow - E. Kanter - K. Singler,1610612760,2015-16
201142-201566-201571-201586-202683,K. Durant - R. Westbrook - D. Augustin - S. Ibaka - E. Kanter,1610612760,2015-16
201142-201566-202683-203079-203460,K. Durant - R. Westbrook - E. Kanter - D. Waiters - A. Roberson,1610612760,2015-16
201142-201566-202713-203460-203500,K. Durant - R. Westbrook - K. Singler - A. Roberson - S. Adams,1610612760,2015-16
201142-201586-203079-203500-1626166,K. Durant - S. Ibaka - D. Waiters - S. Adams - C. Payne,1610612760,2015-16
201142-201586-202683-202713-1626166,K. Durant - S. Ibaka - E. Kanter - K. Singler - C. Payne,1610612760,2015-16
2555-201142-201571-203079-203500,N. Collison - K. Durant - D. Augustin - D. Waiters - S. Adams,1610612760,2015-16
2555-201142-201566-202713-203079,N. Collison - K. Durant - R. Westbrook - K. Singler - D. Waiters,1610612760,2015-16
2555-201142-201566-201586-203079,N. Collison - K. Durant - R. Westbrook - S. Ibaka - D. Waiters,1610612760,2015-16
200751-201142-201627-202683-203079,R. Foye - K. Durant - A. Morrow - E. Kanter - D. Waiters,1610612760,2015-16
201142-201571-201586-203460-203500,K. Durant - D. Augustin - S. Ibaka - A. Roberson - S. Adams,1610612760,2015-16
201142-201566-201627-203079-203500,K. Durant - R. Westbrook - A. Morrow - D. Waiters - S. Adams,1610612760,2015-16
201142-201566-201571-202713-203500,K. Durant - R. Westbrook - D. Augustin - K. Singler - S. Adams,1610612760,2015-16
201142-201566-201571-201586-201627,K. Durant - R. Westbrook - D. Augustin - S. Ibaka - A. Morrow,1610612760,2015-16
201142-201566-202683-202713-203460,K. Durant - R. Westbrook - E. Kanter - K. Singler - A. Roberson,1610612760,2015-16
201142-201566-201586-202683-202713,K. Durant - R. Westbrook - S. Ibaka - E. Kanter - K. Singler,1610612760,2015-16
2555-201142-201566-201627-203079,N. Collison - K. Durant - R. Westbrook - A. Morrow - D. Waiters,1610612760,2015-16
2555-201142-201566-201627-202683,N. Collison - K. Durant - R. Westbrook - A. Morrow - E. Kanter,1610612760,2015-16
2555-200751-201142-201627-202713,N. Collison - R. Foye - K. Durant - A. Morrow - K. Singler,1610612760,2015-16
200751-201142-201586-202713-203079,R. Foye - K. Durant - S. Ibaka - K. Singler - D. Waiters,1610612760,2015-16
201142-202683-203079-203460-1626166,K. Durant - E. Kanter - D. Waiters - A. Roberson - C. Payne,1610612760,2015-16
201142-202683-202713-203079-203460,K. Durant - E. Kanter - K. Singler - D. Waiters - A. Roberson,1610612760,2015-16
201142-201566-201571-201586-203460,K. Durant - R. Westbrook - D. Augustin - S. Ibaka - A. Roberson,1610612760,2015-16
201142-201566-202683-203500-1626166,K. Durant - R. Westbrook - E. Kanter - S. Adams - C. Payne,1610612760,2015-16
201142-201566-201586-203079-1626166,K. Durant - R. Westbrook - S. Ibaka - D. Waiters - C. Payne,1610612760,2015-16
2555-201142-201571-203079-203460,N. Collison - K. Durant - D. Augustin - D. Waiters - A. Roberson,1610612760,2015-16
2555-201142-201566-201627-203500,N. Collison - K. Durant - R. Westbrook - A. Morrow - S. Adams,1610612760,2015-16
2555-201142-201566-201586-1626166,N. Collison - K. Durant - R. Westbrook - S. Ibaka - C. Payne,1610612760,2015-16
2555-201142-201566-201586-202713,N. Collison - K. Durant - R. Westbrook - S. Ibaka - K. Singler,1610612760,2015-16
2555-200751-201142-201566-202683,N. Collison - R. Foye - K. Durant - R. Westbrook - E. Kanter,1610612760,2015-16
2555-200751-201142-201566-202713,N. Collison - R. Foye - K. Durant - R. Westbrook - K. Singler,1610612760,2015-16
200751-201142-203079-203500-1626166,R. Foye - K. Durant - D. Waiters - S. Adams - C. Payne,1610612760,2015-16
200751-201142-202683-202713-203500,R. Foye - K. Durant - E. Kanter - K. Singler - S. Adams,1610612760,2015-16
200751-201142-202713-203079-203500,R. Foye - K. Durant - K. Singler - D. Waiters - S. Adams,1610612760,2015-16
200751-201142-201566-201586-202713,R. Foye - K. Durant - R. Westbrook - S. Ibaka - K. Singler,1610612760,2015-16
201142-201571-201627-202683-203500,K. Durant - D. Augustin - A. Morrow - E. Kanter - S. Adams,1610612760,2015-16
201142-201571-203079-203460-203500,K. Durant - D. Augustin - D. Waiters - A. Roberson - S. Adams,1610612760,2015-16
201142-201571-201586-201627-203079,K. Durant - D. Augustin - S. Ibaka - A. Morrow - D. Waiters,1610612760,2015-16
201142-203079-203460-203500-1626166,K. Durant - D. Waiters - A. Roberson - S. Adams - C. Payne,1610612760,2015-16
201142-202683-202713-203500-1626166,K. Durant - E. Kanter - K. Singler - S. Adams - C. Payne,1610612760,2015-16
201142-201566-202683-202713-203500,K. Durant - R. Westbrook - E. Kanter - K. Singler - S. Adams,1610612760,2015-16
201142-201586-203079-203460-1626166,K. Durant - S. Ibaka - D. Waiters - A. Roberson - C. Payne,1610612760,2015-16
201142-201586-202713-203079-1626166,K. Durant - S. Ibaka - K. Singler - D. Waiters - C. Payne,1610612760,2015-16
2555-201142-202683-202713-203079,N. Collison - K. Durant - E. Kanter - K. Singler - D. Waiters,1610612760,2015-16
200751-201142-201627-202683-1626166,R. Foye - K. Durant - A. Morrow - E. Kanter - C. Payne,1610612760,2015-16
1628983-1629652-1630581-1631096-1631114,S. Gilgeous-Alexander - L. Dort - J. Giddey - C. Holmgren - J. Williams,1610612760,2023-24
1628983-1629652-1630198-1631096-1631114,S. Gilgeous-Alexander - L. Dort - I. Joe - C. Holmgren - J. Williams,1610612760,2023-24
1628983-1630581-1631096-1631114-1641717,S. Gilgeous-Alexander - J. Giddey - C. Holmgren - J. Williams - C. Wallace,1610612760,2023-24
1628983-1629652-1630581-1631096-1641717,S. Gilgeous-Alexander - L. Dort - J. Giddey - C. Holmgren - C. Wallace,1610612760,2023-24
1628983-1629026-1630198-1631119-1641717,S. Gilgeous-Alexander - K. Williams - I. Joe - J. Williams - C. Wallace,1610612760,2023-24
1628983-1630198-1630598-1631119-1641717,S. Gilgeous-Alexander - I. Joe - A. Wiggins - J. Williams - C. Wallace,1610612760,2023-24
1628983-1629652-1630198-1630581-1631096,S. Gilgeous-Alexander - L. Dort - I. Joe - J. Giddey - C. Holmgren,1610612760,2023-24
1628983-1629026-1630198-1630598-1641717,S. Gilgeous-Alexander - K. Williams - I. Joe - A. Wiggins - C. Wallace,1610612760,2023-24
1628983-1629652-1631096-1631114-1641717,S. Gilgeous-Alexander - L. Dort - C. Holmgren - J. Williams - C. Wallace,1610612760,2023-24
1628983-1629652-1630598-1631096-1631114,S. Gilgeous-Alexander - L. Dort - A. Wiggins - C. Holmgren - J. Williams,1610612760,2023-24
1628983-1629652-1630198-1631119-1641717,S. Gilgeous-Alexander - L. Dort - I. Joe - J. Williams - C. Wallace,1610612760,2023-24
1628983-1629652-1630581-1631114-1631119,S. Gilgeous-Alexander - L. Dort - J. Giddey - J. Williams - J. Williams,1610612760,2023-24
1628983-1629026-1629652-1630581-1631114,S. Gilgeous-Alexander - K. Williams - L. Dort - J. Giddey - J. Williams,1610612760,2023-24
1628983-1629652-1630198-1631096-1641717,S. Gilgeous-Alexander - L. Dort - I. Joe - C. Holmgren - C. Wallace,1610612760,2023-24
202330-1628983-1629026-1630198-1641717,G. Hayward - S. Gilgeous-Alexander - K. Williams - I. Joe - C. Wallace,1610612760,2023-24
1628983-1629026-1629652-1630198-1641717,S. Gilgeous-Alexander - K. Williams - L. Dort - I. Joe - C. Wallace,1610612760,2023-24
1628983-1629652-1630581-1630598-1631096,S. Gilgeous-Alexander - L. Dort - J. Giddey - A. Wiggins - C. Holmgren,1610612760,2023-24
1628983-1630198-1630598-1631096-1641717,S. Gilgeous-Alexander - I. Joe - A. Wiggins - C. Holmgren - C. Wallace,1610612760,2023-24
1628983-1629652-1630198-1630598-1631096,S. Gilgeous-Alexander - L. Dort - I. Joe - A. Wiggins - C. Holmgren,1610612760,2023-24
1628983-1629652-1630198-1630581-1631119,S. Gilgeous-Alexander - L. Dort - I. Joe - J. Giddey - J. Williams,1610612760,2023-24
1628983-1629026-1629652-1630198-1631119,S. Gilgeous-Alexander - K. Williams - L. Dort - I. Joe - J. Williams,1610612760,2023-24
1628983-1629652-1630198-1630598-1631119,S. Gilgeous-Alexander - L. Dort - I. Joe - A. Wiggins - J. Williams,1610612760,2023-24
1628983-1629652-1630198-1631114-1631119,S. Gilgeous-Alexander - L. Dort - I. Joe - J. Williams - J. Williams,1610612760,2023-24
202330-1628983-1629652-1631096-1631114,G. Hayward - S. Gilgeous-Alexander - L. Dort - C. Holmgren - J. Williams,1610612760,2023-24
1628983-1630198-1631096-1631114-1641717,S. Gilgeous-Alexander - I. Joe - C. Holmgren - J. Williams - C. Wallace,1610612760,2023-24
202330-1628983-1630198-1631119-1641717,G. Hayward - S. Gilgeous-Alexander - I. Joe - J. Williams - C. Wallace,1610612760,2023-24
1628983-1629026-1630198-1631096-1641717,S. Gilgeous-Alexander - K. Williams - I. Joe - C. Holmgren - C. Wallace,1610612760,2023-24
202330-1628983-1629652-1630581-1631096,G. Hayward - S. Gilgeous-Alexander - L. Dort - J. Giddey - C. Holmgren,1610612760,2023-24
1628983-1630198-1630581-1631096-1641717,S. Gilgeous-Alexander - I. Joe - J. Giddey - C. Holmgren - C. Wallace,1610612760,2023-24
1628983-1629026-1629652-1630198-1631096,S. Gilgeous-Alexander - K. Williams - L. Dort - I. Joe - C. Holmgren,1610612760,2023-24
1628983-1629652-1630581-1631119-1641717,S. Gilgeous-Alexander - L. Dort - J. Giddey - J. Williams - C. Wallace,1610612760,2023-24
1628983-1629026-1629652-1630581-1631096,S. Gilgeous-Alexander - K. Williams - L. Dort - J. Giddey - C. Holmgren,1610612760,2023-24
202330-1628983-1629652-1630198-1631119,G. Hayward - S. Gilgeous-Alexander - L. Dort - I. Joe - J. Williams,1610612760,2023-24
1628983-1630198-1631096-1631172-1641717,S. Gilgeous-Alexander - I. Joe - C. Holmgren - O. Dieng - C. Wallace,1610612760,2023-24
1628983-1630581-1631114-1631119-1641717,S. Gilgeous-Alexander - J. Giddey - J. Williams - J. Williams - C. Wallace,1610612760,2023-24
202330-1628983-1629026-1629652-1630198,G. Hayward - S. Gilgeous-Alexander - K. Williams - L. Dort - I. Joe,1610612760,2023-24
1628983-1629026-1629652-1630198-1630581,S. Gilgeous-Alexander - K. Williams - L. Dort - I. Joe - J. Giddey,1610612760,2023-24
1628983-1630198-1630322-1631119-1641717,S. Gilgeous-Alexander - I. Joe - L. Waters III - J. Williams - C. Wallace,1610612760,2023-24
1628983-1629652-1631096-1631114-1631119,S. Gilgeous-Alexander - L. Dort - C. Holmgren - J. Williams - J. Williams,1610612760,2023-24
1628983-1629652-1630198-1631119-1631172,S. Gilgeous-Alexander - L. Dort - I. Joe - J. Williams - O. Dieng,1610612760,2023-24
202330-1628983-1629652-1630198-1631096,G. Hayward - S. Gilgeous-Alexander - L. Dort - I. Joe - C. Holmgren,1610612760,2023-24
1628983-1630198-1631119-1631172-1641717,S. Gilgeous-Alexander - I. Joe - J. Williams - O. Dieng - C. Wallace,1610612760,2023-24
1628983-1629026-1629652-1631096-1631114,S. Gilgeous-Alexander - K. Williams - L. Dort - C. Holmgren - J. Williams,1610612760,2023-24
1628983-1629026-1629652-1630581-1631119,S. Gilgeous-Alexander - K. Williams - L. Dort - J. Giddey - J. Williams,1610612760,2023-24
1628983-1630198-1630581-1631119-1641717,S. Gilgeous-Alexander - I. Joe - J. Giddey - J. Williams - C. Wallace,1610612760,2023-24
1628983-1629652-1630581-1631096-1631119,S. Gilgeous-Alexander - L. Dort - J. Giddey - C. Holmgren - J. Williams,1610612760,2023-24
1628983-1629026-1630198-1630581-1641717,S. Gilgeous-Alexander - K. Williams - I. Joe - J. Giddey - C. Wallace,1610612760,2023-24
1628983-1629026-1630198-1631114-1641717,S. Gilgeous-Alexander - K. Williams - I. Joe - J. Williams - C. Wallace,1610612760,2023-24
1628983-1630598-1631119-1631172-1641717,S. Gilgeous-Alexander - A. Wiggins - J. Williams - O. Dieng - C. Wallace,1610612760,2023-24
1628983-1630198-1630581-1631096-1631114,S. Gilgeous-Alexander - I. Joe - J. Giddey - C. Holmgren - J. Williams,1610612760,2023-24
1628983-1629026-1630198-1631172-1641717,S. Gilgeous-Alexander - K. Williams - I. Joe - O. Dieng - C. Wallace,1610612760,2023-24
1628983-1629026-1629652-1630581-1641717,S. Gilgeous-Alexander - K. Williams - L. Dort - J. Giddey - C. Wallace,1610612760,2023-24
1628983-1629652-1630581-1630598-1631119,S. Gilgeous-Alexander - L. Dort - J. Giddey - A. Wiggins - J. Williams,1610612760,2023-24
1628983-1630598-1631096-1631114-1641717,S. Gilgeous-Alexander - A. Wiggins - C. Holmgren - J. Williams - C. Wallace,1610612760,2023-24
1628983-1630198-1630598-1631096-1631114,S. Gilgeous-Alexander - I. Joe - A. Wiggins - C. Holmgren - J. Williams,1610612760,2023-24
1628983-1629026-1629652-1630198-1631114,S. Gilgeous-Alexander - K. Williams - L. Dort - I. Joe - J. Williams,1610612760,2023-24
202330-1628983-1630198-1631096-1631114,G. Hayward - S. Gilgeous-Alexander - I. Joe - C. Holmgren - J. Williams,1610612760,2023-24
1628983-1630198-1631114-1631119-1641717,S. Gilgeous-Alexander - I. Joe - J. Williams - J. Williams - C. Wallace,1610612760,2023-24
1628983-1629652-1630198-1631114-1641717,S. Gilgeous-Alexander - L. Dort - I. Joe - J. Williams - C. Wallace,1610612760,2023-24
1628983-1629652-1630581-1631114-1641717,S. Gilgeous-Alexander - L. Dort - J. Giddey - J. Williams - C. Wallace,1610612760,2023-24
202330-1628983-1629652-1630598-1631119,G. Hayward - S. Gilgeous-Alexander - L. Dort - A. Wiggins - J. Williams,1610612760,2023-24
1628983-1630198-1630598-1631119-1631172,S. Gilgeous-Alexander - I. Joe - A. Wiggins - J. Williams - O. Dieng,1610612760,2023-24
1628983-1630198-1630544-1631119-1641717,S. Gilgeous-Alexander - I. Joe - T. Mann - J. Williams - C. Wallace,1610612760,2023-24
1628983-1629026-1630198-1630598-1631119,S. Gilgeous-Alexander - K. Williams - I. Joe - A. Wiggins - J. Williams,1610612760,2023-24
1628983-1629026-1630198-1631096-1631114,S. Gilgeous-Alexander - K. Williams - I. Joe - C. Holmgren - J. Williams,1610612760,2023-24
1628983-1629652-1630198-1630581-1631114,S. Gilgeous-Alexander - L. Dort - I. Joe - J. Giddey - J. Williams,1610612760,2023-24
203995-1628983-1630198-1631096-1641717,V. Micic - S. Gilgeous-Alexander - I. Joe - C. Holmgren - C. Wallace,1610612760,2023-24
202722-1628983-1629652-1630198-1631119,D. Bertans - S. Gilgeous-Alexander - L. Dort - I. Joe - J. Williams,1610612760,2023-24
202722-1628983-1629652-1630198-1630846,D. Bertans - S. Gilgeous-Alexander - L. Dort - I. Joe - O. Sarr,1610612760,2023-24
202330-1628983-1630198-1630598-1631119,G. Hayward - S. Gilgeous-Alexander - I. Joe - A. Wiggins - J. Williams,1610612760,2023-24
1628983-1629026-1630198-1630598-1631096,S. Gilgeous-Alexander - K. Williams - I. Joe - A. Wiggins - C. Holmgren,1610612760,2023-24
1628983-1629026-1630198-1631096-1631119,S. Gilgeous-Alexander - K. Williams - I. Joe - C. Holmgren - J. Williams,1610612760,2023-24
1628983-1629026-1630581-1630598-1631096,S. Gilgeous-Alexander - K. Williams - J. Giddey - A. Wiggins - C. Holmgren,1610612760,2023-24
1628983-1629026-1630581-1630598-1641717,S. Gilgeous-Alexander - K. Williams - J. Giddey - A. Wiggins - C. Wallace,1610612760,2023-24
1628983-1629026-1629652-1631119-1641749,S. Gilgeous-Alexander - K. Williams - L. Dort - J. Williams - K. Johnson,1610612760,2023-24
1628983-1629652-1630598-1631096-1641717,S. Gilgeous-Alexander - L. Dort - A. Wiggins - C. Holmgren - C. Wallace,1610612760,2023-24
1628983-1629652-1630198-1630598-1631114,S. Gilgeous-Alexander - L. Dort - I. Joe - A. Wiggins - J. Williams,1610612760,2023-24
1628983-1629652-1630198-1631096-1631172,S. Gilgeous-Alexander - L. Dort - I. Joe - C. Holmgren - O. Dieng,1610612760,2023-24
1628983-1629652-1630198-1630846-1631172,S. Gilgeous-Alexander - L. Dort - I. Joe - O. Sarr - O. Dieng,1610612760,2023-24
1628983-1629652-1630581-1631114-1631172,S. Gilgeous-Alexander - L. Dort - J. Giddey - J. Williams - O. Dieng,1610612760,2023-24
203995-1628983-1629026-1630198-1641717,V. Micic - S. Gilgeous-Alexander - K. Williams - I. Joe - C. Wallace,1610612760,2023-24
203995-1628983-1629652-1631172-1641717,V. Micic - S. Gilgeous-Alexander - L. Dort - O. Dieng - C. Wallace,1610612760,2023-24
202687-1628983-1629652-1630581-1631114,B. Biyombo - S. Gilgeous-Alexander - L. Dort - J. Giddey - J. Williams,1610612760,2023-24
202722-1628983-1630198-1631096-1631114,D. Bertans - S. Gilgeous-Alexander - I. Joe - C. Holmgren - J. Williams,1610612760,2023-24
202722-1628983-1630198-1630846-1641717,D. Bertans - S. Gilgeous-Alexander - I. Joe - O. Sarr - C. Wallace,1610612760,2023-24
202722-1628983-1629652-1630198-1631096,D. Bertans - S. Gilgeous-Alexander - L. Dort - I. Joe - C. Holmgren,1610612760,2023-24
202330-202687-1628983-1630198-1641717,G. Hayward - B. Biyombo - S. Gilgeous-Alexander - I. Joe - C. Wallace,1610612760,2023-24
202330-1628983-1631096-1631114-1641717,G. Hayward - S. Gilgeous-Alexander - C. Holmgren - J. Williams - C. Wallace,1610612760,2023-24
202330-1628983-1630198-1631096-1641717,G. Hayward - S. Gilgeous-Alexander - I. Joe - C. Holmgren - C. Wallace,1610612760,2023-24
202330-1628983-1629026-1629652-1630581,G. Hayward - S. Gilgeous-Alexander - K. Williams - L. Dort - J. Giddey,1610612760,2023-24
202330-1628983-1629652-1630198-1630598,G. Hayward - S. Gilgeous-Alexander - L. Dort - I. Joe - A. Wiggins,1610612760,2023-24
203488-1628983-1629652-1630198-1630581,M. Muscala - S. Gilgeous-Alexander - L. Dort - I. Joe - J. Giddey,1610612760,2023-24
1628983-1630198-1630598-1631172-1641717,S. Gilgeous-Alexander - I. Joe - A. Wiggins - O. Dieng - C. Wallace,1610612760,2023-24
1628983-1630198-1630598-1630846-1641717,S. Gilgeous-Alexander - I. Joe - A. Wiggins - O. Sarr - C. Wallace,1610612760,2023-24
1628983-1629026-1630198-1631114-1631119,S. Gilgeous-Alexander - K. Williams - I. Joe - J. Williams - J. Williams,1610612760,2023-24
1628983-1629026-1630581-1630598-1631172,S. Gilgeous-Alexander - K. Williams - J. Giddey - A. Wiggins - O. Dieng,1610612760,2023-24
1628983-1629026-1629652-1630598-1631096,S. Gilgeous-Alexander - K. Williams - L. Dort - A. Wiggins - C. Holmgren,1610612760,2023-24
1628983-1629026-1629652-1631096-1641717,S. Gilgeous-Alexander - K. Williams - L. Dort - C. Holmgren - C. Wallace,1610612760,2023-24
1628983-1629026-1629652-1630198-1630598,S. Gilgeous-Alexander - K. Williams - L. Dort - I. Joe - A. Wiggins,1610612760,2023-24
1628983-1629026-1630544-1631114-1641717,S. Gilgeous-Alexander - K. Williams - T. Mann - J. Williams - C. Wallace,1610612760,2023-24
1628983-1630322-1630598-1631119-1641717,S. Gilgeous-Alexander - L. Waters III - A. Wiggins - J. Williams - C. Wallace,1610612760,2023-24
203995-1628983-1630598-1631096-1631119,V. Micic - S. Gilgeous-Alexander - A. Wiggins - C. Holmgren - J. Williams,1610612760,2023-24
203995-1628983-1630198-1631119-1631172,V. Micic - S. Gilgeous-Alexander - I. Joe - J. Williams - O. Dieng,1610612760,2023-24
1628983-1630198-1630322-1630598-1631096,S. Gilgeous-Alexander - I. Joe - L. Waters III - A. Wiggins - C. Holmgren,1610612760,2023-24
1628983-1629026-1630598-1631114-1641717,S. Gilgeous-Alexander - K. Williams - A. Wiggins - J. Williams - C. Wallace,1610612760,2023-24
1628983-1629026-1630198-1630846-1631172,S. Gilgeous-Alexander - K. Williams - I. Joe - O. Sarr - O. Dieng,1610612760,2023-24
1628983-1629026-1629652-1631119-1641717,S. Gilgeous-Alexander - K. Williams - L. Dort - J. Williams - C. Wallace,1610612760,2023-24
1628983-1629652-1631096-1631119-1641717,S. Gilgeous-Alexander - L. Dort - C. Holmgren - J. Williams - C. Wallace,1610612760,2023-24
1628983-1629652-1630198-1631172-1641717,S. Gilgeous-Alexander - L. Dort - I. Joe - O. Dieng - C. Wallace,1610612760,2023-24
203995-1628983-1630198-1631119-1641717,V. Micic - S. Gilgeous-Alexander - I. Joe - J. Williams - C. Wallace,1610612760,2023-24
1628983-1629652-1630581-1631114-1631119,S. Gilgeous-Alexander - L. Dort - J. Giddey - J. Williams - J. Williams,1610612760,2022-23
1628983-1629652-1630197-1630581-1631114,S. Gilgeous-Alexander - L. Dort - A. Pokusevski - J. Giddey - J. Williams,1610612760,2022-23
1628983-1629652-1630197-1630526-1630581,S. Gilgeous-Alexander - L. Dort - A. Pokusevski - J. Robinson-Earl - J. Giddey,1610612760,2022-23
1628983-1629652-1630526-1630581-1631114,S. Gilgeous-Alexander - L. Dort - J. Robinson-Earl - J. Giddey - J. Williams,1610612760,2022-23
203488-1628983-1629652-1630581-1631114,M. Muscala - S. Gilgeous-Alexander - L. Dort - J. Giddey - J. Williams,1610612760,2022-23
1628983-1629026-1629652-1630581-1631114,S. Gilgeous-Alexander - K. Williams - L. Dort - J. Giddey - J. Williams,1610612760,2022-23
203488-1628983-1630581-1630598-1631114,M. Muscala - S. Gilgeous-Alexander - J. Giddey - A. Wiggins - J. Williams,1610612760,2022-23
1628983-1629026-1630581-1631114-1631119,S. Gilgeous-Alexander - K. Williams - J. Giddey - J. Williams - J. Williams,1610612760,2022-23
1628983-1629647-1629652-1630581-1631114,S. Gilgeous-Alexander - D. Bazley - L. Dort - J. Giddey - J. Williams,1610612760,2022-23
1628983-1629652-1630198-1630581-1631119,S. Gilgeous-Alexander - L. Dort - I. Joe - J. Giddey - J. Williams,1610612760,2022-23
1628983-1629026-1629652-1630197-1630581,S. Gilgeous-Alexander - K. Williams - L. Dort - A. Pokusevski - J. Giddey,1610612760,2022-23
203488-1628983-1630198-1630544-1630598,M. Muscala - S. Gilgeous-Alexander - I. Joe - T. Mann - A. Wiggins,1610612760,2022-23
1628983-1629652-1630198-1630581-1631114,S. Gilgeous-Alexander - L. Dort - I. Joe - J. Giddey - J. Williams,1610612760,2022-23
1628983-1629652-1630197-1630581-1630598,S. Gilgeous-Alexander - L. Dort - A. Pokusevski - J. Giddey - A. Wiggins,1610612760,2022-23
1628983-1629652-1630198-1630581-1630598,S. Gilgeous-Alexander - L. Dort - I. Joe - J. Giddey - A. Wiggins,1610612760,2022-23
1628983-1630581-1630598-1631114-1631119,S. Gilgeous-Alexander - J. Giddey - A. Wiggins - J. Williams - J. Williams,1610612760,2022-23
1628983-1629026-1630581-1630598-1631114,S. Gilgeous-Alexander - K. Williams - J. Giddey - A. Wiggins - J. Williams,1610612760,2022-23
203488-1628983-1630198-1630322-1630544,M. Muscala - S. Gilgeous-Alexander - I. Joe - L. Waters III - T. Mann,1610612760,2022-23
203488-1628983-1629652-1630526-1630581,M. Muscala - S. Gilgeous-Alexander - L. Dort - J. Robinson-Earl - J. Giddey,1610612760,2022-23
1628983-1629026-1629652-1630198-1631114,S. Gilgeous-Alexander - K. Williams - L. Dort - I. Joe - J. Williams,1610612760,2022-23
1628983-1629652-1630198-1631114-1631119,S. Gilgeous-Alexander - L. Dort - I. Joe - J. Williams - J. Williams,1610612760,2022-23
203488-1628983-1629652-1630198-1631114,M. Muscala - S. Gilgeous-Alexander - L. Dort - I. Joe - J. Williams,1610612760,2022-23
1628983-1629652-1630197-1630598-1631114,S. Gilgeous-Alexander - L. Dort - A. Pokusevski - A. Wiggins - J. Williams,1610612760,2022-23
1628983-1629652-1630581-1630598-1631119,S. Gilgeous-Alexander - L. Dort - J. Giddey - A. Wiggins - J. Williams,1610612760,2022-23
1628983-1629652-1630322-1630581-1631114,S. Gilgeous-Alexander - L. Dort - L. Waters III - J. Giddey - J. Williams,1610612760,2022-23
1628983-1629026-1630198-1630581-1631114,S. Gilgeous-Alexander - K. Williams - I. Joe - J. Giddey - J. Williams,1610612760,2022-23
1628983-1629026-1629652-1630526-1630581,S. Gilgeous-Alexander - K. Williams - L. Dort - J. Robinson-Earl - J. Giddey,1610612760,2022-23
1628983-1629652-1630197-1630544-1630598,S. Gilgeous-Alexander - L. Dort - A. Pokusevski - T. Mann - A. Wiggins,1610612760,2022-23
1628983-1629652-1630197-1630544-1630581,S. Gilgeous-Alexander - L. Dort - A. Pokusevski - T. Mann - J. Giddey,1610612760,2022-23
1628983-1629652-1630526-1630544-1630598,S. Gilgeous-Alexander - L. Dort - J. Robinson-Earl - T. Mann - A. Wiggins,1610612760,2022-23
1628983-1630198-1630598-1631114-1631119,S. Gilgeous-Alexander - I. Joe - A. Wiggins - J. Williams - J. Williams,1610612760,2022-23
1628983-1630198-1630581-1631114-1631119,S. Gilgeous-Alexander - I. Joe - J. Giddey - J. Williams - J. Williams,1610612760,2022-23
1628983-1629652-1630198-1630598-1631119,S. Gilgeous-Alexander - L. Dort - I. Joe - A. Wiggins - J. Williams,1610612760,2022-23
203488-1628983-1629026-1629652-1630581,M. Muscala - S. Gilgeous-Alexander - K. Williams - L. Dort - J. Giddey,1610612760,2022-23
1628983-1630197-1630526-1630581-1631114,S. Gilgeous-Alexander - A. Pokusevski - J. Robinson-Earl - J. Giddey - J. Williams,1610612760,2022-23
1628983-1629026-1629652-1630598-1631114,S. Gilgeous-Alexander - K. Williams - L. Dort - A. Wiggins - J. Williams,1610612760,2022-23
203488-1628983-1630198-1630598-1631114,M. Muscala - S. Gilgeous-Alexander - I. Joe - A. Wiggins - J. Williams,1610612760,2022-23
203488-1628983-1629652-1630198-1630581,M. Muscala - S. Gilgeous-Alexander - L. Dort - I. Joe - J. Giddey,1610612760,2022-23
1628983-1629652-1630581-1630846-1631114,S. Gilgeous-Alexander - L. Dort - J. Giddey - O. Sarr - J. Williams,1610612760,2022-23
1628983-1629652-1630526-1630581-1630598,S. Gilgeous-Alexander - L. Dort - J. Robinson-Earl - J. Giddey - A. Wiggins,1610612760,2022-23
203967-1628983-1630198-1630322-1630598,D. Saric - S. Gilgeous-Alexander - I. Joe - L. Waters III - A. Wiggins,1610612760,2022-23
203488-1628983-1629647-1629652-1630581,M. Muscala - S. Gilgeous-Alexander - D. Bazley - L. Dort - J. Giddey,1610612760,2022-23
203488-1628983-1630198-1630598-1630647,M. Muscala - S. Gilgeous-Alexander - I. Joe - A. Wiggins - E. Omoruyi,1610612760,2022-23
203488-1628983-1629026-1630198-1630544,M. Muscala - S. Gilgeous-Alexander - K. Williams - I. Joe - T. Mann,1610612760,2022-23
203488-1628983-1629026-1631114-1631172,M. Muscala - S. Gilgeous-Alexander - K. Williams - J. Williams - O. Dieng,1610612760,2022-23
1628983-1629647-1629652-1630198-1630598,S. Gilgeous-Alexander - D. Bazley - L. Dort - I. Joe - A. Wiggins,1610612760,2022-23
1628983-1629647-1629652-1630544-1631114,S. Gilgeous-Alexander - D. Bazley - L. Dort - T. Mann - J. Williams,1610612760,2022-23
1628983-1629026-1629652-1630197-1630198,S. Gilgeous-Alexander - K. Williams - L. Dort - A. Pokusevski - I. Joe,1610612760,2022-23
1628983-1629652-1630197-1630198-1630526,S. Gilgeous-Alexander - L. Dort - A. Pokusevski - I. Joe - J. Robinson-Earl,1610612760,2022-23
203967-1628983-1629652-1630198-1630598,D. Saric - S. Gilgeous-Alexander - L. Dort - I. Joe - A. Wiggins,1610612760,2022-23
203488-1628983-1629652-1630544-1630598,M. Muscala - S. Gilgeous-Alexander - L. Dort - T. Mann - A. Wiggins,1610612760,2022-23
1628983-1629026-1630198-1630526-1630544,S. Gilgeous-Alexander - K. Williams - I. Joe - J. Robinson-Earl - T. Mann,1610612760,2022-23
1628983-1629652-1630198-1630598-1631114,S. Gilgeous-Alexander - L. Dort - I. Joe - A. Wiggins - J. Williams,1610612760,2022-23
1628983-1629652-1630526-1630598-1631114,S. Gilgeous-Alexander - L. Dort - J. Robinson-Earl - A. Wiggins - J. Williams,1610612760,2022-23
1628983-1629652-1630322-1631114-1631119,S. Gilgeous-Alexander - L. Dort - L. Waters III - J. Williams - J. Williams,1610612760,2022-23
203488-1628983-1629647-1629652-1631114,M. Muscala - S. Gilgeous-Alexander - D. Bazley - L. Dort - J. Williams,1610612760,2022-23
203488-1628983-1630198-1630544-1631114,M. Muscala - S. Gilgeous-Alexander - I. Joe - T. Mann - J. Williams,1610612760,2022-23
203488-1628983-1629026-1630544-1630598,M. Muscala - S. Gilgeous-Alexander - K. Williams - T. Mann - A. Wiggins,1610612760,2022-23
1628983-1629026-1629647-1630197-1631172,S. Gilgeous-Alexander - K. Williams - D. Bazley - A. Pokusevski - O. Dieng,1610612760,2022-23
1628983-1629026-1629647-1629652-1631114,S. Gilgeous-Alexander - K. Williams - D. Bazley - L. Dort - J. Williams,1610612760,2022-23
1628983-1629026-1629652-1630197-1631114,S. Gilgeous-Alexander - K. Williams - L. Dort - A. Pokusevski - J. Williams,1610612760,2022-23
1628983-1629026-1629652-1630544-1631114,S. Gilgeous-Alexander - K. Williams - L. Dort - T. Mann - J. Williams,1610612760,2022-23
1628983-1629652-1630197-1630526-1630544,S. Gilgeous-Alexander - L. Dort - A. Pokusevski - J. Robinson-Earl - T. Mann,1610612760,2022-23
1628983-1629652-1630197-1630322-1630581,S. Gilgeous-Alexander - L. Dort - A. Pokusevski - L. Waters III - J. Giddey,1610612760,2022-23
1628983-1629652-1630198-1630581-1630846,S. Gilgeous-Alexander - L. Dort - I. Joe - J. Giddey - O. Sarr,1610612760,2022-23
1628983-1629652-1630198-1630322-1631119,S. Gilgeous-Alexander - L. Dort - I. Joe - L. Waters III - J. Williams,1610612760,2022-23
1628983-1629652-1630526-1630581-1630647,S. Gilgeous-Alexander - L. Dort - J. Robinson-Earl - J. Giddey - E. Omoruyi,1610612760,2022-23
203488-1628983-1630198-1630581-1631114,M. Muscala - S. Gilgeous-Alexander - I. Joe - J. Giddey - J. Williams,1610612760,2022-23
203488-1628983-1629026-1630198-1630322,M. Muscala - S. Gilgeous-Alexander - K. Williams - I. Joe - L. Waters III,1610612760,2022-23
203488-1628983-1629026-1630581-1631114,M. Muscala - S. Gilgeous-Alexander - K. Williams - J. Giddey - J. Williams,1610612760,2022-23
203488-1628983-1629026-1629652-1631114,M. Muscala - S. Gilgeous-Alexander - K. Williams - L. Dort - J. Williams,1610612760,2022-23
203488-1628983-1629652-1630197-1630581,M. Muscala - S. Gilgeous-Alexander - L. Dort - A. Pokusevski - J. Giddey,1610612760,2022-23
203488-1628983-1629652-1630544-1631114,M. Muscala - S. Gilgeous-Alexander - L. Dort - T. Mann - J. Williams,1610612760,2022-23
1628983-1629647-1629652-1630198-1631114,S. Gilgeous-Alexander - D. Bazley - L. Dort - I. Joe - J. Williams,1610612760,2022-23
1628983-1629647-1630544-1631114-1631172,S. Gilgeous-Alexander - D. Bazley - T. Mann - J. Williams - O. Dieng,1610612760,2022-23
1628983-1630198-1630544-1630598-1631119,S. Gilgeous-Alexander - I. Joe - T. Mann - A. Wiggins - J. Williams,1610612760,2022-23
1628983-1630526-1630581-1630598-1631114,S. Gilgeous-Alexander - J. Robinson-Earl - J. Giddey - A. Wiggins - J. Williams,1610612760,2022-23
1628983-1629026-1629647-1630598-1631114,S. Gilgeous-Alexander - K. Williams - D. Bazley - A. Wiggins - J. Williams,1610612760,2022-23
1628983-1629026-1630198-1630526-1631114,S. Gilgeous-Alexander - K. Williams - I. Joe - J. Robinson-Earl - J. Williams,1610612760,2022-23
1628983-1629026-1630198-1630322-1630544,S. Gilgeous-Alexander - K. Williams - I. Joe - L. Waters III - T. Mann,1610612760,2022-23
1628983-1629026-1629652-1630581-1630647,S. Gilgeous-Alexander - K. Williams - L. Dort - J. Giddey - E. Omoruyi,1610612760,2022-23
1628983-1629652-1630197-1630198-1631114,S. Gilgeous-Alexander - L. Dort - A. Pokusevski - I. Joe - J. Williams,1610612760,2022-23
1628983-1629652-1630197-1630581-1630647,S. Gilgeous-Alexander - L. Dort - A. Pokusevski - J. Giddey - E. Omoruyi,1610612760,2022-23
1628983-1629652-1630581-1630647-1631114,S. Gilgeous-Alexander - L. Dort - J. Giddey - E. Omoruyi - J. Williams,1610612760,2022-23
1628983-1629652-1630526-1630544-1631114,S. Gilgeous-Alexander - L. Dort - J. Robinson-Earl - T. Mann - J. Williams,1610612760,2022-23
1628983-1629652-1630544-1631114-1631119,S. Gilgeous-Alexander - L. Dort - T. Mann - J. Williams - J. Williams,1610612760,2022-23
203488-1628983-1629026-1629652-1630198,M. Muscala - S. Gilgeous-Alexander - K. Williams - L. Dort - I. Joe,1610612760,2022-23
203488-1628983-1629652-1630197-1630598,M. Muscala - S. Gilgeous-Alexander - L. Dort - A. Pokusevski - A. Wiggins,1610612760,2022-23
203488-1628983-1629652-1630198-1630322,M. Muscala - S. Gilgeous-Alexander - L. Dort - I. Joe - L. Waters III,1610612760,2022-23
203488-1628983-1629652-1630544-1630581,M. Muscala - S. Gilgeous-Alexander - L. Dort - T. Mann - J. Giddey,1610612760,2022-23
1628983-1629647-1629652-1630197-1631172,S. Gilgeous-Alexander - D. Bazley - L. Dort - A. Pokusevski - O. Dieng,1610612760,2022-23
1628983-1629647-1629652-1630598-1631114,S. Gilgeous-Alexander - D. Bazley - L. Dort - A. Wiggins - J. Williams,1610612760,2022-23
1628983-1629647-1629652-1630581-1630598,S. Gilgeous-Alexander - D. Bazley - L. Dort - J. Giddey - A. Wiggins,1610612760,2022-23
1628983-1629026-1629647-1629652-1630198,S. Gilgeous-Alexander - K. Williams - D. Bazley - L. Dort - I. Joe,1610612760,2022-23
1628983-1629026-1630526-1630581-1631114,S. Gilgeous-Alexander - K. Williams - J. Robinson-Earl - J. Giddey - J. Williams,1610612760,2022-23
1628983-1629026-1630322-1630598-1631114,S. Gilgeous-Alexander - K. Williams - L. Waters III - A. Wiggins - J. Williams,1610612760,2022-23
1628983-1629652-1630198-1630544-1631119,S. Gilgeous-Alexander - L. Dort - I. Joe - T. Mann - J. Williams,1610612760,2022-23
1628983-1629652-1630581-1630598-1631114,S. Gilgeous-Alexander - L. Dort - J. Giddey - A. Wiggins - J. Williams,1610612760,2022-23
1628983-1629652-1630544-1630581-1631119,S. Gilgeous-Alexander - L. Dort - T. Mann - J. Giddey - J. Williams,1610612760,2022-23
203967-1628983-1629652-1630198-1630581,D. Saric - S. Gilgeous-Alexander - L. Dort - I. Joe - J. Giddey,1610612760,2022-23
203967-1628983-1629652-1630198-1630322,D. Saric - S. Gilgeous-Alexander - L. Dort - I. Joe - L. Waters III,1610612760,2022-23
203967-1628983-1629652-1630198-1631172,D. Saric - S. Gilgeous-Alexander - L. Dort - I. Joe - O. Dieng,1610612760,2022-23
203488-1628983-1630198-1630598-1631172,M. Muscala - S. Gilgeous-Alexander - I. Joe - A. Wiggins - O. Dieng,1610612760,2022-23
203488-1628983-1630198-1630322-1630598,M. Muscala - S. Gilgeous-Alexander - I. Joe - L. Waters III - A. Wiggins,1610612760,2022-23
203488-1628983-1629026-1630198-1631114,M. Muscala - S. Gilgeous-Alexander - K. Williams - I. Joe - J. Williams,1610612760,2022-23
203488-1628983-1629026-1630322-1630544,M. Muscala - S. Gilgeous-Alexander - K. Williams - L. Waters III - T. Mann,1610612760,2022-23
203488-1628983-1629652-1630581-1630598,M. Muscala - S. Gilgeous-Alexander - L. Dort - J. Giddey - A. Wiggins,1610612760,2022-23
203488-1628983-1630544-1630598-1631114,M. Muscala - S. Gilgeous-Alexander - T. Mann - A. Wiggins - J. Williams,1610612760,2022-23
1628983-1629647-1630197-1630198-1631114,S. Gilgeous-Alexander - D. Bazley - A. Pokusevski - I. Joe - J. Williams,1610612760,2022-23
1628983-1630198-1630581-1630598-1631119,S. Gilgeous-Alexander - I. Joe - J. Giddey - A. Wiggins - J. Williams,1610612760,2022-23
1628983-1630581-1630598-1630647-1631114,S. Gilgeous-Alexander - J. Giddey - A. Wiggins - E. Omoruyi - J. Williams,1610612760,2022-23
1628983-1629026-1629647-1630197-1630198,S. Gilgeous-Alexander - K. Williams - D. Bazley - A. Pokusevski - I. Joe,1610612760,2022-23
1628983-1629026-1630198-1630598-1631114,S. Gilgeous-Alexander - K. Williams - I. Joe - A. Wiggins - J. Williams,1610612760,2022-23
1628983-1629026-1630198-1630581-1630598,S. Gilgeous-Alexander - K. Williams - I. Joe - J. Giddey - A. Wiggins,1610612760,2022-23
1628983-1629026-1630198-1630544-1631119,S. Gilgeous-Alexander - K. Williams - I. Joe - T. Mann - J. Williams,1610612760,2022-23
1628983-1629026-1629652-1630197-1630526,S. Gilgeous-Alexander - K. Williams - L. Dort - A. Pokusevski - J. Robinson-Earl,1610612760,2022-23
1628983-1629026-1629652-1630526-1630544,S. Gilgeous-Alexander - K. Williams - L. Dort - J. Robinson-Earl - T. Mann,1610612760,2022-23
1628983-1629652-1630197-1630198-1630598,S. Gilgeous-Alexander - L. Dort - A. Pokusevski - I. Joe - A. Wiggins,1610612760,2022-23
1628983-1629652-1630198-1630598-1631172,S. Gilgeous-Alexander - L. Dort - I. Joe - A. Wiggins - O. Dieng,1610612760,2022-23
1628983-1629652-1630198-1630526-1630581,S. Gilgeous-Alexander - L. Dort - I. Joe - J. Robinson-Earl - J. Giddey,1610612760,2022-23
1628983-1629652-1630198-1630526-1631114,S. Gilgeous-Alexander - L. Dort - I. Joe - J. Robinson-Earl - J. Williams,1610612760,2022-23
1628983-1629652-1630198-1630322-1631172,S. Gilgeous-Alexander - L. Dort - I. Joe - L. Waters III - O. Dieng,1610612760,2022-23
203967-1628983-1630198-1630581-1630598,D. Saric - S. Gilgeous-Alexander - I. Joe - J. Giddey - A. Wiggins,1610612760,2022-23
203967-1628983-1630198-1630322-1631172,D. Saric - S. Gilgeous-Alexander - I. Joe - L. Waters III - O. Dieng,1610612760,2022-23
203488-1628983-1629652-1630198-1631172,M. Muscala - S. Gilgeous-Alexander - L. Dort - I. Joe - O. Dieng,1610612760,2022-23
1628983-1630197-1630581-1630598-1631114,S. Gilgeous-Alexander - A. Pokusevski - J. Giddey - A. Wiggins - J. Williams,1610612760,2022-23
1628983-1630198-1630526-1630581-1631114,S. Gilgeous-Alexander - I. Joe - J. Robinson-Earl - J. Giddey - J. Williams,1610612760,2022-23
1628983-1630198-1630544-1631114-1631119,S. Gilgeous-Alexander - I. Joe - T. Mann - J. Williams - J. Williams,1610612760,2022-23
1628983-1629026-1629647-1630198-1631172,S. Gilgeous-Alexander - K. Williams - D. Bazley - I. Joe - O. Dieng,1610612760,2022-23
1628983-1629026-1629647-1629652-1630581,S. Gilgeous-Alexander - K. Williams - D. Bazley - L. Dort - J. Giddey,1610612760,2022-23
1628983-1629026-1629647-1629652-1630544,S. Gilgeous-Alexander - K. Williams - D. Bazley - L. Dort - T. Mann,1610612760,2022-23
1628983-1629026-1630198-1630598-1631119,S. Gilgeous-Alexander - K. Williams - I. Joe - A. Wiggins - J. Williams,1610612760,2022-23
1628983-1629026-1629652-1630322-1630598,S. Gilgeous-Alexander - K. Williams - L. Dort - L. Waters III - A. Wiggins,1610612760,2022-23
1628983-1629026-1629652-1630322-1630544,S. Gilgeous-Alexander - K. Williams - L. Dort - L. Waters III - T. Mann,1610612760,2022-23
1628983-1629026-1629652-1630544-1630581,S. Gilgeous-Alexander - K. Williams - L. Dort - T. Mann - J. Giddey,1610612760,2022-23
1628983-1629652-1630197-1630526-1630598,S. Gilgeous-Alexander - L. Dort - A. Pokusevski - J. Robinson-Earl - A. Wiggins,1610612760,2022-23
1628983-1629652-1630198-1630647-1631114,S. Gilgeous-Alexander - L. Dort - I. Joe - E. Omoruyi - J. Williams,1610612760,2022-23
1628983-1629652-1630322-1630598-1631114,S. Gilgeous-Alexander - L. Dort - L. Waters III - A. Wiggins - J. Williams,1610612760,2022-23
1628983-1629652-1630322-1630526-1630598,S. Gilgeous-Alexander - L. Dort - L. Waters III - J. Robinson-Earl - A. Wiggins,1610612760,2022-23
1628983-1629647-1629652-1630526-1630581,S. Gilgeous-Alexander - D. Bazley - L. Dort - J. Robinson-Earl - J. Giddey,1610612760,2021-22
1628983-1629652-1630526-1630581-1630598,S. Gilgeous-Alexander - L. Dort - J. Robinson-Earl - J. Giddey - A. Wiggins,1610612760,2021-22
202324-1628983-1629647-1629652-1630581,D. Favors - S. Gilgeous-Alexander - D. Bazley - L. Dort - J. Giddey,1610612760,2021-22
1628983-1629647-1629676-1630544-1630598,S. Gilgeous-Alexander - D. Bazley - I. Roby - T. Mann - A. Wiggins,1610612760,2021-22
202324-1628983-1629652-1630526-1630581,D. Favors - S. Gilgeous-Alexander - L. Dort - J. Robinson-Earl - J. Giddey,1610612760,2021-22
203488-1628983-1629647-1629652-1630581,M. Muscala - S. Gilgeous-Alexander - D. Bazley - L. Dort - J. Giddey,1610612760,2021-22
1628983-1629647-1629676-1630197-1630544,S. Gilgeous-Alexander - D. Bazley - I. Roby - A. Pokusevski - T. Mann,1610612760,2021-22
1628983-1629647-1629652-1630526-1630544,S. Gilgeous-Alexander - D. Bazley - L. Dort - J. Robinson-Earl - T. Mann,1610612760,2021-22
1628983-1629647-1630197-1630544-1630598,S. Gilgeous-Alexander - D. Bazley - A. Pokusevski - T. Mann - A. Wiggins,1610612760,2021-22
203488-1628983-1629652-1630581-1630598,M. Muscala - S. Gilgeous-Alexander - L. Dort - J. Giddey - A. Wiggins,1610612760,2021-22
202324-1628983-1629647-1630581-1630598,D. Favors - S. Gilgeous-Alexander - D. Bazley - J. Giddey - A. Wiggins,1610612760,2021-22
1628983-1629647-1629676-1630322-1630598,S. Gilgeous-Alexander - D. Bazley - I. Roby - L. Waters III - A. Wiggins,1610612760,2021-22
1628778-1628983-1629652-1629676-1630598,P. Watson - S. Gilgeous-Alexander - L. Dort - I. Roby - A. Wiggins,1610612760,2021-22
203488-1628983-1629026-1629652-1630581,M. Muscala - S. Gilgeous-Alexander - K. Williams - L. Dort - J. Giddey,1610612760,2021-22
1628983-1629647-1630177-1630544-1630846,S. Gilgeous-Alexander - D. Bazley - T. Maledon - T. Mann - O. Sarr,1610612760,2021-22
203488-1628983-1629652-1630526-1630581,M. Muscala - S. Gilgeous-Alexander - L. Dort - J. Robinson-Earl - J. Giddey,1610612760,2021-22
203488-1628983-1629026-1629647-1629652,M. Muscala - S. Gilgeous-Alexander - K. Williams - D. Bazley - L. Dort,1610612760,2021-22
202324-1628983-1629647-1630526-1630581,D. Favors - S. Gilgeous-Alexander - D. Bazley - J. Robinson-Earl - J. Giddey,1610612760,2021-22
1628983-1629647-1630197-1630544-1630846,S. Gilgeous-Alexander - D. Bazley - A. Pokusevski - T. Mann - O. Sarr,1610612760,2021-22
1628983-1629647-1629652-1629676-1630581,S. Gilgeous-Alexander - D. Bazley - L. Dort - I. Roby - J. Giddey,1610612760,2021-22
202324-1628983-1629647-1630544-1630581,D. Favors - S. Gilgeous-Alexander - D. Bazley - T. Mann - J. Giddey,1610612760,2021-22
202324-1628983-1629026-1629647-1629652,D. Favors - S. Gilgeous-Alexander - K. Williams - D. Bazley - L. Dort,1610612760,2021-22
1628983-1629647-1629676-1630249-1630544,S. Gilgeous-Alexander - D. Bazley - I. Roby - V. Krejci - T. Mann,1610612760,2021-22
1628983-1629026-1629647-1629652-1630526,S. Gilgeous-Alexander - K. Williams - D. Bazley - L. Dort - J. Robinson-Earl,1610612760,2021-22
202324-1628983-1629026-1629652-1630544,D. Favors - S. Gilgeous-Alexander - K. Williams - L. Dort - T. Mann,1610612760,2021-22
203488-1628983-1629647-1629652-1629660,M. Muscala - S. Gilgeous-Alexander - D. Bazley - L. Dort - T. Jerome,1610612760,2021-22
1628983-1629652-1630526-1630544-1630598,S. Gilgeous-Alexander - L. Dort - J. Robinson-Earl - T. Mann - A. Wiggins,1610612760,2021-22
1628983-1629652-1630526-1630544-1630581,S. Gilgeous-Alexander - L. Dort - J. Robinson-Earl - T. Mann - J. Giddey,1610612760,2021-22
203488-1628983-1629026-1629652-1629660,M. Muscala - S. Gilgeous-Alexander - K. Williams - L. Dort - T. Jerome,1610612760,2021-22
1628983-1629647-1629652-1630197-1630526,S. Gilgeous-Alexander - D. Bazley - L. Dort - A. Pokusevski - J. Robinson-Earl,1610612760,2021-22
1628983-1629026-1629652-1629676-1630598,S. Gilgeous-Alexander - K. Williams - L. Dort - I. Roby - A. Wiggins,1610612760,2021-22
203488-1628983-1629647-1629652-1630544,M. Muscala - S. Gilgeous-Alexander - D. Bazley - L. Dort - T. Mann,1610612760,2021-22
1628983-1629647-1629676-1630197-1630249,S. Gilgeous-Alexander - D. Bazley - I. Roby - A. Pokusevski - V. Krejci,1610612760,2021-22
202324-1628983-1629647-1629652-1630197,D. Favors - S. Gilgeous-Alexander - D. Bazley - L. Dort - A. Pokusevski,1610612760,2021-22
203488-1628983-1629652-1629660-1630598,M. Muscala - S. Gilgeous-Alexander - L. Dort - T. Jerome - A. Wiggins,1610612760,2021-22
203488-1628983-1629652-1630544-1630581,M. Muscala - S. Gilgeous-Alexander - L. Dort - T. Mann - J. Giddey,1610612760,2021-22
1628983-1630197-1630526-1630581-1630598,S. Gilgeous-Alexander - A. Pokusevski - J. Robinson-Earl - J. Giddey - A. Wiggins,1610612760,2021-22
1628983-1629647-1630322-1630544-1630846,S. Gilgeous-Alexander - D. Bazley - L. Waters III - T. Mann - O. Sarr,1610612760,2021-22
1628983-1629647-1630177-1630197-1630249,S. Gilgeous-Alexander - D. Bazley - T. Maledon - A. Pokusevski - V. Krejci,1610612760,2021-22
1628983-1629026-1629647-1630526-1630544,S. Gilgeous-Alexander - K. Williams - D. Bazley - J. Robinson-Earl - T. Mann,1610612760,2021-22
203488-1628983-1629647-1629652-1630526,M. Muscala - S. Gilgeous-Alexander - D. Bazley - L. Dort - J. Robinson-Earl,1610612760,2021-22
1628983-1629647-1630197-1630322-1630846,S. Gilgeous-Alexander - D. Bazley - A. Pokusevski - L. Waters III - O. Sarr,1610612760,2021-22
1628983-1629647-1629676-1630177-1630544,S. Gilgeous-Alexander - D. Bazley - I. Roby - T. Maledon - T. Mann,1610612760,2021-22
1628983-1629647-1629652-1630544-1630581,S. Gilgeous-Alexander - D. Bazley - L. Dort - T. Mann - J. Giddey,1610612760,2021-22
202324-1628983-1629026-1629652-1629660,D. Favors - S. Gilgeous-Alexander - K. Williams - L. Dort - T. Jerome,1610612760,2021-22
203488-1628983-1629026-1629652-1630197,M. Muscala - S. Gilgeous-Alexander - K. Williams - L. Dort - A. Pokusevski,1610612760,2021-22
203488-1628983-1629026-1629652-1630598,M. Muscala - S. Gilgeous-Alexander - K. Williams - L. Dort - A. Wiggins,1610612760,2021-22
1628983-1630197-1630249-1630322-1630598,S. Gilgeous-Alexander - A. Pokusevski - V. Krejci - L. Waters III - A. Wiggins,1610612760,2021-22
1628983-1629647-1630544-1630598-1630846,S. Gilgeous-Alexander - D. Bazley - T. Mann - A. Wiggins - O. Sarr,1610612760,2021-22
1628983-1629026-1629647-1630526-1630581,S. Gilgeous-Alexander - K. Williams - D. Bazley - J. Robinson-Earl - J. Giddey,1610612760,2021-22
1628983-1629026-1629647-1629660-1630526,S. Gilgeous-Alexander - K. Williams - D. Bazley - T. Jerome - J. Robinson-Earl,1610612760,2021-22
1628983-1629026-1629652-1630526-1630581,S. Gilgeous-Alexander - K. Williams - L. Dort - J. Robinson-Earl - J. Giddey,1610612760,2021-22
1628983-1629026-1629660-1630197-1630526,S. Gilgeous-Alexander - K. Williams - T. Jerome - A. Pokusevski - J. Robinson-Earl,1610612760,2021-22
202324-1628983-1629647-1629652-1630544,D. Favors - S. Gilgeous-Alexander - D. Bazley - L. Dort - T. Mann,1610612760,2021-22
202324-1628983-1629647-1630177-1630581,D. Favors - S. Gilgeous-Alexander - D. Bazley - T. Maledon - J. Giddey,1610612760,2021-22
203488-1628983-1629026-1630197-1630544,M. Muscala - S. Gilgeous-Alexander - K. Williams - A. Pokusevski - T. Mann,1610612760,2021-22
203488-1628983-1629652-1630526-1630598,M. Muscala - S. Gilgeous-Alexander - L. Dort - J. Robinson-Earl - A. Wiggins,1610612760,2021-22
1628778-1628983-1629676-1630197-1630544,P. Watson - S. Gilgeous-Alexander - I. Roby - A. Pokusevski - T. Mann,1610612760,2021-22
1628983-1630197-1630249-1630322-1630846,S. Gilgeous-Alexander - A. Pokusevski - V. Krejci - L. Waters III - O. Sarr,1610612760,2021-22
1628983-1629647-1630197-1630249-1630598,S. Gilgeous-Alexander - D. Bazley - A. Pokusevski - V. Krejci - A. Wiggins,1610612760,2021-22
1628983-1629647-1629652-1629660-1630526,S. Gilgeous-Alexander - D. Bazley - L. Dort - T. Jerome - J. Robinson-Earl,1610612760,2021-22
1628983-1629026-1630526-1630544-1630581,S. Gilgeous-Alexander - K. Williams - J. Robinson-Earl - T. Mann - J. Giddey,1610612760,2021-22
202324-1628983-1629652-1630197-1630544,D. Favors - S. Gilgeous-Alexander - L. Dort - A. Pokusevski - T. Mann,1610612760,2021-22
203488-1628983-1629026-1629647-1630544,M. Muscala - S. Gilgeous-Alexander - K. Williams - D. Bazley - T. Mann,1610612760,2021-22
203488-1628983-1629026-1629660-1630197,M. Muscala - S. Gilgeous-Alexander - K. Williams - T. Jerome - A. Pokusevski,1610612760,2021-22
203488-1628983-1629026-1630177-1630581,M. Muscala - S. Gilgeous-Alexander - K. Williams - T. Maledon - J. Giddey,1610612760,2021-22
1628983-1629647-1630197-1630598-1630846,S. Gilgeous-Alexander - D. Bazley - A. Pokusevski - A. Wiggins - O. Sarr,1610612760,2021-22
1628983-1629647-1630526-1630581-1630598,S. Gilgeous-Alexander - D. Bazley - J. Robinson-Earl - J. Giddey - A. Wiggins,1610612760,2021-22
1628983-1629647-1629652-1630581-1630598,S. Gilgeous-Alexander - D. Bazley - L. Dort - J. Giddey - A. Wiggins,1610612760,2021-22
1628983-1629647-1629652-1630544-1630598,S. Gilgeous-Alexander - D. Bazley - L. Dort - T. Mann - A. Wiggins,1610612760,2021-22
1628983-1629647-1630177-1630197-1630598,S. Gilgeous-Alexander - D. Bazley - T. Maledon - A. Pokusevski - A. Wiggins,1610612760,2021-22
1628983-1629676-1630197-1630322-1630598,S. Gilgeous-Alexander - I. Roby - A. Pokusevski - L. Waters III - A. Wiggins,1610612760,2021-22
1628983-1629676-1630197-1630249-1630322,S. Gilgeous-Alexander - I. Roby - A. Pokusevski - V. Krejci - L. Waters III,1610612760,2021-22
1628983-1629676-1630177-1630249-1630322,S. Gilgeous-Alexander - I. Roby - T. Maledon - V. Krejci - L. Waters III,1610612760,2021-22
1628983-1629026-1630197-1630526-1630544,S. Gilgeous-Alexander - K. Williams - A. Pokusevski - J. Robinson-Earl - T. Mann,1610612760,2021-22
1628983-1629026-1630526-1630581-1630598,S. Gilgeous-Alexander - K. Williams - J. Robinson-Earl - J. Giddey - A. Wiggins,1610612760,2021-22
1628983-1629026-1629652-1630526-1630598,S. Gilgeous-Alexander - K. Williams - L. Dort - J. Robinson-Earl - A. Wiggins,1610612760,2021-22
1628983-1629026-1629652-1629660-1630581,S. Gilgeous-Alexander - K. Williams - L. Dort - T. Jerome - J. Giddey,1610612760,2021-22
1628983-1630249-1630322-1630544-1630846,S. Gilgeous-Alexander - V. Krejci - L. Waters III - T. Mann - O. Sarr,1610612760,2021-22
202324-1628983-1629026-1630197-1630544,D. Favors - S. Gilgeous-Alexander - K. Williams - A. Pokusevski - T. Mann,1610612760,2021-22
202324-1628983-1629026-1629652-1630197,D. Favors - S. Gilgeous-Alexander - K. Williams - L. Dort - A. Pokusevski,1610612760,2021-22
203488-1628983-1630197-1630581-1630598,M. Muscala - S. Gilgeous-Alexander - A. Pokusevski - J. Giddey - A. Wiggins,1610612760,2021-22
203488-1628983-1629647-1629660-1630544,M. Muscala - S. Gilgeous-Alexander - D. Bazley - T. Jerome - T. Mann,1610612760,2021-22
203488-1628983-1629026-1629652-1630526,M. Muscala - S. Gilgeous-Alexander - K. Williams - L. Dort - J. Robinson-Earl,1610612760,2021-22
1628983-1629647-1629652-1630197-1630544,S. Gilgeous-Alexander - D. Bazley - L. Dort - A. Pokusevski - T. Mann,1610612760,2021-22
1628983-1629647-1630322-1630544-1630598,S. Gilgeous-Alexander - D. Bazley - L. Waters III - T. Mann - A. Wiggins,1610612760,2021-22
1628983-1629647-1629660-1630526-1630581,S. Gilgeous-Alexander - D. Bazley - T. Jerome - J. Robinson-Earl - J. Giddey,1610612760,2021-22
1628983-1629647-1630177-1630197-1630544,S. Gilgeous-Alexander - D. Bazley - T. Maledon - A. Pokusevski - T. Mann,1610612760,2021-22
1628983-1629647-1630249-1630544-1630846,S. Gilgeous-Alexander - D. Bazley - V. Krejci - T. Mann - O. Sarr,1610612760,2021-22
1628983-1629026-1629647-1630544-1630598,S. Gilgeous-Alexander - K. Williams - D. Bazley - T. Mann - A. Wiggins,1610612760,2021-22
1628983-1629026-1630526-1630544-1630598,S. Gilgeous-Alexander - K. Williams - J. Robinson-Earl - T. Mann - A. Wiggins,1610612760,2021-22
1628983-1629026-1629660-1630526-1630581,S. Gilgeous-Alexander - K. Williams - T. Jerome - J. Robinson-Earl - J. Giddey,1610612760,2021-22
1628983-1630177-1630249-1630322-1630846,S. Gilgeous-Alexander - T. Maledon - V. Krejci - L. Waters III - O. Sarr,1610612760,2021-22
202324-1628983-1629647-1629652-1630526,D. Favors - S. Gilgeous-Alexander - D. Bazley - L. Dort - J. Robinson-Earl,1610612760,2021-22
203488-1628983-1629026-1630177-1630197,M. Muscala - S. Gilgeous-Alexander - K. Williams - T. Maledon - A. Pokusevski,1610612760,2021-22
1628778-1628983-1629652-1629676-1630544,P. Watson - S. Gilgeous-Alexander - L. Dort - I. Roby - T. Mann,1610612760,2021-22
1628983-1629647-1630249-1630322-1630846,S. Gilgeous-Alexander - D. Bazley - V. Krejci - L. Waters III - O. Sarr,1610612760,2021-22
1628983-1629676-1630197-1630544-1630598,S. Gilgeous-Alexander - I. Roby - A. Pokusevski - T. Mann - A. Wiggins,1610612760,2021-22
1628983-1630526-1630544-1630581-1630598,S. Gilgeous-Alexander - J. Robinson-Earl - T. Mann - J. Giddey - A. Wiggins,1610612760,2021-22
1628983-1629026-1629647-1630197-1630544,S. Gilgeous-Alexander - K. Williams - D. Bazley - A. Pokusevski - T. Mann,1610612760,2021-22
1628983-1629026-1629647-1629652-1630581,S. Gilgeous-Alexander - K. Williams - D. Bazley - L. Dort - J. Giddey,1610612760,2021-22
1628983-1629026-1629676-1630197-1630598,S. Gilgeous-Alexander - K. Williams - I. Roby - A. Pokusevski - A. Wiggins,1610612760,2021-22
1628983-1629026-1630177-1630526-1630581,S. Gilgeous-Alexander - K. Williams - T. Maledon - J. Robinson-Earl - J. Giddey,1610612760,2021-22
1628983-1629603-1629647-1629652-1630598,S. Gilgeous-Alexander - M. Diakite - D. Bazley - L. Dort - A. Wiggins,1610612760,2021-22
201143-201588-1628983-1629647-1629652,A. Horford - G. Hill - S. Gilgeous-Alexander - D. Bazley - L. Dort,1610612760,2020-21
201143-1628983-1629647-1629652-1630177,A. Horford - S. Gilgeous-Alexander - D. Bazley - L. Dort - T. Maledon,1610612760,2020-21
1628983-1629647-1629652-1629676-1630177,S. Gilgeous-Alexander - D. Bazley - L. Dort - I. Roby - T. Maledon,1610612760,2020-21
201588-1628983-1629647-1629652-1629676,G. Hill - S. Gilgeous-Alexander - D. Bazley - L. Dort - I. Roby,1610612760,2020-21
1628983-1629650-1629676-1630177-1630197,S. Gilgeous-Alexander - M. Brown - I. Roby - T. Maledon - A. Pokusevski,1610612760,2020-21
201143-1628977-1628983-1629647-1629652,A. Horford - H. Diallo - S. Gilgeous-Alexander - D. Bazley - L. Dort,1610612760,2020-21
203488-1628977-1628983-1630177-1630197,M. Muscala - H. Diallo - S. Gilgeous-Alexander - T. Maledon - A. Pokusevski,1610612760,2020-21
203488-1628977-1628983-1629647-1630177,M. Muscala - H. Diallo - S. Gilgeous-Alexander - D. Bazley - T. Maledon,1610612760,2020-21
1628983-1629026-1629647-1629652-1629676,S. Gilgeous-Alexander - K. Williams - D. Bazley - L. Dort - I. Roby,1610612760,2020-21
201143-1628983-1629652-1629676-1630197,A. Horford - S. Gilgeous-Alexander - L. Dort - I. Roby - A. Pokusevski,1610612760,2020-21
201143-1628983-1629652-1630177-1630197,A. Horford - S. Gilgeous-Alexander - L. Dort - T. Maledon - A. Pokusevski,1610612760,2020-21
1628382-1628983-1629647-1629652-1629676,J. Jackson - S. Gilgeous-Alexander - D. Bazley - L. Dort - I. Roby,1610612760,2020-21
201588-203488-1628983-1629647-1629652,G. Hill - M. Muscala - S. Gilgeous-Alexander - D. Bazley - L. Dort,1610612760,2020-21
1628382-1628983-1629650-1629660-1630197,J. Jackson - S. Gilgeous-Alexander - M. Brown - T. Jerome - A. Pokusevski,1610612760,2020-21
1628983-1629026-1629647-1629652-1630177,S. Gilgeous-Alexander - K. Williams - D. Bazley - L. Dort - T. Maledon,1610612760,2020-21
203488-1628977-1628983-1629647-1629652,M. Muscala - H. Diallo - S. Gilgeous-Alexander - D. Bazley - L. Dort,1610612760,2020-21
1628977-1628983-1629647-1629652-1629676,H. Diallo - S. Gilgeous-Alexander - D. Bazley - L. Dort - I. Roby,1610612760,2020-21
203488-1628983-1629647-1629652-1630177,M. Muscala - S. Gilgeous-Alexander - D. Bazley - L. Dort - T. Maledon,1610612760,2020-21
1628983-1629026-1629650-1629660-1630177,S. Gilgeous-Alexander - K. Williams - M. Brown - T. Jerome - T. Maledon,1610612760,2020-21
1628983-1629660-1629676-1630177-1630197,S. Gilgeous-Alexander - T. Jerome - I. Roby - T. Maledon - A. Pokusevski,1610612760,2020-21
203488-1628977-1628983-1629026-1630197,M. Muscala - H. Diallo - S. Gilgeous-Alexander - K. Williams - A. Pokusevski,1610612760,2020-21
203488-1628977-1628983-1629026-1629676,M. Muscala - H. Diallo - S. Gilgeous-Alexander - K. Williams - I. Roby,1610612760,2020-21
1628977-1628983-1629026-1629676-1630197,H. Diallo - S. Gilgeous-Alexander - K. Williams - I. Roby - A. Pokusevski,1610612760,2020-21
1628382-1628977-1628983-1629026-1629647,J. Jackson - H. Diallo - S. Gilgeous-Alexander - K. Williams - D. Bazley,1610612760,2020-21
201588-203488-1628983-1629026-1629652,G. Hill - M. Muscala - S. Gilgeous-Alexander - K. Williams - L. Dort,1610612760,2020-21
201588-1628983-1629026-1629652-1629676,G. Hill - S. Gilgeous-Alexander - K. Williams - L. Dort - I. Roby,1610612760,2020-21
201143-201588-1628977-1628983-1629652,A. Horford - G. Hill - H. Diallo - S. Gilgeous-Alexander - L. Dort,1610612760,2020-21
201143-1628977-1628983-1629652-1630177,A. Horford - H. Diallo - S. Gilgeous-Alexander - L. Dort - T. Maledon,1610612760,2020-21
201143-1628983-1629647-1629652-1629660,A. Horford - S. Gilgeous-Alexander - D. Bazley - L. Dort - T. Jerome,1610612760,2020-21
201143-1628983-1629652-1629660-1630197,A. Horford - S. Gilgeous-Alexander - L. Dort - T. Jerome - A. Pokusevski,1610612760,2020-21
1628977-1628983-1629647-1629676-1630177,H. Diallo - S. Gilgeous-Alexander - D. Bazley - I. Roby - T. Maledon,1610612760,2020-21
203488-1628983-1629026-1629652-1629660,M. Muscala - S. Gilgeous-Alexander - K. Williams - L. Dort - T. Jerome,1610612760,2020-21
203488-1628977-1628983-1629026-1629652,M. Muscala - H. Diallo - S. Gilgeous-Alexander - K. Williams - L. Dort,1610612760,2020-21
203488-1628977-1628983-1629652-1630177,M. Muscala - H. Diallo - S. Gilgeous-Alexander - L. Dort - T. Maledon,1610612760,2020-21
203488-1628983-1629026-1629660-1629676,M. Muscala - S. Gilgeous-Alexander - K. Williams - T. Jerome - I. Roby,1610612760,2020-21
1628983-1629026-1629650-1629660-1629676,S. Gilgeous-Alexander - K. Williams - M. Brown - T. Jerome - I. Roby,1610612760,2020-21
201143-201588-1628977-1628983-1629647,A. Horford - G. Hill - H. Diallo - S. Gilgeous-Alexander - D. Bazley,1610612760,2020-21
203121-1628983-1629026-1629660-1629676,D. Miller - S. Gilgeous-Alexander - K. Williams - T. Jerome - I. Roby,1610612760,2020-21
1628382-1628977-1628983-1629647-1629676,J. Jackson - H. Diallo - S. Gilgeous-Alexander - D. Bazley - I. Roby,1610612760,2020-21
203488-1628977-1628983-1629026-1630177,M. Muscala - H. Diallo - S. Gilgeous-Alexander - K. Williams - T. Maledon,1610612760,2020-21
203488-1628983-1629026-1629647-1629652,M. Muscala - S. Gilgeous-Alexander - K. Williams - D. Bazley - L. Dort,1610612760,2020-21
1628983-1629026-1629676-1630177-1630197,S. Gilgeous-Alexander - K. Williams - I. Roby - T. Maledon - A. Pokusevski,1610612760,2020-21
1628983-1629026-1629652-1629660-1629676,S. Gilgeous-Alexander - K. Williams - L. Dort - T. Jerome - I. Roby,1610612760,2020-21
1628983-1629026-1629660-1629676-1630197,S. Gilgeous-Alexander - K. Williams - T. Jerome - I. Roby - A. Pokusevski,1610612760,2020-21
201143-201588-1628983-1629652-1630177,A. Horford - G. Hill - S. Gilgeous-Alexander - L. Dort - T. Maledon,1610612760,2020-21
201143-1628977-1628983-1629026-1629647,A. Horford - H. Diallo - S. Gilgeous-Alexander - K. Williams - D. Bazley,1610612760,2020-21
201143-1628382-1628983-1629647-1630177,A. Horford - J. Jackson - S. Gilgeous-Alexander - D. Bazley - T. Maledon,1610612760,2020-21
201143-1628382-1628983-1629652-1630177,A. Horford - J. Jackson - S. Gilgeous-Alexander - L. Dort - T. Maledon,1610612760,2020-21
201143-1628983-1629026-1629647-1629660,A. Horford - S. Gilgeous-Alexander - K. Williams - D. Bazley - T. Jerome,1610612760,2020-21
1628977-1628983-1629026-1629676-1630177,H. Diallo - S. Gilgeous-Alexander - K. Williams - I. Roby - T. Maledon,1610612760,2020-21
1628382-1628977-1628983-1629647-1629652,J. Jackson - H. Diallo - S. Gilgeous-Alexander - D. Bazley - L. Dort,1610612760,2020-21
203488-1628977-1628983-1629676-1630197,M. Muscala - H. Diallo - S. Gilgeous-Alexander - I. Roby - A. Pokusevski,1610612760,2020-21
203488-1628382-1628977-1628983-1629026,M. Muscala - J. Jackson - H. Diallo - S. Gilgeous-Alexander - K. Williams,1610612760,2020-21
201143-201588-1628983-1629647-1630177,A. Horford - G. Hill - S. Gilgeous-Alexander - D. Bazley - T. Maledon,1610612760,2020-21
201143-1628977-1628983-1629026-1629652,A. Horford - H. Diallo - S. Gilgeous-Alexander - K. Williams - L. Dort,1610612760,2020-21
1628977-1628983-1629026-1629647-1629652,H. Diallo - S. Gilgeous-Alexander - K. Williams - D. Bazley - L. Dort,1610612760,2020-21
1628977-1628983-1629026-1629652-1630177,H. Diallo - S. Gilgeous-Alexander - K. Williams - L. Dort - T. Maledon,1610612760,2020-21
1628382-1628983-1629026-1629676-1630197,J. Jackson - S. Gilgeous-Alexander - K. Williams - I. Roby - A. Pokusevski,1610612760,2020-21
203488-1628977-1628983-1629026-1629647,M. Muscala - H. Diallo - S. Gilgeous-Alexander - K. Williams - D. Bazley,1610612760,2020-21
203488-1628382-1628983-1629647-1630177,M. Muscala - J. Jackson - S. Gilgeous-Alexander - D. Bazley - T. Maledon,1610612760,2020-21
203488-1628382-1628983-1629026-1629676,M. Muscala - J. Jackson - S. Gilgeous-Alexander - K. Williams - I. Roby,1610612760,2020-21
203488-1628983-1629647-1629652-1629676,M. Muscala - S. Gilgeous-Alexander - D. Bazley - L. Dort - I. Roby,1610612760,2020-21
203488-1628983-1629026-1629652-1630177,M. Muscala - S. Gilgeous-Alexander - K. Williams - L. Dort - T. Maledon,1610612760,2020-21
101108-201568-203500-1628390-1628983,C. Paul - D. Gallinari - S. Adams - T. Ferguson - S. Gilgeous-Alexander,1610612760,2019-20
101108-201568-203500-1628983-1629652,C. Paul - D. Gallinari - S. Adams - S. Gilgeous-Alexander - L. Dort,1610612760,2019-20
101108-201568-203471-203500-1628983,C. Paul - D. Gallinari - D. Schroder - S. Adams - S. Gilgeous-Alexander,1610612760,2019-20
101108-201568-203457-1628390-1628983,C. Paul - D. Gallinari - N. Noel - T. Ferguson - S. Gilgeous-Alexander,1610612760,2019-20
101108-201568-203457-1628983-1629652,C. Paul - D. Gallinari - N. Noel - S. Gilgeous-Alexander - L. Dort,1610612760,2019-20
101108-201568-203457-203471-1628983,C. Paul - D. Gallinari - N. Noel - D. Schroder - S. Gilgeous-Alexander,1610612760,2019-20
203471-203488-1628977-1628983-1629647,D. Schroder - M. Muscala - H. Diallo - S. Gilgeous-Alexander - D. Bazley,1610612760,2019-20
201568-203457-203471-1628390-1628983,D. Gallinari - N. Noel - D. Schroder - T. Ferguson - S. Gilgeous-Alexander,1610612760,2019-20
201568-203471-203500-1628390-1628983,D. Gallinari - D. Schroder - S. Adams - T. Ferguson - S. Gilgeous-Alexander,1610612760,2019-20
201568-203457-203471-1628983-1629652,D. Gallinari - N. Noel - D. Schroder - S. Gilgeous-Alexander - L. Dort,1610612760,2019-20
101108-201568-203500-1627846-1628983,C. Paul - D. Gallinari - S. Adams - A. Nader - S. Gilgeous-Alexander,1610612760,2019-20
101108-203500-1628390-1628983-1629647,C. Paul - S. Adams - T. Ferguson - S. Gilgeous-Alexander - D. Bazley,1610612760,2019-20
203457-203471-1628390-1628983-1629647,N. Noel - D. Schroder - T. Ferguson - S. Gilgeous-Alexander - D. Bazley,1610612760,2019-20
203457-203471-1627846-1628983-1629647,N. Noel - D. Schroder - A. Nader - S. Gilgeous-Alexander - D. Bazley,1610612760,2019-20
101108-203471-203500-1628390-1628983,C. Paul - D. Schroder - S. Adams - T. Ferguson - S. Gilgeous-Alexander,1610612760,2019-20
101108-201568-203471-203488-1628983,C. Paul - D. Gallinari - D. Schroder - M. Muscala - S. Gilgeous-Alexander,1610612760,2019-20
101108-201568-203500-1628977-1628983,C. Paul - D. Gallinari - S. Adams - H. Diallo - S. Gilgeous-Alexander,1610612760,2019-20
201568-203471-203500-1628983-1629652,D. Gallinari - D. Schroder - S. Adams - S. Gilgeous-Alexander - L. Dort,1610612760,2019-20
203471-203500-1627846-1628390-1628983,D. Schroder - S. Adams - A. Nader - T. Ferguson - S. Gilgeous-Alexander,1610612760,2019-20
203457-203471-1628977-1628983-1629647,N. Noel - D. Schroder - H. Diallo - S. Gilgeous-Alexander - D. Bazley,1610612760,2019-20
201568-203457-203471-1627846-1628983,D. Gallinari - N. Noel - D. Schroder - A. Nader - S. Gilgeous-Alexander,1610612760,2019-20
201568-203471-203488-1628977-1628983,D. Gallinari - D. Schroder - M. Muscala - H. Diallo - S. Gilgeous-Alexander,1610612760,2019-20
101108-201568-203488-1628983-1629652,C. Paul - D. Gallinari - M. Muscala - S. Gilgeous-Alexander - L. Dort,1610612760,2019-20
203457-203471-1628983-1629647-1629652,N. Noel - D. Schroder - S. Gilgeous-Alexander - D. Bazley - L. Dort,1610612760,2019-20
101108-201568-203488-1628390-1628983,C. Paul - D. Gallinari - M. Muscala - T. Ferguson - S. Gilgeous-Alexander,1610612760,2019-20
201568-203471-203488-1628983-1629652,D. Gallinari - D. Schroder - M. Muscala - S. Gilgeous-Alexander - L. Dort,1610612760,2019-20
203471-203500-1627846-1628983-1629647,D. Schroder - S. Adams - A. Nader - S. Gilgeous-Alexander - D. Bazley,1610612760,2019-20
203471-203500-1628977-1628983-1629647,D. Schroder - S. Adams - H. Diallo - S. Gilgeous-Alexander - D. Bazley,1610612760,2019-20
201568-203471-203488-1628390-1628983,D. Gallinari - D. Schroder - M. Muscala - T. Ferguson - S. Gilgeous-Alexander,1610612760,2019-20
101108-203457-1628390-1628983-1629647,C. Paul - N. Noel - T. Ferguson - S. Gilgeous-Alexander - D. Bazley,1610612760,2019-20
201568-203457-203471-1628977-1628983,D. Gallinari - N. Noel - D. Schroder - H. Diallo - S. Gilgeous-Alexander,1610612760,2019-20
201568-203471-203500-1628977-1628983,D. Gallinari - D. Schroder - S. Adams - H. Diallo - S. Gilgeous-Alexander,1610612760,2019-20
203471-203500-1628390-1628983-1629647,D. Schroder - S. Adams - T. Ferguson - S. Gilgeous-Alexander - D. Bazley,1610612760,2019-20
101108-201568-203457-1627846-1628983,C. Paul - D. Gallinari - N. Noel - A. Nader - S. Gilgeous-Alexander,1610612760,2019-20
203457-203471-1627846-1628390-1628983,N. Noel - D. Schroder - A. Nader - T. Ferguson - S. Gilgeous-Alexander,1610612760,2019-20
101108-203500-1628983-1629647-1629652,C. Paul - S. Adams - S. Gilgeous-Alexander - D. Bazley - L. Dort,1610612760,2019-20
203471-203488-1628390-1628983-1629647,D. Schroder - M. Muscala - T. Ferguson - S. Gilgeous-Alexander - D. Bazley,1610612760,2019-20
101108-201568-203457-1628977-1628983,C. Paul - D. Gallinari - N. Noel - H. Diallo - S. Gilgeous-Alexander,1610612760,2019-20
101108-203500-1627846-1628983-1629647,C. Paul - S. Adams - A. Nader - S. Gilgeous-Alexander - D. Bazley,1610612760,2019-20
101108-203500-1628977-1628983-1629647,C. Paul - S. Adams - H. Diallo - S. Gilgeous-Alexander - D. Bazley,1610612760,2019-20
101108-203471-203500-1628983-1629647,C. Paul - D. Schroder - S. Adams - S. Gilgeous-Alexander - D. Bazley,1610612760,2019-20
203471-203500-1628983-1629647-1629652,D. Schroder - S. Adams - S. Gilgeous-Alexander - D. Bazley - L. Dort,1610612760,2019-20
203457-203471-1627846-1628977-1628983,N. Noel - D. Schroder - A. Nader - H. Diallo - S. Gilgeous-Alexander,1610612760,2019-20
101108-203457-1628977-1628983-1629647,C. Paul - N. Noel - H. Diallo - S. Gilgeous-Alexander - D. Bazley,1610612760,2019-20
101108-203500-1627846-1628390-1628983,C. Paul - S. Adams - A. Nader - T. Ferguson - S. Gilgeous-Alexander,1610612760,2019-20
101108-203500-1628977-1628983-1629652,C. Paul - S. Adams - H. Diallo - S. Gilgeous-Alexander - L. Dort,1610612760,2019-20
201568-203471-203500-1627846-1628983,D. Gallinari - D. Schroder - S. Adams - A. Nader - S. Gilgeous-Alexander,1610612760,2019-20
203457-203460-1628977-1628983-1629647,N. Noel - A. Roberson - H. Diallo - S. Gilgeous-Alexander - D. Bazley,1610612760,2019-20
101108-203457-203471-1628983-1629647,C. Paul - N. Noel - D. Schroder - S. Gilgeous-Alexander - D. Bazley,1610612760,2019-20
203457-1627846-1628977-1628983-1629647,N. Noel - A. Nader - H. Diallo - S. Gilgeous-Alexander - D. Bazley,1610612760,2019-20
101108-203488-1628977-1628983-1629647,C. Paul - M. Muscala - H. Diallo - S. Gilgeous-Alexander - D. Bazley,1610612760,2019-20
101108-203457-203471-1628390-1628983,C. Paul - N. Noel - D. Schroder - T. Ferguson - S. Gilgeous-Alexander,1610612760,2019-20
203471-203488-1627846-1628390-1628983,D. Schroder - M. Muscala - A. Nader - T. Ferguson - S. Gilgeous-Alexander,1610612760,2019-20
101108-201568-1628983-1629647-1629652,C. Paul - D. Gallinari - S. Gilgeous-Alexander - D. Bazley - L. Dort,1610612760,2019-20
101108-203471-203500-1628983-1629652,C. Paul - D. Schroder - S. Adams - S. Gilgeous-Alexander - L. Dort,1610612760,2019-20
201568-203457-1627846-1628977-1628983,D. Gallinari - N. Noel - A. Nader - H. Diallo - S. Gilgeous-Alexander,1610612760,2019-20
203471-203500-1627846-1628983-1629126,D. Schroder - S. Adams - A. Nader - S. Gilgeous-Alexander - D. Burton,1610612760,2019-20
203457-203471-1627846-1628983-1629126,N. Noel - D. Schroder - A. Nader - S. Gilgeous-Alexander - D. Burton,1610612760,2019-20
203500-1627846-1628983-1629647-1629652,S. Adams - A. Nader - S. Gilgeous-Alexander - D. Bazley - L. Dort,1610612760,2019-20
1627846-1628390-1628977-1628983-1629647,A. Nader - T. Ferguson - H. Diallo - S. Gilgeous-Alexander - D. Bazley,1610612760,2019-20
101108-201568-203471-1628977-1628983,C. Paul - D. Gallinari - D. Schroder - H. Diallo - S. Gilgeous-Alexander,1610612760,2019-20
101108-203471-203488-203500-1628983,C. Paul - D. Schroder - M. Muscala - S. Adams - S. Gilgeous-Alexander,1610612760,2019-20
101108-203488-1628983-1629647-1629652,C. Paul - M. Muscala - S. Gilgeous-Alexander - D. Bazley - L. Dort,1610612760,2019-20
101108-203488-1628390-1628983-1629647,C. Paul - M. Muscala - T. Ferguson - S. Gilgeous-Alexander - D. Bazley,1610612760,2019-20
101108-203500-1628390-1628983-1629126,C. Paul - S. Adams - T. Ferguson - S. Gilgeous-Alexander - D. Burton,1610612760,2019-20
203471-203500-1627846-1628977-1628983,D. Schroder - S. Adams - A. Nader - H. Diallo - S. Gilgeous-Alexander,1610612760,2019-20
203457-203471-1627846-1628983-1629652,N. Noel - D. Schroder - A. Nader - S. Gilgeous-Alexander - L. Dort,1610612760,2019-20
1627846-1628977-1628983-1629647-1629652,A. Nader - H. Diallo - S. Gilgeous-Alexander - D. Bazley - L. Dort,1610612760,2019-20
101108-201568-203460-203500-1628983,C. Paul - D. Gallinari - A. Roberson - S. Adams - S. Gilgeous-Alexander,1610612760,2019-20
101108-201568-203471-1628983-1629652,C. Paul - D. Gallinari - D. Schroder - S. Gilgeous-Alexander - L. Dort,1610612760,2019-20
101108-201568-203471-1628390-1628983,C. Paul - D. Gallinari - D. Schroder - T. Ferguson - S. Gilgeous-Alexander,1610612760,2019-20
101108-203457-203471-1628977-1628983,C. Paul - N. Noel - D. Schroder - H. Diallo - S. Gilgeous-Alexander,1610612760,2019-20
101108-203457-1628390-1628983-1629126,C. Paul - N. Noel - T. Ferguson - S. Gilgeous-Alexander - D. Burton,1610612760,2019-20
201568-203471-203500-1628983-1629647,D. Gallinari - D. Schroder - S. Adams - S. Gilgeous-Alexander - D. Bazley,1610612760,2019-20
201568-203457-203460-1628977-1628983,D. Gallinari - N. Noel - A. Roberson - H. Diallo - S. Gilgeous-Alexander,1610612760,2019-20
201568-203500-1627846-1628983-1629652,D. Gallinari - S. Adams - A. Nader - S. Gilgeous-Alexander - L. Dort,1610612760,2019-20
203471-1628383-1628390-1628983-1629647,D. Schroder - J. Patton - T. Ferguson - S. Gilgeous-Alexander - D. Bazley,1610612760,2019-20
203471-203488-1628983-1629647-1629652,D. Schroder - M. Muscala - S. Gilgeous-Alexander - D. Bazley - L. Dort,1610612760,2019-20
203471-203488-1628390-1628977-1628983,D. Schroder - M. Muscala - T. Ferguson - H. Diallo - S. Gilgeous-Alexander,1610612760,2019-20
203471-203500-1628977-1628983-1629126,D. Schroder - S. Adams - H. Diallo - S. Gilgeous-Alexander - D. Burton,1610612760,2019-20
1628977-1628983-1628987-1629647-1629652,H. Diallo - S. Gilgeous-Alexander - K. Hervey - D. Bazley - L. Dort,1610612760,2019-20
203457-1627846-1628983-1629647-1629652,N. Noel - A. Nader - S. Gilgeous-Alexander - D. Bazley - L. Dort,1610612760,2019-20
203457-203471-1628390-1628977-1628983,N. Noel - D. Schroder - T. Ferguson - H. Diallo - S. Gilgeous-Alexander,1610612760,2019-20
203457-1628390-1628977-1628983-1629647,N. Noel - T. Ferguson - H. Diallo - S. Gilgeous-Alexander - D. Bazley,1610612760,2019-20
203500-1628977-1628983-1629647-1629652,S. Adams - H. Diallo - S. Gilgeous-Alexander - D. Bazley - L. Dort,1610612760,2019-20
101108-201568-203457-1628983-1629126,C. Paul - D. Gallinari - N. Noel - S. Gilgeous-Alexander - D. Burton,1610612760,2019-20
101108-203471-1628977-1628983-1629126,C. Paul - D. Schroder - H. Diallo - S. Gilgeous-Alexander - D. Burton,1610612760,2019-20
101108-203471-203500-1627846-1628983,C. Paul - D. Schroder - S. Adams - A. Nader - S. Gilgeous-Alexander,1610612760,2019-20
101108-203488-1627846-1628390-1628983,C. Paul - M. Muscala - A. Nader - T. Ferguson - S. Gilgeous-Alexander,1610612760,2019-20
101108-203488-203500-1628390-1628983,C. Paul - M. Muscala - S. Adams - T. Ferguson - S. Gilgeous-Alexander,1610612760,2019-20
101108-203457-203460-1628983-1629647,C. Paul - N. Noel - A. Roberson - S. Gilgeous-Alexander - D. Bazley,1610612760,2019-20
101108-203457-203471-1627846-1628983,C. Paul - N. Noel - D. Schroder - A. Nader - S. Gilgeous-Alexander,1610612760,2019-20
101108-203457-1628983-1629126-1629652,C. Paul - N. Noel - S. Gilgeous-Alexander - D. Burton - L. Dort,1610612760,2019-20
101108-203500-1627846-1628983-1629652,C. Paul - S. Adams - A. Nader - S. Gilgeous-Alexander - L. Dort,1610612760,2019-20
201568-203457-1627846-1628983-1629652,D. Gallinari - N. Noel - A. Nader - S. Gilgeous-Alexander - L. Dort,1610612760,2019-20
201568-203457-203460-203471-1628983,D. Gallinari - N. Noel - A. Roberson - D. Schroder - S. Gilgeous-Alexander,1610612760,2019-20
201568-203457-203471-1628983-1629126,D. Gallinari - N. Noel - D. Schroder - S. Gilgeous-Alexander - D. Burton,1610612760,2019-20
201568-203457-1628977-1628983-1629652,D. Gallinari - N. Noel - H. Diallo - S. Gilgeous-Alexander - L. Dort,1610612760,2019-20
201568-203457-1628390-1628977-1628983,D. Gallinari - N. Noel - T. Ferguson - H. Diallo - S. Gilgeous-Alexander,1610612760,2019-20
201568-203500-1628390-1628977-1628983,D. Gallinari - S. Adams - T. Ferguson - H. Diallo - S. Gilgeous-Alexander,1610612760,2019-20
203471-203488-1627846-1628983-1629126,D. Schroder - M. Muscala - A. Nader - S. Gilgeous-Alexander - D. Burton,1610612760,2019-20
203471-203488-1627846-1628983-1629676,D. Schroder - M. Muscala - A. Nader - S. Gilgeous-Alexander - I. Roby,1610612760,2019-20
203471-203488-203500-1627846-1628983,D. Schroder - M. Muscala - S. Adams - A. Nader - S. Gilgeous-Alexander,1610612760,2019-20
203488-1628977-1628983-1629647-1629652,M. Muscala - H. Diallo - S. Gilgeous-Alexander - D. Bazley - L. Dort,1610612760,2019-20
203457-203471-1628977-1628983-1629126,N. Noel - D. Schroder - H. Diallo - S. Gilgeous-Alexander - D. Burton,1610612760,2019-20
203457-1628977-1628983-1629647-1629652,N. Noel - H. Diallo - S. Gilgeous-Alexander - D. Bazley - L. Dort,1610612760,2019-20
203457-1628390-1628983-1629647-1629652,N. Noel - T. Ferguson - S. Gilgeous-Alexander - D. Bazley - L. Dort,1610612760,2019-20
203500-1628390-1628977-1628983-1629647,S. Adams - T. Ferguson - H. Diallo - S. Gilgeous-Alexander - D. Bazley,1610612760,2019-20
1627846-1628390-1628983-1629647-1629652,A. Nader - T. Ferguson - S. Gilgeous-Alexander - D. Bazley - L. Dort,1610612760,2019-20
203460-203500-1628983-1629647-1629652,A. Roberson - S. Adams - S. Gilgeous-Alexander - D. Bazley - L. Dort,1610612760,2019-20
101108-201568-203488-1628977-1628983,C. Paul - D. Gallinari - M. Muscala - H. Diallo - S. Gilgeous-Alexander,1610612760,2019-20
101108-203488-203500-1628983-1629652,C. Paul - M. Muscala - S. Adams - S. Gilgeous-Alexander - L. Dort,1610612760,2019-20
101108-203457-1627846-1628983-1629647,C. Paul - N. Noel - A. Nader - S. Gilgeous-Alexander - D. Bazley,1610612760,2019-20
101108-203457-203471-203488-1628983,C. Paul - N. Noel - D. Schroder - M. Muscala - S. Gilgeous-Alexander,1610612760,2019-20
201568-203460-203500-1628983-1629652,D. Gallinari - A. Roberson - S. Adams - S. Gilgeous-Alexander - L. Dort,1610612760,2019-20
201568-203471-1628383-1628983-1629647,D. Gallinari - D. Schroder - J. Patton - S. Gilgeous-Alexander - D. Bazley,1610612760,2019-20
201568-203471-203488-1628983-1629647,D. Gallinari - D. Schroder - M. Muscala - S. Gilgeous-Alexander - D. Bazley,1610612760,2019-20
201568-1628977-1628983-1629647-1629652,D. Gallinari - H. Diallo - S. Gilgeous-Alexander - D. Bazley - L. Dort,1610612760,2019-20
201568-203488-1627846-1628390-1628983,D. Gallinari - M. Muscala - A. Nader - T. Ferguson - S. Gilgeous-Alexander,1610612760,2019-20
201568-203457-1628977-1628983-1629126,D. Gallinari - N. Noel - H. Diallo - S. Gilgeous-Alexander - D. Burton,1610612760,2019-20
203471-203488-1628977-1628983-1629126,D. Schroder - M. Muscala - H. Diallo - S. Gilgeous-Alexander - D. Burton,1610612760,2019-20
203471-203488-1628983-1629126-1629652,D. Schroder - M. Muscala - S. Gilgeous-Alexander - D. Burton - L. Dort,1610612760,2019-20
1628977-1628983-1629126-1629647-1629652,H. Diallo - S. Gilgeous-Alexander - D. Burton - D. Bazley - L. Dort,1610612760,2019-20
203488-1627846-1628977-1628983-1629647,M. Muscala - A. Nader - H. Diallo - S. Gilgeous-Alexander - D. Bazley,1610612760,2019-20
203457-1628390-1628983-1628987-1629126,N. Noel - T. Ferguson - S. Gilgeous-Alexander - K. Hervey - D. Burton,1610612760,2019-20
203500-1628977-1628983-1629126-1629647,S. Adams - H. Diallo - S. Gilgeous-Alexander - D. Burton - D. Bazley,1610612760,2019-20
203500-1628390-1628983-1629126-1629647,S. Adams - T. Ferguson - S. Gilgeous-Alexander - D. Burton - D. Bazley,1610612760,2019-20
101162-201568-202340-202699-1628983,M. Gortat - D. Gallinari - A. Bradley - T. Harris - S. Gilgeous-Alexander,1610612746,2018-19
201568-201976-1627826-1628983-1629013,D. Gallinari - P. Beverley - I. Zubac - S. Gilgeous-Alexander - L. Shamet,1610612746,2018-19
101162-201976-202340-202699-1628983,M. Gortat - P. Beverley - A. Bradley - T. Harris - S. Gilgeous-Alexander,1610612746,2018-19
201568-202340-202699-1626149-1628983,D. Gallinari - A. Bradley - T. Harris - M. Harrell - S. Gilgeous-Alexander,1610612746,2018-19
201976-202340-202699-1626149-1628983,P. Beverley - A. Bradley - T. Harris - M. Harrell - S. Gilgeous-Alexander,1610612746,2018-19
201568-202340-202699-1626246-1628983,D. Gallinari - A. Bradley - T. Harris - B. Marjanovic - S. Gilgeous-Alexander,1610612746,2018-19
101162-201568-201976-202699-1628983,M. Gortat - D. Gallinari - P. Beverley - T. Harris - S. Gilgeous-Alexander,1610612746,2018-19
101150-201568-201976-1626149-1628983,L. Williams - D. Gallinari - P. Beverley - M. Harrell - S. Gilgeous-Alexander,1610612746,2018-19
101150-201568-202699-1626149-1628983,L. Williams - D. Gallinari - T. Harris - M. Harrell - S. Gilgeous-Alexander,1610612746,2018-19
201568-202066-1627826-1628983-1629013,D. Gallinari - G. Temple - I. Zubac - S. Gilgeous-Alexander - L. Shamet,1610612746,2018-19
101150-203118-1626149-1628462-1628983,L. Williams - M. Scott - M. Harrell - M. Teodosic - S. Gilgeous-Alexander,1610612746,2018-19
201568-201976-202066-1627826-1628983,D. Gallinari - P. Beverley - G. Temple - I. Zubac - S. Gilgeous-Alexander,1610612746,2018-19
101150-202066-203210-1626149-1628983,L. Williams - G. Temple - J. Green - M. Harrell - S. Gilgeous-Alexander,1610612746,2018-19
201568-201976-202699-1626149-1628983,D. Gallinari - P. Beverley - T. Harris - M. Harrell - S. Gilgeous-Alexander,1610612746,2018-19
201976-203210-1627826-1628983-1629013,P. Beverley - J. Green - I. Zubac - S. Gilgeous-Alexander - L. Shamet,1610612746,2018-19
201568-201976-1626149-1628983-1629013,D. Gallinari - P. Beverley - M. Harrell - S. Gilgeous-Alexander - L. Shamet,1610612746,2018-19
101150-202699-203118-1626149-1628983,L. Williams - T. Harris - M. Scott - M. Harrell - S. Gilgeous-Alexander,1610612746,2018-19
201568-201976-202699-1626246-1628983,D. Gallinari - P. Beverley - T. Harris - B. Marjanovic - S. Gilgeous-Alexander,1610612746,2018-19
101150-202340-202699-1626149-1628983,L. Williams - A. Bradley - T. Harris - M. Harrell - S. Gilgeous-Alexander,1610612746,2018-19
101150-201568-202066-1626149-1628983,L. Williams - D. Gallinari - G. Temple - M. Harrell - S. Gilgeous-Alexander,1610612746,2018-19
101150-201163-1626149-1628983-1629013,L. Williams - W. Chandler - M. Harrell - S. Gilgeous-Alexander - L. Shamet,1610612746,2018-19
201568-201976-202340-202699-1628983,D. Gallinari - P. Beverley - A. Bradley - T. Harris - S. Gilgeous-Alexander,1610612746,2018-19
101150-201601-203118-1626149-1628983,L. Williams - L. Mbah a Moute - M. Scott - M. Harrell - S. Gilgeous-Alexander,1610612746,2018-19
101150-203118-1626149-1628983-1629010,L. Williams - M. Scott - M. Harrell - S. Gilgeous-Alexander - J. Robinson,1610612746,2018-19
101150-201976-203118-1626149-1628983,L. Williams - P. Beverley - M. Scott - M. Harrell - S. Gilgeous-Alexander,1610612746,2018-19
101150-201568-201976-1627826-1628983,L. Williams - D. Gallinari - P. Beverley - I. Zubac - S. Gilgeous-Alexander,1610612746,2018-19
101150-201568-201976-202699-1628983,L. Williams - D. Gallinari - P. Beverley - T. Harris - S. Gilgeous-Alexander,1610612746,2018-19
201976-203118-1626149-1627820-1628983,P. Beverley - M. Scott - M. Harrell - T. Wallace - S. Gilgeous-Alexander,1610612746,2018-19
202340-202699-203118-1626149-1628983,A. Bradley - T. Harris - M. Scott - M. Harrell - S. Gilgeous-Alexander,1610612746,2018-19
101150-203210-1626149-1628983-1629013,L. Williams - J. Green - M. Harrell - S. Gilgeous-Alexander - L. Shamet,1610612746,2018-19
101150-201568-202340-202699-1628983,L. Williams - D. Gallinari - A. Bradley - T. Harris - S. Gilgeous-Alexander,1610612746,2018-19
101150-201568-1626149-1628983-1629013,L. Williams - D. Gallinari - M. Harrell - S. Gilgeous-Alexander - L. Shamet,1610612746,2018-19
201568-201976-1626149-1628414-1628983,D. Gallinari - P. Beverley - M. Harrell - S. Thornwell - S. Gilgeous-Alexander,1610612746,2018-19
101150-201601-202699-1626246-1628983,L. Williams - L. Mbah a Moute - T. Harris - B. Marjanovic - S. Gilgeous-Alexander,1610612746,2018-19
101150-202699-1626149-1626246-1628983,L. Williams - T. Harris - M. Harrell - B. Marjanovic - S. Gilgeous-Alexander,1610612746,2018-19
203118-1626246-1627820-1628414-1628983,M. Scott - B. Marjanovic - T. Wallace - S. Thornwell - S. Gilgeous-Alexander,1610612746,2018-19
203118-1626246-1627820-1628983-1629010,M. Scott - B. Marjanovic - T. Wallace - S. Gilgeous-Alexander - J. Robinson,1610612746,2018-19
101150-201568-202699-1626246-1628983,L. Williams - D. Gallinari - T. Harris - B. Marjanovic - S. Gilgeous-Alexander,1610612746,2018-19
201568-202066-1626149-1628983-1629013,D. Gallinari - G. Temple - M. Harrell - S. Gilgeous-Alexander - L. Shamet,1610612746,2018-19
201568-201976-1626149-1627820-1628983,D. Gallinari - P. Beverley - M. Harrell - T. Wallace - S. Gilgeous-Alexander,1610612746,2018-19
101150-101162-201568-202699-1628983,L. Williams - M. Gortat - D. Gallinari - T. Harris - S. Gilgeous-Alexander,1610612746,2018-19
1626246-1627820-1628405-1628414-1628983,B. Marjanovic - T. Wallace - J. Motley - S. Thornwell - S. Gilgeous-Alexander,1610612746,2018-19
101150-202340-202699-1626246-1628983,L. Williams - A. Bradley - T. Harris - B. Marjanovic - S. Gilgeous-Alexander,1610612746,2018-19
101150-203118-1626246-1628462-1628983,L. Williams - M. Scott - B. Marjanovic - M. Teodosic - S. Gilgeous-Alexander,1610612746,2018-19
101150-201976-203210-1626149-1628983,L. Williams - P. Beverley - J. Green - M. Harrell - S. Gilgeous-Alexander,1610612746,2018-19
201568-202066-203210-1628983-1629013,D. Gallinari - G. Temple - J. Green - S. Gilgeous-Alexander - L. Shamet,1610612746,2018-19
101150-202066-203210-1627826-1628983,L. Williams - G. Temple - J. Green - I. Zubac - S. Gilgeous-Alexander,1610612746,2018-19
101150-201601-202699-1626149-1628983,L. Williams - L. Mbah a Moute - T. Harris - M. Harrell - S. Gilgeous-Alexander,1610612746,2018-19
1627820-1628405-1628414-1628983-1629010,T. Wallace - J. Motley - S. Thornwell - S. Gilgeous-Alexander - J. Robinson,1610612746,2018-19
101150-201568-202340-1626149-1628983,L. Williams - D. Gallinari - A. Bradley - M. Harrell - S. Gilgeous-Alexander,1610612746,2018-19
101150-201568-202066-1627826-1628983,L. Williams - D. Gallinari - G. Temple - I. Zubac - S. Gilgeous-Alexander,1610612746,2018-19
101150-101162-202340-202699-1628983,L. Williams - M. Gortat - A. Bradley - T. Harris - S. Gilgeous-Alexander,1610612746,2018-19
101150-201976-202699-1626149-1628983,L. Williams - P. Beverley - T. Harris - M. Harrell - S. Gilgeous-Alexander,1610612746,2018-19
201976-1626149-1628405-1628414-1628983,P. Beverley - M. Harrell - J. Motley - S. Thornwell - S. Gilgeous-Alexander,1610612746,2018-19
1627820-1628405-1628983-1629010-1629116,T. Wallace - J. Motley - S. Gilgeous-Alexander - J. Robinson - A. Delgado,1610612746,2018-19
101150-201568-1627826-1628983-1629013,L. Williams - D. Gallinari - I. Zubac - S. Gilgeous-Alexander - L. Shamet,1610612746,2018-19
101150-201568-203210-1628983-1629013,L. Williams - D. Gallinari - J. Green - S. Gilgeous-Alexander - L. Shamet,1610612746,2018-19
101150-1626149-1628405-1628983-1629010,L. Williams - M. Harrell - J. Motley - S. Gilgeous-Alexander - J. Robinson,1610612746,2018-19
101150-201976-1626149-1627820-1628983,L. Williams - P. Beverley - M. Harrell - T. Wallace - S. Gilgeous-Alexander,1610612746,2018-19
101150-201163-202066-1626149-1628983,L. Williams - W. Chandler - G. Temple - M. Harrell - S. Gilgeous-Alexander,1610612746,2018-19
101162-202340-202699-203118-1628983,M. Gortat - A. Bradley - T. Harris - M. Scott - S. Gilgeous-Alexander,1610612746,2018-19
203118-1626149-1627820-1628983-1629010,M. Scott - M. Harrell - T. Wallace - S. Gilgeous-Alexander - J. Robinson,1610612746,2018-19
201976-202340-203118-1626149-1628983,P. Beverley - A. Bradley - M. Scott - M. Harrell - S. Gilgeous-Alexander,1610612746,2018-19
201976-203210-1626149-1628983-1629013,P. Beverley - J. Green - M. Harrell - S. Gilgeous-Alexander - L. Shamet,1610612746,2018-19
201976-202699-203118-1626149-1628983,P. Beverley - T. Harris - M. Scott - M. Harrell - S. Gilgeous-Alexander,1610612746,2018-19
201568-201976-202699-203118-1628983,D. Gallinari - P. Beverley - T. Harris - M. Scott - S. Gilgeous-Alexander,1610612746,2018-19
201568-202699-1626149-1627820-1628983,D. Gallinari - T. Harris - M. Harrell - T. Wallace - S. Gilgeous-Alexander,1610612746,2018-19
202066-203210-1628405-1628983-1629013,G. Temple - J. Green - J. Motley - S. Gilgeous-Alexander - L. Shamet,1610612746,2018-19
101150-202340-203118-1626149-1628983,L. Williams - A. Bradley - M. Scott - M. Harrell - S. Gilgeous-Alexander,1610612746,2018-19
202340-1626149-1628405-1628983-1629010,A. Bradley - M. Harrell - J. Motley - S. Gilgeous-Alexander - J. Robinson,1610612746,2018-19
202066-203210-1626149-1628983-1629013,G. Temple - J. Green - M. Harrell - S. Gilgeous-Alexander - L. Shamet,1610612746,2018-19
202066-1626149-1627826-1628983-1629013,G. Temple - M. Harrell - I. Zubac - S. Gilgeous-Alexander - L. Shamet,1610612746,2018-19
202066-1626149-1627820-1627826-1628983,G. Temple - M. Harrell - T. Wallace - I. Zubac - S. Gilgeous-Alexander,1610612746,2018-19
101150-201568-201976-203210-1628983,L. Williams - D. Gallinari - P. Beverley - J. Green - S. Gilgeous-Alexander,1610612746,2018-19
101150-201601-203118-1626246-1628983,L. Williams - L. Mbah a Moute - M. Scott - B. Marjanovic - S. Gilgeous-Alexander,1610612746,2018-19
101150-101162-201568-202340-1628983,L. Williams - M. Gortat - D. Gallinari - A. Bradley - S. Gilgeous-Alexander,1610612746,2018-19
101150-101162-201976-202699-1628983,L. Williams - M. Gortat - P. Beverley - T. Harris - S. Gilgeous-Alexander,1610612746,2018-19
101150-203118-1626149-1628414-1628983,L. Williams - M. Scott - M. Harrell - S. Thornwell - S. Gilgeous-Alexander,1610612746,2018-19
101150-201976-203118-1626246-1628983,L. Williams - P. Beverley - M. Scott - B. Marjanovic - S. Gilgeous-Alexander,1610612746,2018-19
101150-202699-1626149-1628983-1629010,L. Williams - T. Harris - M. Harrell - S. Gilgeous-Alexander - J. Robinson,1610612746,2018-19
201976-202340-202699-1628405-1628983,P. Beverley - A. Bradley - T. Harris - J. Motley - S. Gilgeous-Alexander,1610612746,2018-19
201976-202066-203210-1626149-1628983,P. Beverley - G. Temple - J. Green - M. Harrell - S. Gilgeous-Alexander,1610612746,2018-19
201976-203118-1626149-1628414-1628983,P. Beverley - M. Scott - M. Harrell - S. Thornwell - S. Gilgeous-Alexander,1610612746,2018-19
201163-1626149-1628983-1629010-1629013,W. Chandler - M. Harrell - S. Gilgeous-Alexander - J. Robinson - L. Shamet,1610612746,2018-19
202340-202699-1626149-1627820-1628983,A. Bradley - T. Harris - M. Harrell - T. Wallace - S. Gilgeous-Alexander,1610612746,2018-19
202340-202699-1627820-1628405-1628983,A. Bradley - T. Harris - T. Wallace - J. Motley - S. Gilgeous-Alexander,1610612746,2018-19
201568-1627820-1628983-1629010-1629116,D. Gallinari - T. Wallace - S. Gilgeous-Alexander - J. Robinson - A. Delgado,1610612746,2018-19
203210-1627826-1628414-1628983-1629013,J. Green - I. Zubac - S. Thornwell - S. Gilgeous-Alexander - L. Shamet,1610612746,2018-19
101150-201568-201601-1626246-1628983,L. Williams - D. Gallinari - L. Mbah a Moute - B. Marjanovic - S. Gilgeous-Alexander,1610612746,2018-19
101150-201568-201976-1626246-1628983,L. Williams - D. Gallinari - P. Beverley - B. Marjanovic - S. Gilgeous-Alexander,1610612746,2018-19
101150-202066-1626149-1627826-1628983,L. Williams - G. Temple - M. Harrell - I. Zubac - S. Gilgeous-Alexander,1610612746,2018-19
101150-203210-1626149-1627820-1628983,L. Williams - J. Green - M. Harrell - T. Wallace - S. Gilgeous-Alexander,1610612746,2018-19
101150-101162-202699-203118-1628983,L. Williams - M. Gortat - T. Harris - M. Scott - S. Gilgeous-Alexander,1610612746,2018-19
101150-203118-1626149-1627820-1628983,L. Williams - M. Scott - M. Harrell - T. Wallace - S. Gilgeous-Alexander,1610612746,2018-19
101150-201976-202340-1626149-1628983,L. Williams - P. Beverley - A. Bradley - M. Harrell - S. Gilgeous-Alexander,1610612746,2018-19
101150-202699-1628405-1628983-1629010,L. Williams - T. Harris - J. Motley - S. Gilgeous-Alexander - J. Robinson,1610612746,2018-19
101150-202699-203118-1626246-1628983,L. Williams - T. Harris - M. Scott - B. Marjanovic - S. Gilgeous-Alexander,1610612746,2018-19
101150-201163-1627826-1628983-1629013,L. Williams - W. Chandler - I. Zubac - S. Gilgeous-Alexander - L. Shamet,1610612746,2018-19
101150-201163-1626149-1628983-1629010,L. Williams - W. Chandler - M. Harrell - S. Gilgeous-Alexander - J. Robinson,1610612746,2018-19
101162-202340-202699-1628983-1629010,M. Gortat - A. Bradley - T. Harris - S. Gilgeous-Alexander - J. Robinson,1610612746,2018-19
101162-201601-202340-202699-1628983,M. Gortat - L. Mbah a Moute - A. Bradley - T. Harris - S. Gilgeous-Alexander,1610612746,2018-19
1626149-1626246-1627820-1628983-1629010,M. Harrell - B. Marjanovic - T. Wallace - S. Gilgeous-Alexander - J. Robinson,1610612746,2018-19
1626149-1627820-1628405-1628983-1629010,M. Harrell - T. Wallace - J. Motley - S. Gilgeous-Alexander - J. Robinson,1610612746,2018-19
203118-1627820-1628405-1628414-1628983,M. Scott - T. Wallace - J. Motley - S. Thornwell - S. Gilgeous-Alexander,1610612746,2018-19
201976-202340-202699-1626246-1628983,P. Beverley - A. Bradley - T. Harris - B. Marjanovic - S. Gilgeous-Alexander,1610612746,2018-19
201976-202699-1628405-1628414-1628983,P. Beverley - T. Harris - J. Motley - S. Thornwell - S. Gilgeous-Alexander,1610612746,2018-19
201976-202699-1626149-1628414-1628983,P. Beverley - T. Harris - M. Harrell - S. Thornwell - S. Gilgeous-Alexander,1610612746,2018-19
201163-202066-1627826-1628983-1629013,W. Chandler - G. Temple - I. Zubac - S. Gilgeous-Alexander - L. Shamet,1610612746,2018-19
201163-1627826-1628983-1629010-1629013,W. Chandler - I. Zubac - S. Gilgeous-Alexander - J. Robinson - L. Shamet,1610612746,2018-19
201163-203210-1628983-1629010-1629013,W. Chandler - J. Green - S. Gilgeous-Alexander - J. Robinson - L. Shamet,1610612746,2018-19
201935-1626181-1627739-1627826-1627884,J. Harden - N. Powell - K. Dunn - I. Zubac - D. Jones Jr.,1610612746,2024-25
201935-202695-1626181-1627739-1627826,J. Harden - K. Leonard - N. Powell - K. Dunn - I. Zubac,1610612746,2024-25
201935-202695-1626181-1627826-1627884,J. Harden - K. Leonard - N. Powell - I. Zubac - D. Jones Jr.,1610612746,2024-25
201935-1627739-1627826-1627884-1629599,J. Harden - K. Dunn - I. Zubac - D. Jones Jr. - A. Coffey,1610612746,2024-25
201935-1626181-1627826-1627884-1629611,J. Harden - N. Powell - I. Zubac - D. Jones Jr. - T. Mann,1610612746,2024-25
201935-1626181-1627826-1627884-1629599,J. Harden - N. Powell - I. Zubac - D. Jones Jr. - A. Coffey,1610612746,2024-25
201587-201935-202695-1627739-1627826,N. Batum - J. Harden - K. Leonard - K. Dunn - I. Zubac,1610612746,2024-25
201935-202695-1627739-1627826-1627884,J. Harden - K. Leonard - K. Dunn - I. Zubac - D. Jones Jr.,1610612746,2024-25
201587-201935-203992-1627739-1627826,N. Batum - J. Harden - B. Bogdanović - K. Dunn - I. Zubac,1610612746,2024-25
201935-1626181-1627739-1627826-1629599,J. Harden - N. Powell - K. Dunn - I. Zubac - A. Coffey,1610612746,2024-25
201935-202695-203992-1627739-1627826,J. Harden - K. Leonard - B. Bogdanović - K. Dunn - I. Zubac,1610612746,2024-25
201587-201935-1628964-1629599-1629645,N. Batum - J. Harden - M. Bamba - A. Coffey - K. Porter Jr.,1610612746,2024-25
201587-201935-203992-1627732-1627884,N. Batum - J. Harden - B. Bogdanović - B. Simmons - D. Jones Jr.,1610612746,2024-25
201587-202695-203992-1627732-1627884,N. Batum - K. Leonard - B. Bogdanović - B. Simmons - D. Jones Jr.,1610612746,2024-25
201587-201935-1626181-1627739-1627826,N. Batum - J. Harden - N. Powell - K. Dunn - I. Zubac,1610612746,2024-25
201935-202695-1627739-1627826-1629599,J. Harden - K. Leonard - K. Dunn - I. Zubac - A. Coffey,1610612746,2024-25
201587-201935-1629599-1629611-1629645,N. Batum - J. Harden - A. Coffey - T. Mann - K. Porter Jr.,1610612746,2024-25
201587-201935-1626181-1627826-1629599,N. Batum - J. Harden - N. Powell - I. Zubac - A. Coffey,1610612746,2024-25
201587-201935-203992-1627826-1627884,N. Batum - J. Harden - B. Bogdanović - I. Zubac - D. Jones Jr.,1610612746,2024-25
201935-203992-1627739-1627826-1629599,J. Harden - B. Bogdanović - K. Dunn - I. Zubac - A. Coffey,1610612746,2024-25
201935-202695-203992-1627826-1627884,J. Harden - K. Leonard - B. Bogdanović - I. Zubac - D. Jones Jr.,1610612746,2024-25
201935-202695-1627826-1627884-1629599,J. Harden - K. Leonard - I. Zubac - D. Jones Jr. - A. Coffey,1610612746,2024-25
201935-202695-1626181-1627826-1629599,J. Harden - K. Leonard - N. Powell - I. Zubac - A. Coffey,1610612746,2024-25
201935-202695-203992-1626181-1627826,J. Harden - K. Leonard - B. Bogdanović - N. Powell - I. Zubac,1610612746,2024-25
202695-203992-1627732-1627884-1629599,K. Leonard - B. Bogdanović - B. Simmons - D. Jones Jr. - A. Coffey,1610612746,2024-25
201587-201935-1627884-1629599-1629611,N. Batum - J. Harden - D. Jones Jr. - A. Coffey - T. Mann,1610612746,2024-25
201587-201935-1627826-1627884-1629599,N. Batum - J. Harden - I. Zubac - D. Jones Jr. - A. Coffey,1610612746,2024-25
201587-201935-203992-1627732-1629599,N. Batum - J. Harden - B. Bogdanović - B. Simmons - A. Coffey,1610612746,2024-25
201587-201935-1627739-1627826-1629599,N. Batum - J. Harden - K. Dunn - I. Zubac - A. Coffey,1610612746,2024-25
201587-201935-1626181-1627826-1627884,N. Batum - J. Harden - N. Powell - I. Zubac - D. Jones Jr.,1610612746,2024-25
201935-203992-1627826-1627884-1629599,J. Harden - B. Bogdanović - I. Zubac - D. Jones Jr. - A. Coffey,1610612746,2024-25
201935-203992-1626181-1627826-1627884,J. Harden - B. Bogdanović - N. Powell - I. Zubac - D. Jones Jr.,1610612746,2024-25
201935-1626181-1627826-1629599-1629611,J. Harden - N. Powell - I. Zubac - A. Coffey - T. Mann,1610612746,2024-25
201935-1626181-1627739-1627884-1628964,J. Harden - N. Powell - K. Dunn - D. Jones Jr. - M. Bamba,1610612746,2024-25
201587-201935-1627739-1629599-1629645,N. Batum - J. Harden - K. Dunn - A. Coffey - K. Porter Jr.,1610612746,2024-25
201587-201935-1627739-1629645-1630539,N. Batum - J. Harden - K. Dunn - K. Porter Jr. - K. Jones,1610612746,2024-25
201935-1627826-1627884-1629599-1629645,J. Harden - I. Zubac - D. Jones Jr. - A. Coffey - K. Porter Jr.,1610612746,2024-25
202695-203992-1627826-1627884-1629599,K. Leonard - B. Bogdanović - I. Zubac - D. Jones Jr. - A. Coffey,1610612746,2024-25
201935-203992-1626181-1627739-1627826,J. Harden - B. Bogdanović - N. Powell - K. Dunn - I. Zubac,1610612746,2024-25
201935-1626181-1627826-1629599-1629645,J. Harden - N. Powell - I. Zubac - A. Coffey - K. Porter Jr.,1610612746,2024-25
201935-1626181-1627739-1627826-1629645,J. Harden - N. Powell - K. Dunn - I. Zubac - K. Porter Jr.,1610612746,2024-25
201587-201935-202695-1627826-1627884,N. Batum - J. Harden - K. Leonard - I. Zubac - D. Jones Jr.,1610612746,2024-25
201587-201935-1626181-1627884-1629599,N. Batum - J. Harden - N. Powell - D. Jones Jr. - A. Coffey,1610612746,2024-25
201587-201935-1626181-1627739-1627884,N. Batum - J. Harden - N. Powell - K. Dunn - D. Jones Jr.,1610612746,2024-25
201935-202695-203992-1627826-1629599,J. Harden - K. Leonard - B. Bogdanović - I. Zubac - A. Coffey,1610612746,2024-25
202695-1626181-1627826-1629599-1629645,K. Leonard - N. Powell - I. Zubac - A. Coffey - K. Porter Jr.,1610612746,2024-25
201587-201935-1628964-1629611-1629645,N. Batum - J. Harden - M. Bamba - T. Mann - K. Porter Jr.,1610612746,2024-25
201935-1626181-1627884-1629611-1630539,J. Harden - N. Powell - D. Jones Jr. - T. Mann - K. Jones,1610612746,2024-25
201935-1626181-1627826-1627884-1629645,J. Harden - N. Powell - I. Zubac - D. Jones Jr. - K. Porter Jr.,1610612746,2024-25
201935-1626181-1627739-1627826-1629611,J. Harden - N. Powell - K. Dunn - I. Zubac - T. Mann,1610612746,2024-25
201587-201935-1627826-1629599-1629611,N. Batum - J. Harden - I. Zubac - A. Coffey - T. Mann,1610612746,2024-25
201587-201935-1626181-1627826-1629645,N. Batum - J. Harden - N. Powell - I. Zubac - K. Porter Jr.,1610612746,2024-25
201587-202695-1629599-1629611-1629645,N. Batum - K. Leonard - A. Coffey - T. Mann - K. Porter Jr.,1610612746,2024-25
201587-202695-203992-1627732-1629599,N. Batum - K. Leonard - B. Bogdanović - B. Simmons - A. Coffey,1610612746,2024-25
201935-1627826-1627884-1629599-1629611,J. Harden - I. Zubac - D. Jones Jr. - A. Coffey - T. Mann,1610612746,2024-25
201587-201935-203992-1627884-1629599,N. Batum - J. Harden - B. Bogdanović - D. Jones Jr. - A. Coffey,1610612746,2024-25
201587-201935-203992-1627826-1629599,N. Batum - J. Harden - B. Bogdanović - I. Zubac - A. Coffey,1610612746,2024-25
201587-201935-203992-1626181-1627732,N. Batum - J. Harden - B. Bogdanović - N. Powell - B. Simmons,1610612746,2024-25
201935-203992-1627732-1627884-1629599,J. Harden - B. Bogdanović - B. Simmons - D. Jones Jr. - A. Coffey,1610612746,2024-25
201935-201988-1627884-1629234-1629599,J. Harden - P. Mills - D. Jones Jr. - D. Eubanks - A. Coffey,1610612746,2024-25
202695-203992-1626181-1627826-1627884,K. Leonard - B. Bogdanović - N. Powell - I. Zubac - D. Jones Jr.,1610612746,2024-25
201587-201935-1627739-1629234-1629599,N. Batum - J. Harden - K. Dunn - D. Eubanks - A. Coffey,1610612746,2024-25
201587-201935-1628964-1629599-1641757,N. Batum - J. Harden - M. Bamba - A. Coffey - J. Miller,1610612746,2024-25
201587-201935-1626181-1627732-1627739,N. Batum - J. Harden - N. Powell - B. Simmons - K. Dunn,1610612746,2024-25
201587-201935-1626181-1627884-1629611,N. Batum - J. Harden - N. Powell - D. Jones Jr. - T. Mann,1610612746,2024-25
201587-201935-1626181-1627826-1629611,N. Batum - J. Harden - N. Powell - I. Zubac - T. Mann,1610612746,2024-25
201587-202695-1627826-1629611-1629645,N. Batum - K. Leonard - I. Zubac - T. Mann - K. Porter Jr.,1610612746,2024-25
201935-1627826-1627884-1629611-1629645,J. Harden - I. Zubac - D. Jones Jr. - T. Mann - K. Porter Jr.,1610612746,2024-25
201935-1627739-1627826-1627884-1629645,J. Harden - K. Dunn - I. Zubac - D. Jones Jr. - K. Porter Jr.,1610612746,2024-25
202695-1628964-1629599-1629611-1629645,K. Leonard - M. Bamba - A. Coffey - T. Mann - K. Porter Jr.,1610612746,2024-25
201587-201935-1627884-1628964-1629599,N. Batum - J. Harden - D. Jones Jr. - M. Bamba - A. Coffey,1610612746,2024-25
201587-201935-1627826-1627884-1629645,N. Batum - J. Harden - I. Zubac - D. Jones Jr. - K. Porter Jr.,1610612746,2024-25
201587-201935-1627826-1629611-1629645,N. Batum - J. Harden - I. Zubac - T. Mann - K. Porter Jr.,1610612746,2024-25
201587-201935-1628964-1629599-1629611,N. Batum - J. Harden - M. Bamba - A. Coffey - T. Mann,1610612746,2024-25
201935-1629234-1629599-1641738-1641757,J. Harden - D. Eubanks - A. Coffey - K. Brown - J. Miller,1610612746,2024-25
201935-202695-203992-1627732-1627884,J. Harden - K. Leonard - B. Bogdanović - B. Simmons - D. Jones Jr.,1610612746,2024-25
201935-1626181-1627884-1629599-1629611,J. Harden - N. Powell - D. Jones Jr. - A. Coffey - T. Mann,1610612746,2024-25
202695-203992-1627732-1627826-1627884,K. Leonard - B. Bogdanović - B. Simmons - I. Zubac - D. Jones Jr.,1610612746,2024-25
202695-203992-1626181-1627732-1629599,K. Leonard - B. Bogdanović - N. Powell - B. Simmons - A. Coffey,1610612746,2024-25
202695-1626181-1627739-1627826-1629599,K. Leonard - N. Powell - K. Dunn - I. Zubac - A. Coffey,1610612746,2024-25
201587-201935-1627884-1629599-1629645,N. Batum - J. Harden - D. Jones Jr. - A. Coffey - K. Porter Jr.,1610612746,2024-25
201587-201935-1628964-1629645-1641757,N. Batum - J. Harden - M. Bamba - K. Porter Jr. - J. Miller,1610612746,2024-25
201587-201935-1628964-1629611-1641757,N. Batum - J. Harden - M. Bamba - T. Mann - J. Miller,1610612746,2024-25
201587-201935-1626181-1629599-1629645,N. Batum - J. Harden - N. Powell - A. Coffey - K. Porter Jr.,1610612746,2024-25
201587-202695-203992-1629234-1629599,N. Batum - K. Leonard - B. Bogdanović - D. Eubanks - A. Coffey,1610612746,2024-25
201587-202695-1627739-1629234-1629599,N. Batum - K. Leonard - K. Dunn - D. Eubanks - A. Coffey,1610612746,2024-25
201935-203992-1626181-1627732-1627884,J. Harden - B. Bogdanović - N. Powell - B. Simmons - D. Jones Jr.,1610612746,2024-25
201935-1626181-1627884-1629599-1629645,J. Harden - N. Powell - D. Jones Jr. - A. Coffey - K. Porter Jr.,1610612746,2024-25
201935-1626181-1627739-1627884-1629611,J. Harden - N. Powell - K. Dunn - D. Jones Jr. - T. Mann,1610612746,2024-25
202695-203992-1627732-1627826-1629599,K. Leonard - B. Bogdanović - B. Simmons - I. Zubac - A. Coffey,1610612746,2024-25
202695-203992-1627739-1627826-1629599,K. Leonard - B. Bogdanović - K. Dunn - I. Zubac - A. Coffey,1610612746,2024-25
201587-201935-203992-1627884-1629234,N. Batum - J. Harden - B. Bogdanović - D. Jones Jr. - D. Eubanks,1610612746,2024-25
201587-201935-1629234-1629599-1641757,N. Batum - J. Harden - D. Eubanks - A. Coffey - J. Miller,1610612746,2024-25
201587-201935-1627826-1629599-1629645,N. Batum - J. Harden - I. Zubac - A. Coffey - K. Porter Jr.,1610612746,2024-25
201587-201935-202695-1626181-1627739,N. Batum - J. Harden - K. Leonard - N. Powell - K. Dunn,1610612746,2024-25
201587-202695-203992-1627884-1629599,N. Batum - K. Leonard - B. Bogdanović - D. Jones Jr. - A. Coffey,1610612746,2024-25
201587-202695-203992-1627884-1629234,N. Batum - K. Leonard - B. Bogdanović - D. Jones Jr. - D. Eubanks,1610612746,2024-25
201935-203992-1627732-1627826-1627884,J. Harden - B. Bogdanović - B. Simmons - I. Zubac - D. Jones Jr.,1610612746,2024-25
201935-202695-1626181-1627884-1629599,J. Harden - K. Leonard - N. Powell - D. Jones Jr. - A. Coffey,1610612746,2024-25
201935-1626181-1629599-1629611-1629645,J. Harden - N. Powell - A. Coffey - T. Mann - K. Porter Jr.,1610612746,2024-25
201935-1626181-1627884-1629599-1641738,J. Harden - N. Powell - D. Jones Jr. - A. Coffey - K. Brown,1610612746,2024-25
201935-1626181-1627884-1628964-1629599,J. Harden - N. Powell - D. Jones Jr. - M. Bamba - A. Coffey,1610612746,2024-25
201935-1626181-1627739-1627884-1629599,J. Harden - N. Powell - K. Dunn - D. Jones Jr. - A. Coffey,1610612746,2024-25
202695-203992-1627884-1629599-1641738,K. Leonard - B. Bogdanović - D. Jones Jr. - A. Coffey - K. Brown,1610612746,2024-25
202695-1626181-1629599-1629611-1629645,K. Leonard - N. Powell - A. Coffey - T. Mann - K. Porter Jr.,1610612746,2024-25
202695-1626181-1627739-1629234-1629599,K. Leonard - N. Powell - K. Dunn - D. Eubanks - A. Coffey,1610612746,2024-25
201587-201935-1627739-1627884-1629599,N. Batum - J. Harden - K. Dunn - D. Jones Jr. - A. Coffey,1610612746,2024-25
201587-201935-1627739-1627826-1627884,N. Batum - J. Harden - K. Dunn - I. Zubac - D. Jones Jr.,1610612746,2024-25
201587-201935-1627739-1627826-1629645,N. Batum - J. Harden - K. Dunn - I. Zubac - K. Porter Jr.,1610612746,2024-25
201587-201935-202695-203992-1627826,N. Batum - J. Harden - K. Leonard - B. Bogdanović - I. Zubac,1610612746,2024-25
201587-201935-202695-1626181-1627826,N. Batum - J. Harden - K. Leonard - N. Powell - I. Zubac,1610612746,2024-25
201587-202695-203992-1627826-1629599,N. Batum - K. Leonard - B. Bogdanović - I. Zubac - A. Coffey,1610612746,2024-25
201587-202695-203992-1626181-1627884,N. Batum - K. Leonard - B. Bogdanović - N. Powell - D. Jones Jr.,1610612746,2024-25
201587-202695-1627826-1629599-1629645,N. Batum - K. Leonard - I. Zubac - A. Coffey - K. Porter Jr.,1610612746,2024-25
201935-203992-1627732-1627826-1630699,J. Harden - B. Bogdanović - B. Simmons - I. Zubac - M. Beauchamp,1610612746,2024-25
201935-203992-1627732-1627739-1641738,J. Harden - B. Bogdanović - B. Simmons - K. Dunn - K. Brown,1610612746,2024-25
201935-203992-1627884-1629234-1629599,J. Harden - B. Bogdanović - D. Jones Jr. - D. Eubanks - A. Coffey,1610612746,2024-25
201935-203992-1627826-1627884-1641738,J. Harden - B. Bogdanović - I. Zubac - D. Jones Jr. - K. Brown,1610612746,2024-25
201935-1627826-1629599-1629611-1641757,J. Harden - I. Zubac - A. Coffey - T. Mann - J. Miller,1610612746,2024-25
201935-1627739-1627884-1629599-1641738,J. Harden - K. Dunn - D. Jones Jr. - A. Coffey - K. Brown,1610612746,2024-25
201935-1626181-1627739-1627884-1630539,J. Harden - N. Powell - K. Dunn - D. Jones Jr. - K. Jones,1610612746,2024-25
202695-203992-1627739-1629234-1641738,K. Leonard - B. Bogdanović - K. Dunn - D. Eubanks - K. Brown,1610612746,2024-25
202695-203992-1626181-1627732-1627884,K. Leonard - B. Bogdanović - N. Powell - B. Simmons - D. Jones Jr.,1610612746,2024-25
202695-1627826-1629599-1629611-1629645,K. Leonard - I. Zubac - A. Coffey - T. Mann - K. Porter Jr.,1610612746,2024-25
201587-201935-203992-1629234-1629599,N. Batum - J. Harden - B. Bogdanović - D. Eubanks - A. Coffey,1610612746,2024-25
201587-201935-203992-1627739-1627884,N. Batum - J. Harden - B. Bogdanović - K. Dunn - D. Jones Jr.,1610612746,2024-25
201587-201935-1627739-1628964-1629599,N. Batum - J. Harden - K. Dunn - M. Bamba - A. Coffey,1610612746,2024-25
201587-202695-203992-1627826-1627884,N. Batum - K. Leonard - B. Bogdanović - I. Zubac - D. Jones Jr.,1610612746,2024-25
201587-202695-1627739-1629599-1629611,N. Batum - K. Leonard - K. Dunn - A. Coffey - T. Mann,1610612746,2024-25
201587-202695-1627739-1627826-1629599,N. Batum - K. Leonard - K. Dunn - I. Zubac - A. Coffey,1610612746,2024-25
201935-1629599-1629611-1629645-1641738,J. Harden - A. Coffey - T. Mann - K. Porter Jr. - K. Brown,1610612746,2024-25
201935-1629599-1629611-1629645-1630539,J. Harden - A. Coffey - T. Mann - K. Porter Jr. - K. Jones,1610612746,2024-25
201935-203992-1627732-1627739-1629599,J. Harden - B. Bogdanović - B. Simmons - K. Dunn - A. Coffey,1610612746,2024-25
201935-203992-1627732-1627739-1627826,J. Harden - B. Bogdanović - B. Simmons - K. Dunn - I. Zubac,1610612746,2024-25
201935-203992-1627884-1629599-1641738,J. Harden - B. Bogdanović - D. Jones Jr. - A. Coffey - K. Brown,1610612746,2024-25
201935-203992-1627739-1627826-1627884,J. Harden - B. Bogdanović - K. Dunn - I. Zubac - D. Jones Jr.,1610612746,2024-25
201935-1627732-1627739-1627826-1629599,J. Harden - B. Simmons - K. Dunn - I. Zubac - A. Coffey,1610612746,2024-25
201935-1627884-1628964-1629599-1629645,J. Harden - D. Jones Jr. - M. Bamba - A. Coffey - K. Porter Jr.,1610612746,2024-25
201935-1627884-1629611-1629645-1630539,J. Harden - D. Jones Jr. - T. Mann - K. Porter Jr. - K. Jones,1610612746,2024-25
201935-1627826-1627884-1629599-1642353,J. Harden - I. Zubac - D. Jones Jr. - A. Coffey - C. Christie,1610612746,2024-25
201935-1627739-1629599-1629645-1630539,J. Harden - K. Dunn - A. Coffey - K. Porter Jr. - K. Jones,1610612746,2024-25
201935-202695-203992-1627884-1629234,J. Harden - K. Leonard - B. Bogdanović - D. Jones Jr. - D. Eubanks,1610612746,2024-25
201935-1628964-1629599-1629645-1630538,J. Harden - M. Bamba - A. Coffey - K. Porter Jr. - B. Hyland,1610612746,2024-25
201935-1626181-1627739-1628964-1629599,J. Harden - N. Powell - K. Dunn - M. Bamba - A. Coffey,1610612746,2024-25
202695-1627739-1627826-1627884-1629599,K. Leonard - K. Dunn - I. Zubac - D. Jones Jr. - A. Coffey,1610612746,2024-25
201587-201935-203992-1627732-1641738,N. Batum - J. Harden - B. Bogdanović - B. Simmons - K. Brown,1610612746,2024-25
201587-201935-203992-1627732-1627739,N. Batum - J. Harden - B. Bogdanović - B. Simmons - K. Dunn,1610612746,2024-25
201587-201935-203992-1626181-1627739,N. Batum - J. Harden - B. Bogdanović - N. Powell - K. Dunn,1610612746,2024-25
201587-201935-1627884-1628964-1629611,N. Batum - J. Harden - D. Jones Jr. - M. Bamba - T. Mann,1610612746,2024-25
201587-201935-1627739-1627884-1629645,N. Batum - J. Harden - K. Dunn - D. Jones Jr. - K. Porter Jr.,1610612746,2024-25
201587-201935-1626181-1627739-1629599,N. Batum - J. Harden - N. Powell - K. Dunn - A. Coffey,1610612746,2024-25
201587-201935-1626181-1627739-1629611,N. Batum - J. Harden - N. Powell - K. Dunn - T. Mann,1610612746,2024-25
201587-201935-1626181-1628964-1629599,N. Batum - J. Harden - N. Powell - M. Bamba - A. Coffey,1610612746,2024-25
201587-201935-1629611-1629645-1641738,N. Batum - J. Harden - T. Mann - K. Porter Jr. - K. Brown,1610612746,2024-25
201587-202695-1627739-1628964-1629599,N. Batum - K. Leonard - K. Dunn - M. Bamba - A. Coffey,1610612746,2024-25
201572-203081-203507-1627752-1641748,B. Lopez - D. Lillard - G. Antetokounmpo - T. Prince - A. Jackson Jr.,1610612749,2024-25
201572-203081-203507-1627752-1628398,B. Lopez - D. Lillard - G. Antetokounmpo - T. Prince - K. Kuzma,1610612749,2024-25
201572-203081-203507-1627752-1629018,B. Lopez - D. Lillard - G. Antetokounmpo - T. Prince - G. Trent Jr.,1610612749,2024-25
201572-203507-1627752-1628398-1631157,B. Lopez - G. Antetokounmpo - T. Prince - K. Kuzma - R. Rollins,1610612749,2024-25
201572-203081-203507-1627752-1631260,B. Lopez - D. Lillard - G. Antetokounmpo - T. Prince - A. Green,1610612749,2024-25
203114-203507-1626171-1629018-1631260,K. Middleton - G. Antetokounmpo - B. Portis - G. Trent Jr. - A. Green,1610612749,2024-25
201572-203081-203507-1629018-1631260,B. Lopez - D. Lillard - G. Antetokounmpo - G. Trent Jr. - A. Green,1610612749,2024-25
201572-203081-203114-203507-1641748,B. Lopez - D. Lillard - K. Middleton - G. Antetokounmpo - A. Jackson Jr.,1610612749,2024-25
203507-1626171-1629018-1629645-1631260,G. Antetokounmpo - B. Portis - G. Trent Jr. - K. Porter Jr. - A. Green,1610612749,2024-25
201572-203507-1627752-1629645-1631260,B. Lopez - G. Antetokounmpo - T. Prince - K. Porter Jr. - A. Green,1610612749,2024-25
203507-1626153-1626171-1629018-1631260,G. Antetokounmpo - D. Wright - B. Portis - G. Trent Jr. - A. Green,1610612749,2024-25
203507-1628398-1629018-1629645-1631260,G. Antetokounmpo - K. Kuzma - G. Trent Jr. - K. Porter Jr. - A. Green,1610612749,2024-25
201572-203081-203114-203507-1629018,B. Lopez - D. Lillard - K. Middleton - G. Antetokounmpo - G. Trent Jr.,1610612749,2024-25
203081-203114-203507-1626171-1631260,D. Lillard - K. Middleton - G. Antetokounmpo - B. Portis - A. Green,1610612749,2024-25
201572-203081-203507-1627752-1631157,B. Lopez - D. Lillard - G. Antetokounmpo - T. Prince - R. Rollins,1610612749,2024-25
201572-203507-1626153-1627752-1641748,B. Lopez - G. Antetokounmpo - D. Wright - T. Prince - A. Jackson Jr.,1610612749,2024-25
203081-203507-1626171-1627752-1629018,D. Lillard - G. Antetokounmpo - B. Portis - T. Prince - G. Trent Jr.,1610612749,2024-25
201572-203507-1627752-1629018-1631157,B. Lopez - G. Antetokounmpo - T. Prince - G. Trent Jr. - R. Rollins,1610612749,2024-25
201572-203081-203507-1628398-1631260,B. Lopez - D. Lillard - G. Antetokounmpo - K. Kuzma - A. Green,1610612749,2024-25
203507-1626153-1626171-1626192-1631260,G. Antetokounmpo - D. Wright - B. Portis - P. Connaughton - A. Green,1610612749,2024-25
201572-203507-1627752-1629018-1629645,B. Lopez - G. Antetokounmpo - T. Prince - G. Trent Jr. - K. Porter Jr.,1610612749,2024-25
201572-203507-1627752-1631157-1631260,B. Lopez - G. Antetokounmpo - T. Prince - R. Rollins - A. Green,1610612749,2024-25
203507-1626192-1629018-1629645-1631260,G. Antetokounmpo - P. Connaughton - G. Trent Jr. - K. Porter Jr. - A. Green,1610612749,2024-25
201572-203081-203114-203507-1631260,B. Lopez - D. Lillard - K. Middleton - G. Antetokounmpo - A. Green,1610612749,2024-25
201572-203507-1629018-1629645-1631260,B. Lopez - G. Antetokounmpo - G. Trent Jr. - K. Porter Jr. - A. Green,1610612749,2024-25
203507-1626171-1626192-1631157-1631260,G. Antetokounmpo - B. Portis - P. Connaughton - R. Rollins - A. Green,1610612749,2024-25
201572-203507-1626153-1627752-1631260,B. Lopez - G. Antetokounmpo - D. Wright - T. Prince - A. Green,1610612749,2024-25
201572-203507-1627752-1628398-1629645,B. Lopez - G. Antetokounmpo - T. Prince - K. Kuzma - K. Porter Jr.,1610612749,2024-25
203081-203507-1626171-1627752-1631260,D. Lillard - G. Antetokounmpo - B. Portis - T. Prince - A. Green,1610612749,2024-25
201572-203507-1627752-1629018-1641748,B. Lopez - G. Antetokounmpo - T. Prince - G. Trent Jr. - A. Jackson Jr.,1610612749,2024-25
201572-203507-1626153-1627752-1629018,B. Lopez - G. Antetokounmpo - D. Wright - T. Prince - G. Trent Jr.,1610612749,2024-25
201572-203507-1628398-1631157-1631260,B. Lopez - G. Antetokounmpo - K. Kuzma - R. Rollins - A. Green,1610612749,2024-25
203081-203114-203507-1626171-1641748,D. Lillard - K. Middleton - G. Antetokounmpo - B. Portis - A. Jackson Jr.,1610612749,2024-25
203507-1626153-1626171-1626192-1641748,G. Antetokounmpo - D. Wright - B. Portis - P. Connaughton - A. Jackson Jr.,1610612749,2024-25
203081-203507-1626171-1627752-1641748,D. Lillard - G. Antetokounmpo - B. Portis - T. Prince - A. Jackson Jr.,1610612749,2024-25
203081-203114-203507-1626171-1629018,D. Lillard - K. Middleton - G. Antetokounmpo - B. Portis - G. Trent Jr.,1610612749,2024-25
201572-203114-203507-1629018-1631260,B. Lopez - K. Middleton - G. Antetokounmpo - G. Trent Jr. - A. Green,1610612749,2024-25
203507-1626171-1627752-1629018-1631157,G. Antetokounmpo - B. Portis - T. Prince - G. Trent Jr. - R. Rollins,1610612749,2024-25
203507-1627752-1629018-1629645-1630579,G. Antetokounmpo - T. Prince - G. Trent Jr. - K. Porter Jr. - J. Sims,1610612749,2024-25
203507-1627752-1628398-1629018-1631157,G. Antetokounmpo - T. Prince - K. Kuzma - G. Trent Jr. - R. Rollins,1610612749,2024-25
201572-203081-203507-1629018-1641748,B. Lopez - D. Lillard - G. Antetokounmpo - G. Trent Jr. - A. Jackson Jr.,1610612749,2024-25
203081-203507-1626171-1629018-1631260,D. Lillard - G. Antetokounmpo - B. Portis - G. Trent Jr. - A. Green,1610612749,2024-25
203507-1626153-1626171-1626192-1627752,G. Antetokounmpo - D. Wright - B. Portis - P. Connaughton - T. Prince,1610612749,2024-25
203114-203507-1629018-1631157-1631260,K. Middleton - G. Antetokounmpo - G. Trent Jr. - R. Rollins - A. Green,1610612749,2024-25
201572-203081-203507-1631260-1641748,B. Lopez - D. Lillard - G. Antetokounmpo - A. Green - A. Jackson Jr.,1610612749,2024-25
201572-203507-1628398-1629018-1631157,B. Lopez - G. Antetokounmpo - K. Kuzma - G. Trent Jr. - R. Rollins,1610612749,2024-25
203507-1626153-1626171-1626192-1629018,G. Antetokounmpo - D. Wright - B. Portis - P. Connaughton - G. Trent Jr.,1610612749,2024-25
203507-1626153-1626171-1627752-1641748,G. Antetokounmpo - D. Wright - B. Portis - T. Prince - A. Jackson Jr.,1610612749,2024-25
203507-1628398-1629018-1631157-1631260,G. Antetokounmpo - K. Kuzma - G. Trent Jr. - R. Rollins - A. Green,1610612749,2024-25
203507-1626192-1627752-1629018-1629645,G. Antetokounmpo - P. Connaughton - T. Prince - G. Trent Jr. - K. Porter Jr.,1610612749,2024-25
203114-203507-1627752-1629018-1631157,K. Middleton - G. Antetokounmpo - T. Prince - G. Trent Jr. - R. Rollins,1610612749,2024-25
203081-203507-1626171-1626192-1627752,D. Lillard - G. Antetokounmpo - B. Portis - P. Connaughton - T. Prince,1610612749,2024-25
203507-1626153-1626171-1627752-1629018,G. Antetokounmpo - D. Wright - B. Portis - T. Prince - G. Trent Jr.,1610612749,2024-25
203507-1627752-1628398-1629018-1629645,G. Antetokounmpo - T. Prince - K. Kuzma - G. Trent Jr. - K. Porter Jr.,1610612749,2024-25
201572-203081-203114-203507-1631157,B. Lopez - D. Lillard - K. Middleton - G. Antetokounmpo - R. Rollins,1610612749,2024-25
201572-203114-203507-1629018-1631157,B. Lopez - K. Middleton - G. Antetokounmpo - G. Trent Jr. - R. Rollins,1610612749,2024-25
203081-203507-1626171-1626192-1629018,D. Lillard - G. Antetokounmpo - B. Portis - P. Connaughton - G. Trent Jr.,1610612749,2024-25
203081-203507-1626171-1626192-1630699,D. Lillard - G. Antetokounmpo - B. Portis - P. Connaughton - M. Beauchamp,1610612749,2024-25
203081-203507-1626192-1627752-1631260,D. Lillard - G. Antetokounmpo - P. Connaughton - T. Prince - A. Green,1610612749,2024-25
203081-203507-1627752-1628398-1629018,D. Lillard - G. Antetokounmpo - T. Prince - K. Kuzma - G. Trent Jr.,1610612749,2024-25
203507-1626192-1628398-1629018-1631157,G. Antetokounmpo - P. Connaughton - K. Kuzma - G. Trent Jr. - R. Rollins,1610612749,2024-25
203114-203507-1626171-1629018-1631157,K. Middleton - G. Antetokounmpo - B. Portis - G. Trent Jr. - R. Rollins,1610612749,2024-25
201572-203081-203507-1626192-1627752,B. Lopez - D. Lillard - G. Antetokounmpo - P. Connaughton - T. Prince,1610612749,2024-25
201572-203507-1627752-1631260-1641748,B. Lopez - G. Antetokounmpo - T. Prince - A. Green - A. Jackson Jr.,1610612749,2024-25
203081-203507-1626171-1631260-1641748,D. Lillard - G. Antetokounmpo - B. Portis - A. Green - A. Jackson Jr.,1610612749,2024-25
203081-203507-1626171-1626192-1631260,D. Lillard - G. Antetokounmpo - B. Portis - P. Connaughton - A. Green,1610612749,2024-25
203081-203507-1627752-1628398-1629645,D. Lillard - G. Antetokounmpo - T. Prince - K. Kuzma - K. Porter Jr.,1610612749,2024-25
203081-203114-203507-1626192-1631260,D. Lillard - K. Middleton - G. Antetokounmpo - P. Connaughton - A. Green,1610612749,2024-25
203081-203114-203507-1627752-1629018,D. Lillard - K. Middleton - G. Antetokounmpo - T. Prince - G. Trent Jr.,1610612749,2024-25
203507-1626171-1626192-1629018-1631157,G. Antetokounmpo - B. Portis - P. Connaughton - G. Trent Jr. - R. Rollins,1610612749,2024-25
203507-1628398-1629645-1630579-1631260,G. Antetokounmpo - K. Kuzma - K. Porter Jr. - J. Sims - A. Green,1610612749,2024-25
201572-203081-203507-1629645-1631260,B. Lopez - D. Lillard - G. Antetokounmpo - K. Porter Jr. - A. Green,1610612749,2024-25
201572-203081-203507-1626192-1629018,B. Lopez - D. Lillard - G. Antetokounmpo - P. Connaughton - G. Trent Jr.,1610612749,2024-25
201572-203081-203114-203507-1627752,B. Lopez - D. Lillard - K. Middleton - G. Antetokounmpo - T. Prince,1610612749,2024-25
201572-203507-1626153-1629018-1641748,B. Lopez - G. Antetokounmpo - D. Wright - G. Trent Jr. - A. Jackson Jr.,1610612749,2024-25
201572-203507-1626153-1626192-1631260,B. Lopez - G. Antetokounmpo - D. Wright - P. Connaughton - A. Green,1610612749,2024-25
201572-203507-1628398-1629018-1629645,B. Lopez - G. Antetokounmpo - K. Kuzma - G. Trent Jr. - K. Porter Jr.,1610612749,2024-25
201572-203507-1626192-1629018-1631157,B. Lopez - G. Antetokounmpo - P. Connaughton - G. Trent Jr. - R. Rollins,1610612749,2024-25
201572-203507-1631157-1631260-1641748,B. Lopez - G. Antetokounmpo - R. Rollins - A. Green - A. Jackson Jr.,1610612749,2024-25
201572-203114-203507-1627752-1631260,B. Lopez - K. Middleton - G. Antetokounmpo - T. Prince - A. Green,1610612749,2024-25
203081-203507-1626153-1626171-1641748,D. Lillard - G. Antetokounmpo - D. Wright - B. Portis - A. Jackson Jr.,1610612749,2024-25
203081-203507-1626153-1627752-1641748,D. Lillard - G. Antetokounmpo - D. Wright - T. Prince - A. Jackson Jr.,1610612749,2024-25
203081-203114-203507-1629018-1631260,D. Lillard - K. Middleton - G. Antetokounmpo - G. Trent Jr. - A. Green,1610612749,2024-25
203081-203114-203507-1627752-1631260,D. Lillard - K. Middleton - G. Antetokounmpo - T. Prince - A. Green,1610612749,2024-25
203507-1626171-1627752-1628398-1631157,G. Antetokounmpo - B. Portis - T. Prince - K. Kuzma - R. Rollins,1610612749,2024-25
203507-1626171-1627752-1631157-1631260,G. Antetokounmpo - B. Portis - T. Prince - R. Rollins - A. Green,1610612749,2024-25
203114-203507-1626171-1627752-1629018,K. Middleton - G. Antetokounmpo - B. Portis - T. Prince - G. Trent Jr.,1610612749,2024-25
201572-203081-203507-1628398-1629018,B. Lopez - D. Lillard - G. Antetokounmpo - K. Kuzma - G. Trent Jr.,1610612749,2024-25
201572-203507-1626153-1629018-1631260,B. Lopez - G. Antetokounmpo - D. Wright - G. Trent Jr. - A. Green,1610612749,2024-25
203081-203507-1626171-1629018-1641748,D. Lillard - G. Antetokounmpo - B. Portis - G. Trent Jr. - A. Jackson Jr.,1610612749,2024-25
203081-203507-1629018-1630579-1631260,D. Lillard - G. Antetokounmpo - G. Trent Jr. - J. Sims - A. Green,1610612749,2024-25
203081-203114-203507-1626192-1627752,D. Lillard - K. Middleton - G. Antetokounmpo - P. Connaughton - T. Prince,1610612749,2024-25
203081-203114-203507-1627752-1641748,D. Lillard - K. Middleton - G. Antetokounmpo - T. Prince - A. Jackson Jr.,1610612749,2024-25
203507-1626171-1626192-1627752-1631157,G. Antetokounmpo - B. Portis - P. Connaughton - T. Prince - R. Rollins,1610612749,2024-25
203507-1626171-1627752-1631260-1641748,G. Antetokounmpo - B. Portis - T. Prince - A. Green - A. Jackson Jr.,1610612749,2024-25
203507-1626153-1626171-1627752-1631260,G. Antetokounmpo - D. Wright - B. Portis - T. Prince - A. Green,1610612749,2024-25
203507-1626192-1627752-1629018-1641748,G. Antetokounmpo - P. Connaughton - T. Prince - G. Trent Jr. - A. Jackson Jr.,1610612749,2024-25
203507-1626192-1627752-1628398-1631157,G. Antetokounmpo - P. Connaughton - T. Prince - K. Kuzma - R. Rollins,1610612749,2024-25
203507-1627752-1629018-1631157-1631260,G. Antetokounmpo - T. Prince - G. Trent Jr. - R. Rollins - A. Green,1610612749,2024-25
203507-1627752-1629645-1630579-1631260,G. Antetokounmpo - T. Prince - K. Porter Jr. - J. Sims - A. Green,1610612749,2024-25
203114-203507-1626171-1626192-1631260,K. Middleton - G. Antetokounmpo - B. Portis - P. Connaughton - A. Green,1610612749,2024-25
203114-203507-1626171-1626192-1631157,K. Middleton - G. Antetokounmpo - B. Portis - P. Connaughton - R. Rollins,1610612749,2024-25
201572-203081-203507-1626153-1627752,B. Lopez - D. Lillard - G. Antetokounmpo - D. Wright - T. Prince,1610612749,2024-25
201572-203081-203507-1631157-1641748,B. Lopez - D. Lillard - G. Antetokounmpo - R. Rollins - A. Jackson Jr.,1610612749,2024-25
201572-203507-1628398-1629645-1631260,B. Lopez - G. Antetokounmpo - K. Kuzma - K. Porter Jr. - A. Green,1610612749,2024-25
201572-203507-1626192-1627752-1641748,B. Lopez - G. Antetokounmpo - P. Connaughton - T. Prince - A. Jackson Jr.,1610612749,2024-25
203081-203507-1627752-1629018-1631157,D. Lillard - G. Antetokounmpo - T. Prince - G. Trent Jr. - R. Rollins,1610612749,2024-25
203081-203114-203507-1626171-1627752,D. Lillard - K. Middleton - G. Antetokounmpo - B. Portis - T. Prince,1610612749,2024-25
203507-1626171-1626192-1629018-1631260,G. Antetokounmpo - B. Portis - P. Connaughton - G. Trent Jr. - A. Green,1610612749,2024-25
203507-1626153-1626171-1631260-1641748,G. Antetokounmpo - D. Wright - B. Portis - A. Green - A. Jackson Jr.,1610612749,2024-25
203507-1628398-1629018-1629645-1641748,G. Antetokounmpo - K. Kuzma - G. Trent Jr. - K. Porter Jr. - A. Jackson Jr.,1610612749,2024-25
203507-1627752-1629018-1629645-1631260,G. Antetokounmpo - T. Prince - G. Trent Jr. - K. Porter Jr. - A. Green,1610612749,2024-25
203507-1627752-1628398-1629645-1631260,G. Antetokounmpo - T. Prince - K. Kuzma - K. Porter Jr. - A. Green,1610612749,2024-25
203507-1627752-1628398-1629645-1631157,G. Antetokounmpo - T. Prince - K. Kuzma - K. Porter Jr. - R. Rollins,1610612749,2024-25
203114-203507-1626171-1631157-1631260,K. Middleton - G. Antetokounmpo - B. Portis - R. Rollins - A. Green,1610612749,2024-25
203114-203507-1627752-1631157-1631260,K. Middleton - G. Antetokounmpo - T. Prince - R. Rollins - A. Green,1610612749,2024-25
1628392-1628983-1629652-1631114-1641717,I. Hartenstein - S. Gilgeous-Alexander - L. Dort - J. Williams - C. Wallace,1610612760,2024-25
1628392-1628983-1629652-1631096-1631114,I. Hartenstein - S. Gilgeous-Alexander - L. Dort - C. Holmgren - J. Williams,1610612760,2024-25
1628983-1629652-1631096-1631114-1641717,S. Gilgeous-Alexander - L. Dort - C. Holmgren - J. Williams - C. Wallace,1610612760,2024-25
1628392-1628983-1629652-1630598-1631114,I. Hartenstein - S. Gilgeous-Alexander - L. Dort - A. Wiggins - J. Williams,1610612760,2024-25
1628392-1628983-1629652-1630198-1631114,I. Hartenstein - S. Gilgeous-Alexander - L. Dort - I. Joe - J. Williams,1610612760,2024-25
1628983-1629652-1630198-1631114-1641717,S. Gilgeous-Alexander - L. Dort - I. Joe - J. Williams - C. Wallace,1610612760,2024-25
1628983-1629652-1630198-1631096-1631114,S. Gilgeous-Alexander - L. Dort - I. Joe - C. Holmgren - J. Williams,1610612760,2024-25
1628983-1629652-1630598-1631114-1641717,S. Gilgeous-Alexander - L. Dort - A. Wiggins - J. Williams - C. Wallace,1610612760,2024-25
1628983-1629652-1630198-1630598-1631114,S. Gilgeous-Alexander - L. Dort - I. Joe - A. Wiggins - J. Williams,1610612760,2024-25
1628392-1628983-1630198-1631114-1641717,I. Hartenstein - S. Gilgeous-Alexander - I. Joe - J. Williams - C. Wallace,1610612760,2024-25
1628983-1629652-1631114-1631119-1641717,S. Gilgeous-Alexander - L. Dort - J. Williams - J. Williams - C. Wallace,1610612760,2024-25
1628983-1629652-1630198-1630598-1631119,S. Gilgeous-Alexander - L. Dort - I. Joe - A. Wiggins - J. Williams,1610612760,2024-25
1627936-1628983-1629652-1631114-1641717,A. Caruso - S. Gilgeous-Alexander - L. Dort - J. Williams - C. Wallace,1610612760,2024-25
1628983-1629026-1629652-1630198-1631119,S. Gilgeous-Alexander - K. Williams - L. Dort - I. Joe - J. Williams,1610612760,2024-25
1628983-1629652-1630598-1631096-1631114,S. Gilgeous-Alexander - L. Dort - A. Wiggins - C. Holmgren - J. Williams,1610612760,2024-25
1628392-1628983-1630598-1631114-1641717,I. Hartenstein - S. Gilgeous-Alexander - A. Wiggins - J. Williams - C. Wallace,1610612760,2024-25
1628392-1628983-1629652-1630598-1641717,I. Hartenstein - S. Gilgeous-Alexander - L. Dort - A. Wiggins - C. Wallace,1610612760,2024-25
1628392-1628983-1629652-1630198-1641717,I. Hartenstein - S. Gilgeous-Alexander - L. Dort - I. Joe - C. Wallace,1610612760,2024-25
1628983-1629026-1629652-1630198-1630598,S. Gilgeous-Alexander - K. Williams - L. Dort - I. Joe - A. Wiggins,1610612760,2024-25
1628983-1629652-1630598-1631114-1631119,S. Gilgeous-Alexander - L. Dort - A. Wiggins - J. Williams - J. Williams,1610612760,2024-25
1627936-1628392-1628983-1630598-1631114,A. Caruso - I. Hartenstein - S. Gilgeous-Alexander - A. Wiggins - J. Williams,1610612760,2024-25
1627936-1628983-1629026-1630198-1630598,A. Caruso - S. Gilgeous-Alexander - K. Williams - I. Joe - A. Wiggins,1610612760,2024-25
1628983-1629652-1630198-1631119-1641717,S. Gilgeous-Alexander - L. Dort - I. Joe - J. Williams - C. Wallace,1610612760,2024-25
1627936-1628983-1629026-1630198-1631119,A. Caruso - S. Gilgeous-Alexander - K. Williams - I. Joe - J. Williams,1610612760,2024-25
1628392-1628983-1629026-1629652-1630598,I. Hartenstein - S. Gilgeous-Alexander - K. Williams - L. Dort - A. Wiggins,1610612760,2024-25
1628392-1628983-1629026-1629652-1630198,I. Hartenstein - S. Gilgeous-Alexander - K. Williams - L. Dort - I. Joe,1610612760,2024-25
1628983-1629026-1630198-1631119-1641717,S. Gilgeous-Alexander - K. Williams - I. Joe - J. Williams - C. Wallace,1610612760,2024-25
1628983-1629026-1629652-1630198-1641717,S. Gilgeous-Alexander - K. Williams - L. Dort - I. Joe - C. Wallace,1610612760,2024-25
1627936-1628392-1628983-1629652-1641717,A. Caruso - I. Hartenstein - S. Gilgeous-Alexander - L. Dort - C. Wallace,1610612760,2024-25
1628983-1629652-1630598-1631096-1641717,S. Gilgeous-Alexander - L. Dort - A. Wiggins - C. Holmgren - C. Wallace,1610612760,2024-25
1627936-1628392-1628983-1629652-1631114,A. Caruso - I. Hartenstein - S. Gilgeous-Alexander - L. Dort - J. Williams,1610612760,2024-25
1628392-1628983-1629026-1629652-1631096,I. Hartenstein - S. Gilgeous-Alexander - K. Williams - L. Dort - C. Holmgren,1610612760,2024-25
1628983-1630198-1630598-1631119-1641717,S. Gilgeous-Alexander - I. Joe - A. Wiggins - J. Williams - C. Wallace,1610612760,2024-25
1628983-1629652-1630198-1631096-1641717,S. Gilgeous-Alexander - L. Dort - I. Joe - C. Holmgren - C. Wallace,1610612760,2024-25
1627936-1628983-1630198-1630598-1631119,A. Caruso - S. Gilgeous-Alexander - I. Joe - A. Wiggins - J. Williams,1610612760,2024-25
1627936-1628983-1629026-1630598-1641717,A. Caruso - S. Gilgeous-Alexander - K. Williams - A. Wiggins - C. Wallace,1610612760,2024-25
1627936-1628983-1629652-1631096-1631114,A. Caruso - S. Gilgeous-Alexander - L. Dort - C. Holmgren - J. Williams,1610612760,2024-25
1628392-1628983-1629026-1629652-1641717,I. Hartenstein - S. Gilgeous-Alexander - K. Williams - L. Dort - C. Wallace,1610612760,2024-25
1628392-1628983-1630598-1631096-1641717,I. Hartenstein - S. Gilgeous-Alexander - A. Wiggins - C. Holmgren - C. Wallace,1610612760,2024-25
1628983-1629026-1630198-1630598-1631119,S. Gilgeous-Alexander - K. Williams - I. Joe - A. Wiggins - J. Williams,1610612760,2024-25
1628983-1629026-1629652-1631114-1641717,S. Gilgeous-Alexander - K. Williams - L. Dort - J. Williams - C. Wallace,1610612760,2024-25
1628983-1629652-1630198-1631114-1631119,S. Gilgeous-Alexander - L. Dort - I. Joe - J. Williams - J. Williams,1610612760,2024-25
1627936-1628983-1630198-1631119-1641794,A. Caruso - S. Gilgeous-Alexander - I. Joe - J. Williams - D. Jones,1610612760,2024-25
1628392-1628983-1630598-1631096-1631114,I. Hartenstein - S. Gilgeous-Alexander - A. Wiggins - C. Holmgren - J. Williams,1610612760,2024-25
1628392-1628983-1630598-1631114-1642349,I. Hartenstein - S. Gilgeous-Alexander - A. Wiggins - J. Williams - A. Mitchell,1610612760,2024-25
1628983-1629026-1630598-1631119-1641717,S. Gilgeous-Alexander - K. Williams - A. Wiggins - J. Williams - C. Wallace,1610612760,2024-25
1628983-1629026-1630598-1631172-1642349,S. Gilgeous-Alexander - K. Williams - A. Wiggins - O. Dieng - A. Mitchell,1610612760,2024-25
1628983-1629652-1630598-1631119-1641717,S. Gilgeous-Alexander - L. Dort - A. Wiggins - J. Williams - C. Wallace,1610612760,2024-25
1627936-1628983-1629652-1631172-1641717,A. Caruso - S. Gilgeous-Alexander - L. Dort - O. Dieng - C. Wallace,1610612760,2024-25
1628392-1628983-1629026-1631096-1641717,I. Hartenstein - S. Gilgeous-Alexander - K. Williams - C. Holmgren - C. Wallace,1610612760,2024-25
1628392-1628983-1629026-1630198-1641717,I. Hartenstein - S. Gilgeous-Alexander - K. Williams - I. Joe - C. Wallace,1610612760,2024-25
1628983-1629026-1629652-1631096-1641717,S. Gilgeous-Alexander - K. Williams - L. Dort - C. Holmgren - C. Wallace,1610612760,2024-25
1627936-1628392-1628983-1630198-1630598,A. Caruso - I. Hartenstein - S. Gilgeous-Alexander - I. Joe - A. Wiggins,1610612760,2024-25
1627936-1628392-1628983-1629652-1630198,A. Caruso - I. Hartenstein - S. Gilgeous-Alexander - L. Dort - I. Joe,1610612760,2024-25
1627936-1628983-1630598-1631096-1641717,A. Caruso - S. Gilgeous-Alexander - A. Wiggins - C. Holmgren - C. Wallace,1610612760,2024-25
1627936-1628983-1630198-1630598-1641794,A. Caruso - S. Gilgeous-Alexander - I. Joe - A. Wiggins - D. Jones,1610612760,2024-25
1627936-1628983-1629652-1630598-1631114,A. Caruso - S. Gilgeous-Alexander - L. Dort - A. Wiggins - J. Williams,1610612760,2024-25
1628983-1629026-1630198-1631119-1641794,S. Gilgeous-Alexander - K. Williams - I. Joe - J. Williams - D. Jones,1610612760,2024-25
1628983-1629026-1629652-1630598-1641717,S. Gilgeous-Alexander - K. Williams - L. Dort - A. Wiggins - C. Wallace,1610612760,2024-25
1628983-1629026-1629652-1641717-1642349,S. Gilgeous-Alexander - K. Williams - L. Dort - C. Wallace - A. Mitchell,1610612760,2024-25
1627936-1628983-1630598-1631119-1641717,A. Caruso - S. Gilgeous-Alexander - A. Wiggins - J. Williams - C. Wallace,1610612760,2024-25
1627936-1628983-1629026-1630598-1631119,A. Caruso - S. Gilgeous-Alexander - K. Williams - A. Wiggins - J. Williams,1610612760,2024-25
1627936-1628983-1629652-1630598-1631096,A. Caruso - S. Gilgeous-Alexander - L. Dort - A. Wiggins - C. Holmgren,1610612760,2024-25
1628983-1629026-1629652-1630598-1642349,S. Gilgeous-Alexander - K. Williams - L. Dort - A. Wiggins - A. Mitchell,1610612760,2024-25
1628983-1629026-1629652-1630598-1631119,S. Gilgeous-Alexander - K. Williams - L. Dort - A. Wiggins - J. Williams,1610612760,2024-25
1627936-1628983-1641717-1641794-1642349,A. Caruso - S. Gilgeous-Alexander - C. Wallace - D. Jones - A. Mitchell,1610612760,2024-25
1627936-1628983-1630198-1630598-1631114,A. Caruso - S. Gilgeous-Alexander - I. Joe - A. Wiggins - J. Williams,1610612760,2024-25
1627936-1628983-1629652-1630198-1631096,A. Caruso - S. Gilgeous-Alexander - L. Dort - I. Joe - C. Holmgren,1610612760,2024-25
1627936-1628983-1629652-1630198-1631119,A. Caruso - S. Gilgeous-Alexander - L. Dort - I. Joe - J. Williams,1610612760,2024-25
1628392-1628983-1629652-1631096-1641717,I. Hartenstein - S. Gilgeous-Alexander - L. Dort - C. Holmgren - C. Wallace,1610612760,2024-25
1628983-1630598-1631114-1631119-1641717,S. Gilgeous-Alexander - A. Wiggins - J. Williams - J. Williams - C. Wallace,1610612760,2024-25
1628983-1630198-1631096-1641717-1642349,S. Gilgeous-Alexander - I. Joe - C. Holmgren - C. Wallace - A. Mitchell,1610612760,2024-25
1628983-1629026-1629652-1631096-1631114,S. Gilgeous-Alexander - K. Williams - L. Dort - C. Holmgren - J. Williams,1610612760,2024-25
1628983-1629026-1629652-1631114-1642349,S. Gilgeous-Alexander - K. Williams - L. Dort - J. Williams - A. Mitchell,1610612760,2024-25
1628983-1629652-1630198-1630598-1631096,S. Gilgeous-Alexander - L. Dort - I. Joe - A. Wiggins - C. Holmgren,1610612760,2024-25
1628983-1629652-1630198-1641717-1641794,S. Gilgeous-Alexander - L. Dort - I. Joe - C. Wallace - D. Jones,1610612760,2024-25
1628983-1629652-1631114-1641717-1642349,S. Gilgeous-Alexander - L. Dort - J. Williams - C. Wallace - A. Mitchell,1610612760,2024-25
1627936-1628983-1630198-1631096-1641717,A. Caruso - S. Gilgeous-Alexander - I. Joe - C. Holmgren - C. Wallace,1610612760,2024-25
1627936-1628983-1629026-1631114-1641794,A. Caruso - S. Gilgeous-Alexander - K. Williams - J. Williams - D. Jones,1610612760,2024-25
1627936-1628983-1629652-1630198-1641717,A. Caruso - S. Gilgeous-Alexander - L. Dort - I. Joe - C. Wallace,1610612760,2024-25
1627936-1628983-1629652-1630198-1631114,A. Caruso - S. Gilgeous-Alexander - L. Dort - I. Joe - J. Williams,1610612760,2024-25
1628392-1628983-1629026-1629652-1631114,I. Hartenstein - S. Gilgeous-Alexander - K. Williams - L. Dort - J. Williams,1610612760,2024-25
1628983-1630198-1631119-1641717-1642349,S. Gilgeous-Alexander - I. Joe - J. Williams - C. Wallace - A. Mitchell,1610612760,2024-25
1628983-1629026-1629652-1630198-1631114,S. Gilgeous-Alexander - K. Williams - L. Dort - I. Joe - J. Williams,1610612760,2024-25
1628983-1629026-1629652-1631119-1641717,S. Gilgeous-Alexander - K. Williams - L. Dort - J. Williams - C. Wallace,1610612760,2024-25
1628983-1629652-1630198-1631119-1631172,S. Gilgeous-Alexander - L. Dort - I. Joe - J. Williams - O. Dieng,1610612760,2024-25
1627936-1628983-1630598-1631119-1641794,A. Caruso - S. Gilgeous-Alexander - A. Wiggins - J. Williams - D. Jones,1610612760,2024-25
1627936-1628983-1630598-1631172-1642382,A. Caruso - S. Gilgeous-Alexander - A. Wiggins - O. Dieng - B. Carlson,1610612760,2024-25
1627936-1628983-1631096-1631114-1641717,A. Caruso - S. Gilgeous-Alexander - C. Holmgren - J. Williams - C. Wallace,1610612760,2024-25
1627936-1628983-1630198-1630598-1641717,A. Caruso - S. Gilgeous-Alexander - I. Joe - A. Wiggins - C. Wallace,1610612760,2024-25
1627936-1628983-1629026-1630598-1631114,A. Caruso - S. Gilgeous-Alexander - K. Williams - A. Wiggins - J. Williams,1610612760,2024-25
1627936-1628983-1629026-1641717-1642382,A. Caruso - S. Gilgeous-Alexander - K. Williams - C. Wallace - B. Carlson,1610612760,2024-25
1628392-1628983-1629026-1630198-1641794,I. Hartenstein - S. Gilgeous-Alexander - K. Williams - I. Joe - D. Jones,1610612760,2024-25
1628392-1628983-1629026-1631114-1641717,I. Hartenstein - S. Gilgeous-Alexander - K. Williams - J. Williams - C. Wallace,1610612760,2024-25
1628392-1628983-1629652-1630198-1642349,I. Hartenstein - S. Gilgeous-Alexander - L. Dort - I. Joe - A. Mitchell,1610612760,2024-25
1628392-1628983-1629652-1630198-1631096,I. Hartenstein - S. Gilgeous-Alexander - L. Dort - I. Joe - C. Holmgren,1610612760,2024-25
1628392-1628983-1629652-1631114-1642349,I. Hartenstein - S. Gilgeous-Alexander - L. Dort - J. Williams - A. Mitchell,1610612760,2024-25
1628983-1630198-1630598-1631114-1641717,S. Gilgeous-Alexander - I. Joe - A. Wiggins - J. Williams - C. Wallace,1610612760,2024-25
1628983-1630198-1630598-1631119-1641794,S. Gilgeous-Alexander - I. Joe - A. Wiggins - J. Williams - D. Jones,1610612760,2024-25
1628983-1630198-1630598-1631114-1631119,S. Gilgeous-Alexander - I. Joe - A. Wiggins - J. Williams - J. Williams,1610612760,2024-25
1628983-1629026-1630598-1641717-1642349,S. Gilgeous-Alexander - K. Williams - A. Wiggins - C. Wallace - A. Mitchell,1610612760,2024-25
1628983-1629026-1630598-1641717-1641794,S. Gilgeous-Alexander - K. Williams - A. Wiggins - C. Wallace - D. Jones,1610612760,2024-25
1628983-1629652-1631096-1631119-1641717,S. Gilgeous-Alexander - L. Dort - C. Holmgren - J. Williams - C. Wallace,1610612760,2024-25
1628983-1629652-1630198-1631119-1642349,S. Gilgeous-Alexander - L. Dort - I. Joe - J. Williams - A. Mitchell,1610612760,2024-25
1628983-1629652-1631114-1641717-1641794,S. Gilgeous-Alexander - L. Dort - J. Williams - C. Wallace - D. Jones,1610612760,2024-25
1627936-1628392-1628983-1630198-1641717,A. Caruso - I. Hartenstein - S. Gilgeous-Alexander - I. Joe - C. Wallace,1610612760,2024-25
1627936-1628392-1628983-1630198-1631114,A. Caruso - I. Hartenstein - S. Gilgeous-Alexander - I. Joe - J. Williams,1610612760,2024-25
1627936-1628392-1628983-1631114-1642349,A. Caruso - I. Hartenstein - S. Gilgeous-Alexander - J. Williams - A. Mitchell,1610612760,2024-25
1627936-1628983-1630598-1631114-1641717,A. Caruso - S. Gilgeous-Alexander - A. Wiggins - J. Williams - C. Wallace,1610612760,2024-25
1627936-1628983-1630198-1630598-1631096,A. Caruso - S. Gilgeous-Alexander - I. Joe - A. Wiggins - C. Holmgren,1610612760,2024-25
1627936-1628983-1630198-1630598-1631172,A. Caruso - S. Gilgeous-Alexander - I. Joe - A. Wiggins - O. Dieng,1610612760,2024-25
1627936-1628983-1629026-1630198-1641717,A. Caruso - S. Gilgeous-Alexander - K. Williams - I. Joe - C. Wallace,1610612760,2024-25
1627936-1628983-1629652-1641745-1641794,A. Caruso - S. Gilgeous-Alexander - L. Dort - A. Flagler - D. Jones,1610612760,2024-25
1627936-1628983-1629652-1630598-1631119,A. Caruso - S. Gilgeous-Alexander - L. Dort - A. Wiggins - J. Williams,1610612760,2024-25
1627936-1628983-1629652-1631096-1641717,A. Caruso - S. Gilgeous-Alexander - L. Dort - C. Holmgren - C. Wallace,1610612760,2024-25
1627936-1628983-1629652-1641717-1642349,A. Caruso - S. Gilgeous-Alexander - L. Dort - C. Wallace - A. Mitchell,1610612760,2024-25
1628392-1628983-1629026-1630598-1631114,I. Hartenstein - S. Gilgeous-Alexander - K. Williams - A. Wiggins - J. Williams,1610612760,2024-25
1628392-1628983-1629652-1641717-1642349,I. Hartenstein - S. Gilgeous-Alexander - L. Dort - C. Wallace - A. Mitchell,1610612760,2024-25
1628983-1630598-1631114-1631172-1641717,S. Gilgeous-Alexander - A. Wiggins - J. Williams - O. Dieng - C. Wallace,1610612760,2024-25
1628983-1629026-1641717-1641794-1642349,S. Gilgeous-Alexander - K. Williams - C. Wallace - D. Jones - A. Mitchell,1610612760,2024-25
1628983-1629026-1629652-1630198-1631096,S. Gilgeous-Alexander - K. Williams - L. Dort - I. Joe - C. Holmgren,1610612760,2024-25
1628983-1629652-1630598-1641717-1641794,S. Gilgeous-Alexander - L. Dort - A. Wiggins - C. Wallace - D. Jones,1610612760,2024-25
1628983-1629652-1630598-1631172-1641717,S. Gilgeous-Alexander - L. Dort - A. Wiggins - O. Dieng - C. Wallace,1610612760,2024-25
1628983-1629652-1630198-1630598-1641717,S. Gilgeous-Alexander - L. Dort - I. Joe - A. Wiggins - C. Wallace,1610612760,2024-25
1627936-1628392-1628983-1631114-1641717,A. Caruso - I. Hartenstein - S. Gilgeous-Alexander - J. Williams - C. Wallace,1610612760,2024-25
1627936-1628392-1628983-1629026-1641717,A. Caruso - I. Hartenstein - S. Gilgeous-Alexander - K. Williams - C. Wallace,1610612760,2024-25
1627936-1628983-1630198-1631119-1631172,A. Caruso - S. Gilgeous-Alexander - I. Joe - J. Williams - O. Dieng,1610612760,2024-25
1627936-1628983-1629026-1631114-1641717,A. Caruso - S. Gilgeous-Alexander - K. Williams - J. Williams - C. Wallace,1610612760,2024-25
1627936-1628983-1629026-1629652-1630598,A. Caruso - S. Gilgeous-Alexander - K. Williams - L. Dort - A. Wiggins,1610612760,2024-25
1627936-1628983-1629652-1630598-1641717,A. Caruso - S. Gilgeous-Alexander - L. Dort - A. Wiggins - C. Wallace,1610612760,2024-25
1628392-1628983-1630198-1630598-1641717,I. Hartenstein - S. Gilgeous-Alexander - I. Joe - A. Wiggins - C. Wallace,1610612760,2024-25
1628392-1628983-1629652-1630198-1630598,I. Hartenstein - S. Gilgeous-Alexander - L. Dort - I. Joe - A. Wiggins,1610612760,2024-25
1628983-1630598-1631119-1631172-1641717,S. Gilgeous-Alexander - A. Wiggins - J. Williams - O. Dieng - C. Wallace,1610612760,2024-25
1628983-1629026-1630598-1631114-1631119,S. Gilgeous-Alexander - K. Williams - A. Wiggins - J. Williams - J. Williams,1610612760,2024-25
1628983-1629026-1629652-1630598-1631096,S. Gilgeous-Alexander - K. Williams - L. Dort - A. Wiggins - C. Holmgren,1610612760,2024-25
1628983-1629026-1629652-1630198-1641794,S. Gilgeous-Alexander - K. Williams - L. Dort - I. Joe - D. Jones,1610612760,2024-25
1628983-1629652-1630598-1631096-1631119,S. Gilgeous-Alexander - L. Dort - A. Wiggins - C. Holmgren - J. Williams,1610612760,2024-25
